POS A C D E F G H I K L M N P Q R S T V W Y -
1 0.000804505229284 0.0 0.0 0.0 0.00362027353178 0.0 0.000804505229284 0.00120675784393 0.000804505229284 0.00281576830249 0.0048270313757 0.0 0.00120675784393 0.0 0.000402252614642 0.000402252614642 0.000804505229284 0.00201126307321 0.00120675784393 0.000804505229284 0.978278358809
2 0.0 0.0 0.0 0.0 0.0148833467418 0.0 0.0 0.000402252614642 0.000804505229284 0.00241351568785 0.0 0.0 0.0 0.0 0.0 0.00120675784393 0.0 0.0 0.00241351568785 0.00120675784393 0.976669348351
3 0.00402252614642 0.00120675784393 0.00362027353178 0.00362027353178 0.000402252614642 0.00201126307321 0.0 0.0 0.00160901045857 0.0 0.0 0.00321802091714 0.0 0.00120675784393 0.000804505229284 0.00362027353178 0.00120675784393 0.00120675784393 0.000402252614642 0.0 0.971842316975
4 0.00120675784393 0.000804505229284 0.00402252614642 0.00201126307321 0.000804505229284 0.00120675784393 0.00120675784393 0.000402252614642 0.00120675784393 0.00120675784393 0.000402252614642 0.00522928399035 0.000402252614642 0.00160901045857 0.0076427996782 0.00402252614642 0.00241351568785 0.000804505229284 0.0 0.0 0.963395012068
5 0.000804505229284 0.000402252614642 0.0 0.0 0.0 0.000402252614642 0.0 0.00683829444891 0.000402252614642 0.0104585679807 0.00160901045857 0.000402252614642 0.0 0.0 0.0 0.000402252614642 0.00160901045857 0.0124698310539 0.0 0.000804505229284 0.963395012068
6 0.00160901045857 0.0 0.00281576830249 0.00362027353178 0.00120675784393 0.000402252614642 0.000804505229284 0.0 0.00362027353178 0.00362027353178 0.000402252614642 0.00241351568785 0.00844730490748 0.000804505229284 0.00201126307321 0.00321802091714 0.00362027353178 0.00160901045857 0.000402252614642 0.000402252614642 0.958970233307
7 0.00402252614642 0.0 0.000804505229284 0.00522928399035 0.000402252614642 0.000402252614642 0.000804505229284 0.000804505229284 0.00321802091714 0.00321802091714 0.00281576830249 0.00321802091714 0.00362027353178 0.00442477876106 0.00402252614642 0.00241351568785 0.00281576830249 0.0 0.0 0.00120675784393 0.956556717619
8 0.00925181013677 0.0 0.00120675784393 0.000804505229284 0.00160901045857 0.00362027353178 0.000402252614642 0.00683829444891 0.00241351568785 0.0104585679807 0.00160901045857 0.0 0.00321802091714 0.000804505229284 0.000402252614642 0.00321802091714 0.00120675784393 0.00362027353178 0.0 0.00321802091714 0.946098149638
9 0.00683829444891 0.0 0.00120675784393 0.0048270313757 0.00160901045857 0.00362027353178 0.000402252614642 0.00120675784393 0.00643604183427 0.00281576830249 0.000402252614642 0.0 0.0132743362832 0.00362027353178 0.00201126307321 0.00362027353178 0.00281576830249 0.00241351568785 0.0 0.000804505229284 0.942075623492
10 0.00402252614642 0.000402252614642 0.00120675784393 0.00402252614642 0.000402252614642 0.00160901045857 0.000402252614642 0.00241351568785 0.0048270313757 0.00281576830249 0.000402252614642 0.000402252614642 0.0261464199517 0.00321802091714 0.000804505229284 0.00321802091714 0.00241351568785 0.00321802091714 0.0 0.0 0.938053097345
11 0.000402252614642 0.0 0.0241351568785 0.00281576830249 0.00120675784393 0.00201126307321 0.000804505229284 0.00120675784393 0.00201126307321 0.00201126307321 0.0 0.00402252614642 0.000804505229284 0.000804505229284 0.000804505229284 0.0136765888978 0.00120675784393 0.000804505229284 0.0 0.00442477876106 0.936846339501
12 0.00884955752212 0.0 0.00241351568785 0.00563153660499 0.00120675784393 0.0048270313757 0.000804505229284 0.000804505229284 0.00522928399035 0.00281576830249 0.000402252614642 0.00201126307321 0.0176991150442 0.000804505229284 0.00120675784393 0.00643604183427 0.00281576830249 0.00281576830249 0.0 0.000402252614642 0.932823813355
13 0.00201126307321 0.0 0.0 0.00201126307321 0.00321802091714 0.000804505229284 0.000804505229284 0.0313757039421 0.000804505229284 0.00402252614642 0.00241351568785 0.00120675784393 0.000804505229284 0.0 0.000402252614642 0.00120675784393 0.00603378921963 0.00884955752212 0.00160901045857 0.000804505229284 0.931617055511
14 0.00321802091714 0.000402252614642 0.00120675784393 0.00201126307321 0.0176991150442 0.00241351568785 0.00120675784393 0.00281576830249 0.000804505229284 0.015687851971 0.00160901045857 0.00160901045857 0.000402252614642 0.000804505229284 0.00724054706356 0.00201126307321 0.00241351568785 0.00281576830249 0.000402252614642 0.00120675784393 0.932019308126
15 0.0120675784393 0.0 0.00201126307321 0.0076427996782 0.000804505229284 0.00804505229284 0.000804505229284 0.000804505229284 0.00724054706356 0.00120675784393 0.000402252614642 0.00201126307321 0.000804505229284 0.0048270313757 0.0076427996782 0.00643604183427 0.0048270313757 0.000804505229284 0.0 0.000804505229284 0.930812550282
16 0.00442477876106 0.000402252614642 0.0 0.000402252614642 0.00160901045857 0.00120675784393 0.0 0.015687851971 0.00120675784393 0.0233306516492 0.00281576830249 0.000402252614642 0.00120675784393 0.0048270313757 0.0 0.00321802091714 0.00281576830249 0.010056315366 0.000804505229284 0.000804505229284 0.924778761062
17 0.0136765888978 0.00120675784393 0.00120675784393 0.00201126307321 0.00241351568785 0.00362027353178 0.000804505229284 0.00281576830249 0.00201126307321 0.00321802091714 0.00442477876106 0.00683829444891 0.0 0.00321802091714 0.00201126307321 0.0140788415125 0.00643604183427 0.00402252614642 0.0 0.00120675784393 0.924778761062
18 0.0136765888978 0.0 0.00925181013677 0.0108608205953 0.0 0.00522928399035 0.000804505229284 0.00120675784393 0.0076427996782 0.00120675784393 0.000402252614642 0.00402252614642 0.00120675784393 0.00683829444891 0.00563153660499 0.00362027353178 0.00442477876106 0.000804505229284 0.0 0.0 0.923169750603
19 0.0108608205953 0.0 0.00362027353178 0.0132743362832 0.00120675784393 0.00201126307321 0.00160901045857 0.00281576830249 0.0104585679807 0.0108608205953 0.000402252614642 0.000804505229284 0.00160901045857 0.00643604183427 0.0076427996782 0.00362027353178 0.000804505229284 0.000402252614642 0.0 0.000804505229284 0.920756234916
20 0.0229283990346 0.00241351568785 0.00281576830249 0.00442477876106 0.0160901045857 0.00120675784393 0.000402252614642 0.00522928399035 0.00160901045857 0.0140788415125 0.00281576830249 0.0 0.00281576830249 0.00241351568785 0.00201126307321 0.0048270313757 0.00362027353178 0.0076427996782 0.00281576830249 0.0148833467418 0.884955752212
21 0.015687851971 0.0 0.00442477876106 0.00442477876106 0.00120675784393 0.00563153660499 0.00321802091714 0.00120675784393 0.0209171359614 0.0048270313757 0.00281576830249 0.00683829444891 0.00160901045857 0.00804505229284 0.0136765888978 0.00643604183427 0.00321802091714 0.00281576830249 0.0 0.0 0.893000804505
22 0.0221238938053 0.00201126307321 0.00522928399035 0.0116653258246 0.00160901045857 0.00683829444891 0.000804505229284 0.0048270313757 0.0128720836685 0.00643604183427 0.00201126307321 0.00603378921963 0.00402252614642 0.00522928399035 0.00683829444891 0.00724054706356 0.0048270313757 0.00603378921963 0.0 0.00281576830249 0.880530973451
23 0.0144810941271 0.0 0.0309734513274 0.00844730490748 0.000804505229284 0.00201126307321 0.000804505229284 0.00281576830249 0.00522928399035 0.00804505229284 0.00402252614642 0.00563153660499 0.00362027353178 0.00442477876106 0.00884955752212 0.00724054706356 0.00683829444891 0.0076427996782 0.00120675784393 0.00120675784393 0.875703942076
24 0.01126307321 0.000402252614642 0.00603378921963 0.010056315366 0.000402252614642 0.00563153660499 0.00201126307321 0.00563153660499 0.0181013676589 0.00442477876106 0.000804505229284 0.00563153660499 0.0160901045857 0.00321802091714 0.00844730490748 0.0076427996782 0.0116653258246 0.00683829444891 0.000804505229284 0.00402252614642 0.8708769107
25 0.0140788415125 0.0 0.015687851971 0.0108608205953 0.00402252614642 0.0201126307321 0.00643604183427 0.00442477876106 0.00724054706356 0.00643604183427 0.00281576830249 0.0132743362832 0.01126307321 0.00643604183427 0.015687851971 0.0140788415125 0.0076427996782 0.00563153660499 0.0 0.00362027353178 0.830249396621
26 0.0265486725664 0.000402252614642 0.0374094931617 0.0398230088496 0.00402252614642 0.0233306516492 0.0116653258246 0.00683829444891 0.0458567980692 0.0104585679807 0.00281576830249 0.0160901045857 0.0756234915527 0.0181013676589 0.0289621882542 0.0289621882542 0.016894609815 0.0104585679807 0.000402252614642 0.00281576830249 0.592518101368
27 0.0229283990346 0.00160901045857 0.0997586484312 0.0442477876106 0.00362027353178 0.0756234915527 0.01126307321 0.00643604183427 0.0362027353178 0.00724054706356 0.00321802091714 0.0329847144006 0.0321802091714 0.0193081255028 0.0197103781175 0.02252614642 0.015687851971 0.00925181013677 0.000402252614642 0.00925181013677 0.526548672566
28 0.0353982300885 0.00724054706356 0.0076427996782 0.01126307321 0.0148833467418 0.00844730490748 0.00402252614642 0.0639581657281 0.0337892196299 0.0663716814159 0.0193081255028 0.00281576830249 0.021319388576 0.00965406275141 0.0148833467418 0.0116653258246 0.016894609815 0.113837489944 0.00402252614642 0.0205148833467 0.512067578439
29 0.0172968624296 0.00442477876106 0.00281576830249 0.00160901045857 0.0172968624296 0.00281576830249 0.00603378921963 0.204746580853 0.00281576830249 0.0941271118262 0.00603378921963 0.00160901045857 0.00120675784393 0.000804505229284 0.00804505229284 0.00402252614642 0.0164923572003 0.0687851971038 0.000402252614642 0.0349959774739 0.503620273532
30 0.0148833467418 0.00241351568785 0.127514078842 0.00804505229284 0.00884955752212 0.0108608205953 0.0189058728882 0.00442477876106 0.0136765888978 0.00603378921963 0.00884955752212 0.109814963797 0.0643604183427 0.00603378921963 0.0189058728882 0.0599356395817 0.00281576830249 0.00563153660499 0.000402252614642 0.00643604183427 0.501206757844
31 0.021319388576 0.00563153660499 0.00120675784393 0.0 0.113837489944 0.0048270313757 0.00201126307321 0.00603378921963 0.00160901045857 0.272727272727 0.0450522928399 0.00120675784393 0.00402252614642 0.0 0.00241351568785 0.00402252614642 0.00120675784393 0.010056315366 0.00120675784393 0.00281576830249 0.498793242156
32 0.0780370072405 0.00925181013677 0.0160901045857 0.0116653258246 0.00563153660499 0.0933226065969 0.00643604183427 0.00321802091714 0.00321802091714 0.00603378921963 0.00402252614642 0.0353982300885 0.00241351568785 0.00683829444891 0.0104585679807 0.117055510861 0.043845534996 0.00643604183427 0.0398230088496 0.00201126307321 0.498793242156
33 0.0362027353178 0.00362027353178 0.00603378921963 0.00683829444891 0.0108608205953 0.0333869670153 0.0221238938053 0.0812550281577 0.00683829444891 0.0458567980692 0.0140788415125 0.00965406275141 0.0124698310539 0.0249396621078 0.00925181013677 0.055108608206 0.0293644408689 0.0780370072405 0.0048270313757 0.00965406275141 0.499597747385
34 0.087691069992 0.0048270313757 0.00683829444891 0.00201126307321 0.000804505229284 0.251005631537 0.00201126307321 0.00160901045857 0.000804505229284 0.00281576830249 0.000804505229284 0.049477071601 0.00362027353178 0.00201126307321 0.00442477876106 0.0197103781175 0.00442477876106 0.00402252614642 0.000402252614642 0.00402252614642 0.546661303298
35 0.026950925181 0.00281576830249 0.104585679807 0.0671761866452 0.00442477876106 0.00925181013677 0.0048270313757 0.0120675784393 0.00321802091714 0.0209171359614 0.0124698310539 0.0366049879324 0.00201126307321 0.0189058728882 0.00563153660499 0.0366049879324 0.0136765888978 0.0257441673371 0.00160901045857 0.00724054706356 0.583266291231
36 0.0124698310539 0.00402252614642 0.00442477876106 0.00603378921963 0.0249396621078 0.00603378921963 0.00402252614642 0.0048270313757 0.00281576830249 0.0160901045857 0.00362027353178 0.00844730490748 0.0724054706356 0.00321802091714 0.00402252614642 0.0164923572003 0.00925181013677 0.0136765888978 0.00362027353178 0.0776347546259 0.70193081255
37 0.00804505229284 0.00321802091714 0.0160901045857 0.00281576830249 0.00724054706356 0.00563153660499 0.00321802091714 0.010056315366 0.0048270313757 0.0659694288013 0.0547063555913 0.00241351568785 0.117457763475 0.00281576830249 0.015687851971 0.010056315366 0.0176991150442 0.0124698310539 0.000402252614642 0.00724054706356 0.631938857603
38 0.0265687851971 0.00203137570394 0.10219227675 0.00967417538214 0.00484714400644 0.0398431214803 0.00846741753821 0.00323813354787 0.0016291230893 0.00484714400644 0.0016291230893 0.0309935639582 0.0185237329043 0.00283588093323 0.00565164923572 0.0209372485921 0.0092719227675 0.00364038616251 0.000422365245374 0.00203137570394 0.700724054706
39 0.02252614642 0.000402252614642 0.0132743362832 0.0317779565567 0.0160901045857 0.00362027353178 0.00522928399035 0.0108608205953 0.00563153660499 0.0410297666935 0.00241351568785 0.01126307321 0.0518905872888 0.00321802091714 0.00683829444891 0.0144810941271 0.0108608205953 0.00965406275141 0.00281576830249 0.00643604183427 0.729686242961
40 0.0329847144006 0.00160901045857 0.0398230088496 0.0281576830249 0.0076427996782 0.01126307321 0.00603378921963 0.00241351568785 0.00683829444891 0.00965406275141 0.00201126307321 0.0197103781175 0.00804505229284 0.010056315366 0.0136765888978 0.0430410297667 0.00925181013677 0.00563153660499 0.00120675784393 0.0048270313757 0.736122284795
41 0.0253419147224 0.00241351568785 0.01126307321 0.00804505229284 0.00683829444891 0.0667739340306 0.00965406275141 0.00884955752212 0.00402252614642 0.0603378921963 0.0076427996782 0.00683829444891 0.00844730490748 0.00884955752212 0.0132743362832 0.0172968624296 0.0132743362832 0.00804505229284 0.000402252614642 0.0048270313757 0.707562349155
42 0.0136765888978 0.0048270313757 0.0929203539823 0.0160901045857 0.0675784392599 0.00925181013677 0.0253419147224 0.0164923572003 0.0148833467418 0.0414320193081 0.00442477876106 0.0337892196299 0.00925181013677 0.00965406275141 0.01126307321 0.0172968624296 0.015687851971 0.00804505229284 0.00201126307321 0.00804505229284 0.578037007241
43 0.0172968624296 0.00201126307321 0.0152855993564 0.0108608205953 0.0824617860016 0.016894609815 0.00402252614642 0.01126307321 0.0108608205953 0.0293644408689 0.00402252614642 0.00362027353178 0.167337087691 0.00643604183427 0.00643604183427 0.0164923572003 0.0164923572003 0.0140788415125 0.000402252614642 0.00804505229284 0.55631536605
44 0.0398230088496 0.00120675784393 0.021319388576 0.0277554304103 0.0132743362832 0.0160901045857 0.00683829444891 0.0181013676589 0.0172968624296 0.0366049879324 0.00925181013677 0.00724054706356 0.0872888173773 0.016894609815 0.0261464199517 0.0205148833467 0.0164923572003 0.0205148833467 0.015687851971 0.0104585679807 0.571198712792
45 0.0277554304103 0.0164923572003 0.0048270313757 0.00724054706356 0.00321802091714 0.00442477876106 0.00321802091714 0.0237329042639 0.00643604183427 0.0378117457763 0.0136765888978 0.00281576830249 0.0309734513274 0.00563153660499 0.00241351568785 0.0136765888978 0.0631536604988 0.0659694288013 0.00241351568785 0.00844730490748 0.655671761866
46 0.0450522928399 0.00683829444891 0.0172968624296 0.0108608205953 0.021319388576 0.00442477876106 0.0148833467418 0.0237329042639 0.0172968624296 0.0426387771521 0.00643604183427 0.0104585679807 0.167337087691 0.00844730490748 0.0124698310539 0.0245374094932 0.0136765888978 0.0144810941271 0.00241351568785 0.00724054706356 0.528157683025
47 0.0478881737731 2.01126307321e-05 0.0591512469831 0.0752413515688 0.00323813354787 0.0145012067578 0.00364038616251 0.00886967015286 0.0454746580853 0.0169147224457 0.000824617860016 0.0136967015286 0.101790024135 0.0378318584071 0.0309935639582 0.0261665325825 0.0145012067578 0.00565164923572 0.00122687047466 0.00122687047466 0.491150442478
48 0.0929203539823 0.0116653258246 0.0229283990346 0.0583266291231 0.0253419147224 0.021319388576 0.0229283990346 0.0189058728882 0.0229283990346 0.0285599356396 0.00442477876106 0.010056315366 0.0362027353178 0.0148833467418 0.0201126307321 0.0406275140788 0.0209171359614 0.0321802091714 0.00362027353178 0.010056315366 0.481094127112
49 0.0450522928399 0.00321802091714 0.00120675784393 0.00241351568785 0.0297666934835 0.00120675784393 0.000402252614642 0.117055510861 0.00120675784393 0.0965406275141 0.0189058728882 0.000402252614642 0.00321802091714 0.00120675784393 0.00201126307321 0.00563153660499 0.0076427996782 0.155671761866 0.0281576830249 0.00925181013677 0.469831053902
50 0.0478680611424 0.00522928399035 0.00965406275141 0.015687851971 0.010056315366 0.0104585679807 0.01126307321 0.0498793242156 0.0607401448109 0.0458567980692 0.00925181013677 0.0108608205953 0.00603378921963 0.0398230088496 0.0901045856798 0.0261464199517 0.0277554304103 0.0414320193081 0.000402252614642 0.0048270313757 0.476669348351
51 0.053901850362 0.000804505229284 0.0756234915527 0.117457763475 0.00160901045857 0.00724054706356 0.00884955752212 0.0048270313757 0.0563153660499 0.00925181013677 0.00160901045857 0.0160901045857 0.00804505229284 0.0510860820595 0.0526950925181 0.0281576830249 0.0108608205953 0.00362027353178 0.00201126307321 0.00321802091714 0.486725663717
52 0.236524537409 0.00925181013677 0.00522928399035 0.0217216411907 0.00844730490748 0.0209171359614 0.00844730490748 0.0197103781175 0.0201126307321 0.0281576830249 0.00442477876106 0.0048270313757 0.00241351568785 0.00563153660499 0.015687851971 0.0241351568785 0.0221238938053 0.0273531777957 0.000804505229284 0.0128720836685 0.501206757844
53 0.0575221238938 0.00603378921963 0.00402252614642 0.0152855993564 0.0245374094932 0.00965406275141 0.00321802091714 0.0599356395817 0.00603378921963 0.148833467418 0.0402252614642 0.00160901045857 0.00160901045857 0.0120675784393 0.00925181013677 0.0144810941271 0.0217216411907 0.0470635559131 0.00201126307321 0.015687851971 0.499195494771
54 0.0426387771521 0.000402252614642 0.0341914722446 0.0631536604988 0.00563153660499 0.0120675784393 0.0104585679807 0.00884955752212 0.0599356395817 0.0172968624296 0.00241351568785 0.0273531777957 0.00603378921963 0.0486725663717 0.0728077232502 0.0309734513274 0.0201126307321 0.00884955752212 0.00241351568785 0.00362027353178 0.522123893805
55 0.113032984714 0.00603378921963 0.0172968624296 0.0490748189863 0.00603378921963 0.00925181013677 0.0108608205953 0.0116653258246 0.0285599356396 0.0209171359614 0.00362027353178 0.0189058728882 0.00321802091714 0.0261464199517 0.0675784392599 0.0394207562349 0.0189058728882 0.0249396621078 0.00321802091714 0.0144810941271 0.506838294449
56 0.0518905872888 0.00362027353178 0.00522928399035 0.00603378921963 0.0209171359614 0.00683829444891 0.00402252614642 0.0643604183427 0.00321802091714 0.129927594529 0.0237329042639 0.00925181013677 0.00321802091714 0.00281576830249 0.00724054706356 0.0152855993564 0.00965406275141 0.055108608206 0.0104585679807 0.0285599356396 0.538616251006
57 0.0631536604988 0.00321802091714 0.0422365245374 0.0366049879324 0.00844730490748 0.0446500402253 0.00683829444891 0.0140788415125 0.0285599356396 0.0418342719228 0.0076427996782 0.0185036202735 0.00804505229284 0.0281576830249 0.0514883346742 0.043845534996 0.0233306516492 0.0172968624296 0.00160901045857 0.00402252614642 0.506436041834
58 0.0261464199517 0.00160901045857 0.0305711987128 0.0430410297667 0.00321802091714 0.01126307321 0.00563153660499 0.00683829444891 0.021319388576 0.00683829444891 0.00442477876106 0.0221238938053 0.00563153660499 0.0181013676589 0.0261464199517 0.0285599356396 0.0164923572003 0.00603378921963 0.000804505229284 0.00160901045857 0.713596138375
59 0.0233306516492 0.000804505229284 0.0245374094932 0.0164923572003 0.00321802091714 0.0317779565567 0.00402252614642 0.00402252614642 0.0108608205953 0.0136765888978 0.00563153660499 0.0181013676589 0.0575221238938 0.01126307321 0.0148833467418 0.0217216411907 0.0164923572003 0.00925181013677 0.00160901045857 0.00402252614642 0.706757843926
60 0.043845534996 0.00362027353178 0.0458567980692 0.0313757039421 0.00884955752212 0.0301689460981 0.0321802091714 0.0108608205953 0.0241351568785 0.0233306516492 0.00522928399035 0.0273531777957 0.0353982300885 0.0201126307321 0.0305711987128 0.0418342719228 0.0349959774739 0.0249396621078 0.00281576830249 0.00683829444891 0.515687851971
61 0.0366049879324 0.00241351568785 0.0394207562349 0.043845534996 0.0076427996782 0.102574416734 0.0201126307321 0.00884955752212 0.0321802091714 0.0390185036203 0.00563153660499 0.0305711987128 0.0289621882542 0.0265486725664 0.0349959774739 0.0474658085278 0.026950925181 0.0132743362832 0.00683829444891 0.00844730490748 0.43765084473
62 0.0615446500402 0.00965406275141 0.0313757039421 0.0144810941271 0.0289621882542 0.0201126307321 0.0172968624296 0.0518905872888 0.0176991150442 0.0937248592116 0.0128720836685 0.0265486725664 0.0176991150442 0.0128720836685 0.01126307321 0.0510860820595 0.0197103781175 0.0442477876106 0.0136765888978 0.0261464199517 0.417135961384
63 0.0277554304103 0.00804505229284 0.00683829444891 0.00603378921963 0.0679806918745 0.0313757039421 0.0454545454545 0.0128720836685 0.0136765888978 0.128720836685 0.0205148833467 0.0353982300885 0.0048270313757 0.0136765888978 0.0124698310539 0.0341914722446 0.0490748189863 0.0164923572003 0.00643604183427 0.043845534996 0.414320193081
64 0.0410297666935 0.00241351568785 0.0265486725664 0.0341914722446 0.00925181013677 0.139179404666 0.0273531777957 0.00683829444891 0.026950925181 0.0140788415125 0.00241351568785 0.0366049879324 0.0128720836685 0.0663716814159 0.0583266291231 0.0575221238938 0.0241351568785 0.00844730490748 0.00120675784393 0.0104585679807 0.393805309735
65 0.01126307321 0.00362027353178 0.00402252614642 0.00442477876106 0.0172968624296 0.0048270313757 0.00603378921963 0.00522928399035 0.00281576830249 0.01126307321 0.00362027353178 0.0048270313757 0.010056315366 0.00563153660499 0.00925181013677 0.0366049879324 0.00683829444891 0.0076427996782 0.00241351568785 0.44891391794 0.39340305712
66 0.0583266291231 0.00724054706356 0.0233306516492 0.0201126307321 0.00643604183427 0.102172164119 0.0116653258246 0.0108608205953 0.00603378921963 0.0261464199517 0.00442477876106 0.0132743362832 0.0816572807723 0.0289621882542 0.0422365245374 0.0667739340306 0.0736122284795 0.0136765888978 0.00281576830249 0.0108608205953 0.389380530973
67 0.0374094931617 0.00160901045857 0.0671761866452 0.0253419147224 0.0124698310539 0.0265486725664 0.0136765888978 0.0076427996782 0.00844730490748 0.0462590506838 0.0076427996782 0.0189058728882 0.117457763475 0.0160901045857 0.021319388576 0.059533386967 0.0181013676589 0.0136765888978 0.00201126307321 0.0152855993564 0.463395012068
68 0.0474658085278 0.00321802091714 0.0317779565567 0.0181013676589 0.0241351568785 0.0233306516492 0.010056315366 0.0474658085278 0.00724054706356 0.0422365245374 0.0128720836685 0.0217216411907 0.102976669348 0.0140788415125 0.0148833467418 0.0615446500402 0.0547063555913 0.0366049879324 0.0076427996782 0.015687851971 0.402252614642
69 0.0675784392599 0.0076427996782 0.0321802091714 0.0426387771521 0.0148833467418 0.0434432823813 0.0176991150442 0.0144810941271 0.0249396621078 0.0353982300885 0.00884955752212 0.0229283990346 0.0333869670153 0.053901850362 0.0418342719228 0.0506838294449 0.0422365245374 0.0108608205953 0.00683829444891 0.016894609815 0.410699919549
70 0.0201126307321 0.00160901045857 0.0229283990346 0.0132743362832 0.00724054706356 0.430410297667 0.00522928399035 0.00804505229284 0.00563153660499 0.0176991150442 0.00281576830249 0.0048270313757 0.00844730490748 0.00241351568785 0.010056315366 0.0104585679807 0.0140788415125 0.00844730490748 0.00281576830249 0.0140788415125 0.389380530973
71 0.0281576830249 0.00563153660499 0.0514883346742 0.0386162510056 0.0144810941271 0.00844730490748 0.0261464199517 0.0522928399035 0.0104585679807 0.113837489944 0.0104585679807 0.0349959774739 0.00844730490748 0.0132743362832 0.0181013676589 0.0474658085278 0.043845534996 0.0301689460981 0.00522928399035 0.0402252614642 0.398230088496
72 0.0599356395817 0.00281576830249 0.0366049879324 0.0788415124698 0.00965406275141 0.0136765888978 0.0128720836685 0.0128720836685 0.0281576830249 0.0575221238938 0.00643604183427 0.0132743362832 0.138777152051 0.0313757039421 0.0329847144006 0.0317779565567 0.0366049879324 0.0128720836685 0.00281576830249 0.0116653258246 0.368463395012
73 0.0788415124698 0.000804505229284 0.0526950925181 0.16291230893 0.00522928399035 0.0333869670153 0.01126307321 0.010056315366 0.0422365245374 0.0185036202735 0.00362027353178 0.0152855993564 0.0486725663717 0.0345937248592 0.0587288817377 0.0514883346742 0.0189058728882 0.0209171359614 0.00402252614642 0.00804505229284 0.31979082864
74 0.0571198712792 0.00724054706356 0.00683829444891 0.00724054706356 0.0929203539823 0.00442477876106 0.0181013676589 0.0281576830249 0.00120675784393 0.337892196299 0.0076427996782 0.00563153660499 0.00402252614642 0.0104585679807 0.00321802091714 0.00925181013677 0.0241351568785 0.0418342719228 0.00160901045857 0.0281576830249 0.302896218825
75 0.0221238938053 0.0116653258246 0.00160901045857 0.0297666934835 0.00683829444891 0.0048270313757 0.0333869670153 0.0285599356396 0.0591311343524 0.0470635559131 0.00241351568785 0.0124698310539 0.00201126307321 0.0172968624296 0.355993563958 0.0108608205953 0.016894609815 0.026950925181 0.000402252614642 0.0185036202735 0.291230893001
76 0.0836685438455 0.000804505229284 0.0559131134352 0.192679002414 0.00160901045857 0.0144810941271 0.0164923572003 0.00683829444891 0.0772325020113 0.0189058728882 0.00321802091714 0.0329847144006 0.00321802091714 0.0913113435237 0.0555108608206 0.032582461786 0.0293644408689 0.01126307321 0.0 0.00281576830249 0.269106999195
77 0.276347546259 0.00643604183427 0.0108608205953 0.0675784392599 0.00844730490748 0.010056315366 0.00724054706356 0.0237329042639 0.0309734513274 0.0506838294449 0.00362027353178 0.0116653258246 0.00120675784393 0.0410297666935 0.0434432823813 0.0607401448109 0.0374094931617 0.0221238938053 0.0136765888978 0.0048270313757 0.267900241352
78 0.0675784392599 0.0076427996782 0.000402252614642 0.000402252614642 0.0506838294449 0.0201126307321 0.000402252614642 0.197908286404 0.00120675784393 0.209975864843 0.016894609815 0.0 0.000402252614642 0.00281576830249 0.000804505229284 0.0048270313757 0.0116653258246 0.124296057924 0.00683829444891 0.00844730490748 0.266693483508
79 0.340305711987 0.0265486725664 0.00321802091714 0.053901850362 0.0048270313757 0.0181013676589 0.00442477876106 0.0317779565567 0.0277554304103 0.0233306516492 0.00804505229284 0.00321802091714 0.00120675784393 0.0265486725664 0.0261464199517 0.0687851971038 0.0217216411907 0.0394207562349 0.000804505229284 0.00241351568785 0.267497988737
80 0.080852775543 0.00281576830249 0.076427996782 0.114239742558 0.00281576830249 0.0398230088496 0.0249396621078 0.00362027353178 0.0816572807723 0.01126307321 0.00120675784393 0.0506838294449 0.00643604183427 0.059533386967 0.0828640386163 0.049477071601 0.026950925181 0.0048270313757 0.00362027353178 0.0048270313757 0.271118262269
81 0.0245374094932 0.00120675784393 0.0136765888978 0.0233306516492 0.0993563958166 0.00522928399035 0.0478680611424 0.016894609815 0.0434432823813 0.107401448109 0.0176991150442 0.00321802091714 0.000402252614642 0.01126307321 0.0611423974256 0.01126307321 0.00925181013677 0.015687851971 0.116653258246 0.0981496379726 0.272325020113
82 0.0241351568785 0.010056315366 0.000804505229284 0.00844730490748 0.0679806918745 0.00241351568785 0.0241351568785 0.0736122284795 0.000804505229284 0.24698310539 0.0386162510056 0.00603378921963 0.00362027353178 0.0160901045857 0.00522928399035 0.00804505229284 0.0160901045857 0.055108608206 0.0076427996782 0.0893000804505 0.294851166533
83 0.0824617860016 0.00603378921963 0.0176991150442 0.0349959774739 0.0386162510056 0.0945293644409 0.0172968624296 0.00522928399035 0.0547063555913 0.043845534996 0.00603378921963 0.0675784392599 0.00281576830249 0.0301689460981 0.0458567980692 0.0571198712792 0.0233306516492 0.00925181013677 0.00402252614642 0.0245374094932 0.333869670153
84 0.0446500402253 0.00120675784393 0.0329847144006 0.0563153660499 0.00160901045857 0.0796460176991 0.0152855993564 0.0076427996782 0.0563153660499 0.0144810941271 0.00281576830249 0.0257441673371 0.010056315366 0.0349959774739 0.0909090909091 0.0358004827031 0.0289621882542 0.0128720836685 0.00120675784393 0.00402252614642 0.442477876106
85 0.0245374094932 0.00522928399035 0.0249396621078 0.0418342719228 0.0362027353178 0.00683829444891 0.0217216411907 0.0189058728882 0.0333869670153 0.0362027353178 0.00804505229284 0.0164923572003 0.010056315366 0.0289621882542 0.100965406275 0.0277554304103 0.02252614642 0.0281576830249 0.0132743362832 0.0144810941271 0.479485116653
86 0.0108608205953 0.00281576830249 0.0301689460981 0.0197103781175 0.043845534996 0.0450522928399 0.0510860820595 0.010056315366 0.0201126307321 0.0394207562349 0.0048270313757 0.0233306516492 0.0108608205953 0.0189058728882 0.0358004827031 0.0245374094932 0.0152855993564 0.0108608205953 0.00724054706356 0.0587288817377 0.5164923572
87 0.0233306516492 0.00362027353178 0.0205148833467 0.0108608205953 0.0108608205953 0.118664521319 0.0116653258246 0.0386162510056 0.0124698310539 0.0301689460981 0.00563153660499 0.0333869670153 0.0124698310539 0.0209171359614 0.0261464199517 0.0257441673371 0.00884955752212 0.0281576830249 0.00160901045857 0.010056315366 0.546259050684
88 0.0293644408689 0.00724054706356 0.0249396621078 0.0209171359614 0.0108608205953 0.0245374094932 0.015687851971 0.0253419147224 0.0241351568785 0.0337892196299 0.00683829444891 0.0144810941271 0.0317779565567 0.0176991150442 0.021319388576 0.0237329042639 0.0241351568785 0.0434432823813 0.0297666934835 0.0176991150442 0.552292839903
89 0.0309734513274 0.00201126307321 0.0245374094932 0.0349959774739 0.00321802091714 0.00643604183427 0.00643604183427 0.00925181013677 0.0172968624296 0.00804505229284 0.00120675784393 0.0189058728882 0.0329847144006 0.0140788415125 0.0104585679807 0.0221238938053 0.0193081255028 0.0108608205953 0.00120675784393 0.00281576830249 0.722847948512
90 0.0768302493966 0.0305711987128 0.0076427996782 0.00844730490748 0.0172968624296 0.0108608205953 0.00241351568785 0.0893000804505 0.0048270313757 0.0732099758648 0.00522928399035 0.00402252614642 0.0120675784393 0.00281576830249 0.00683829444891 0.0181013676589 0.0289621882542 0.116653258246 0.00402252614642 0.0237329042639 0.456154465004
91 0.0353982300885 0.00281576830249 0.117055510861 0.059533386967 0.00160901045857 0.02252614642 0.0124698310539 0.00643604183427 0.0370072405471 0.010056315366 0.00201126307321 0.0313757039421 0.0434432823813 0.026950925181 0.021319388576 0.0736122284795 0.0530973451327 0.00724054706356 0.00160901045857 0.00281576830249 0.431617055511
92 0.086484312148 0.00281576830249 0.0221238938053 0.0490748189863 0.00402252614642 0.0181013676589 0.0076427996782 0.0128720836685 0.0317779565567 0.0120675784393 0.00321802091714 0.0124698310539 0.204746580853 0.0132743362832 0.0209171359614 0.0398230088496 0.0257441673371 0.0217216411907 0.00522928399035 0.00724054706356 0.39863234111
93 0.0390185036203 0.00201126307321 0.16814159292 0.193885760257 0.00522928399035 0.0337892196299 0.0136765888978 0.00201126307321 0.038213998391 0.00683829444891 0.00402252614642 0.0410297666935 0.0221238938053 0.0277554304103 0.0257441673371 0.0490748189863 0.0209171359614 0.00321802091714 0.00563153660499 0.00724054706356 0.290426387772
94 0.0273531777957 0.00804505229284 0.0933226065969 0.121480289622 0.00522928399035 0.0181013676589 0.043845534996 0.00321802091714 0.0217216411907 0.00724054706356 0.00884955752212 0.104183427192 0.00241351568785 0.0917135961384 0.0716009654063 0.0349959774739 0.0189058728882 0.0048270313757 0.0293644408689 0.00965406275141 0.273934030571
95 0.0450522928399 0.016894609815 0.000402252614642 0.00201126307321 0.0201126307321 0.00402252614642 0.00120675784393 0.249798873693 0.000402252614642 0.0957361222848 0.0148833467418 0.00120675784393 0.00241351568785 0.00160901045857 0.000402252614642 0.00965406275141 0.0176991150442 0.200724054706 0.00281576830249 0.00442477876106 0.30852775543
96 0.0189058728882 0.00402252614642 0.0048270313757 0.015687851971 0.00321802091714 0.00442477876106 0.0048270313757 0.0104585679807 0.00201126307321 0.0205148833467 0.00241351568785 0.00643604183427 0.000402252614642 0.00683829444891 0.00241351568785 0.00683829444891 0.00643604183427 0.0193081255028 0.000402252614642 0.00160901045857 0.858004827031
97 0.0116653258246 0.00522928399035 0.0 0.00201126307321 0.00884955752212 0.00844730490748 0.000804505229284 0.0337892196299 0.000402252614642 0.016894609815 0.00281576830249 0.000804505229284 0.00603378921963 0.00160901045857 0.0 0.01126307321 0.00925181013677 0.0442477876106 0.000402252614642 0.00160901045857 0.833869670153
98 0.0880933226066 0.0249396621078 0.000804505229284 0.00442477876106 0.0498793242156 0.00925181013677 0.00683829444891 0.11786001609 0.00643604183427 0.186242960579 0.0390185036203 0.00321802091714 0.00281576830249 0.0124698310539 0.0193081255028 0.0185036202735 0.0321802091714 0.17417538214 0.00321802091714 0.0144810941271 0.185840707965
99 0.0450522928399 0.0148833467418 0.00201126307321 0.00241351568785 0.103378921963 0.00603378921963 0.00603378921963 0.145213193886 0.00241351568785 0.15164923572 0.0193081255028 0.00321802091714 0.0434432823813 0.0257441673371 0.00402252614642 0.0181013676589 0.0281576830249 0.172566371681 0.00362027353178 0.0221238938053 0.180611423974
100 0.0547063555913 0.0358004827031 0.00160901045857 0.00201126307321 0.0631536604988 0.086484312148 0.00643604183427 0.021319388576 0.0 0.0478680611424 0.00965406275141 0.010056315366 0.00643604183427 0.00643604183427 0.000804505229284 0.065164923572 0.339501206758 0.0985518905873 0.00120675784393 0.0136765888978 0.1291230893
101 0.10219227675 0.0161102172164 0.0193282381335 0.0116854384553 0.00524939662108 0.050301689461 0.0261665325825 0.0225462590507 0.0165124698311 0.027775543041 0.00846741753821 0.143222043443 0.119086886565 0.017719227675 0.0249597747385 0.143624296058 0.0663917940467 0.0358205953339 0.00203137570394 0.0140989541432 0.126709573612
102 0.0128720836685 0.00844730490748 0.0144810941271 0.00362027353178 0.000804505229284 0.541432019308 0.00281576830249 0.000804505229284 0.000402252614642 0.000804505229284 0.00160901045857 0.0667739340306 0.00241351568785 0.00120675784393 0.00724054706356 0.165325824618 0.0349959774739 0.00120675784393 0.000804505229284 0.000804505229284 0.131134352373
103 0.229686242961 0.0293644408689 0.00281576830249 0.00241351568785 0.00643604183427 0.232502011263 0.000804505229284 0.0245374094932 0.0 0.0189058728882 0.0048270313757 0.00362027353178 0.00603378921963 0.00201126307321 0.00402252614642 0.121480289622 0.0884955752212 0.0905068382944 0.00160901045857 0.00321802091714 0.126709573612
104 0.0398230088496 0.0076427996782 0.0185036202735 0.0132743362832 0.0144810941271 0.0189058728882 0.0144810941271 0.0253419147224 0.0474658085278 0.032582461786 0.0370072405471 0.0201126307321 0.000402252614642 0.11182622687 0.0281576830249 0.147626709574 0.21399839099 0.0378117457763 0.00683829444891 0.0353982300885 0.128318584071
105 0.0836685438455 0.00643604183427 0.0522928399035 0.183829444891 0.010056315366 0.0796460176991 0.0603378921963 0.0108608205953 0.00120675784393 0.0221238938053 0.0237329042639 0.0281576830249 0.0358004827031 0.116251005632 0.010056315366 0.0736122284795 0.0406275140788 0.0152855993564 0.00160901045857 0.0189058728882 0.125502815768
106 0.425985518906 0.00603378921963 0.00281576830249 0.000804505229284 0.00683829444891 0.207160096541 0.000402252614642 0.0245374094932 0.0 0.0744167337088 0.00522928399035 0.00201126307321 0.0048270313757 0.000402252614642 0.00120675784393 0.065164923572 0.0201126307321 0.0261464199517 0.0 0.000402252614642 0.125502815768
107 0.0185036202735 0.00884955752212 0.00321802091714 0.00281576830249 0.0522928399035 0.0048270313757 0.0048270313757 0.210780370072 0.00120675784393 0.324617860016 0.0450522928399 0.0792437650845 0.000402252614642 0.00201126307321 0.00120675784393 0.00683829444891 0.0221238938053 0.0691874497184 0.00683829444891 0.010056315366 0.125100563154
108 0.0836685438455 0.00683829444891 0.0756234915527 0.059533386967 0.0675784392599 0.0217216411907 0.0349959774739 0.0233306516492 0.0136765888978 0.0575221238938 0.0277554304103 0.0800482703138 0.00160901045857 0.0345937248592 0.0394207562349 0.0796460176991 0.0490748189863 0.0362027353178 0.0116653258246 0.0667739340306 0.128720836685
109 0.135961383749 0.0181013676589 0.0116653258246 0.00965406275141 0.0229283990346 0.0329847144006 0.021319388576 0.0816572807723 0.0160901045857 0.216814159292 0.0370072405471 0.0329847144006 0.00160901045857 0.0209171359614 0.0172968624296 0.0470635559131 0.0619469026549 0.0631536604988 0.00724054706356 0.0176991150442 0.125905068383
110 0.234111021722 0.0209171359614 0.000804505229284 0.000402252614642 0.0297666934835 0.0237329042639 0.000402252614642 0.130329847144 0.000804505229284 0.177795655672 0.0189058728882 0.0 0.00201126307321 0.0 0.00160901045857 0.0366049879324 0.0498793242156 0.141995172969 0.00201126307321 0.00362027353178 0.124296057924
111 0.128318584071 0.026950925181 0.00160901045857 0.00120675784393 0.082059533387 0.0181013676589 0.00241351568785 0.146017699115 0.00120675784393 0.23572003218 0.0462590506838 0.00402252614642 0.0205148833467 0.00522928399035 0.00201126307321 0.0341914722446 0.0229283990346 0.0792437650845 0.00120675784393 0.01126307321 0.129525341915
112 0.0563153660499 0.00603378921963 0.0309734513274 0.0530973451327 0.0285599356396 0.0257441673371 0.0281576830249 0.01126307321 0.0530973451327 0.0796460176991 0.0390185036203 0.0418342719228 0.0108608205953 0.0884955752212 0.154465004023 0.0752212389381 0.0402252614642 0.0108608205953 0.0116653258246 0.0193081255028 0.13515687852
113 0.218423169751 0.0261464199517 0.00402252614642 0.0104585679807 0.0245374094932 0.0663716814159 0.0120675784393 0.0374094931617 0.00522928399035 0.109814963797 0.0189058728882 0.0293644408689 0.00160901045857 0.00884955752212 0.0104585679807 0.100965406275 0.082059533387 0.0510860820595 0.00281576830249 0.0172968624296 0.162107803701
114 0.0543041029767 0.0164923572003 0.00160901045857 0.00160901045857 0.116251005632 0.00321802091714 0.00925181013677 0.0784392598552 0.00362027353178 0.388576025744 0.0245374094932 0.00321802091714 0.00160901045857 0.00603378921963 0.0076427996782 0.0120675784393 0.0245374094932 0.0687851971038 0.00804505229284 0.0337892196299 0.136363636364
115 0.092115848753 0.0647626709574 0.0197103781175 0.0128720836685 0.0358004827031 0.0402252614642 0.00643604183427 0.0446500402253 0.0349959774739 0.159694288013 0.016894609815 0.01126307321 0.0245374094932 0.0132743362832 0.0486725663717 0.0518905872888 0.0768302493966 0.0756234915527 0.00120675784393 0.0048270313757 0.163716814159
116 0.0474658085278 0.00603378921963 0.0905068382944 0.0784392598552 0.00965406275141 0.049477071601 0.0128720836685 0.0120675784393 0.0768302493966 0.0321802091714 0.00402252614642 0.070796460177 0.0285599356396 0.043845534996 0.0687851971038 0.0470635559131 0.021319388576 0.0128720836685 0.01126307321 0.00362027353178 0.272325020113
117 0.0152855993564 0.000804505229284 0.00884955752212 0.0128720836685 0.00925181013677 0.0120675784393 0.00724054706356 0.00362027353178 0.0152855993564 0.00844730490748 0.000804505229284 0.00844730490748 0.0305711987128 0.0108608205953 0.0132743362832 0.00844730490748 0.0076427996782 0.00442477876106 0.00281576830249 0.00724054706356 0.811745776348
118 0.00724054706356 0.00201126307321 0.00683829444891 0.00402252614642 0.00563153660499 0.0124698310539 0.00120675784393 0.0048270313757 0.0048270313757 0.010056315366 0.00281576830249 0.00281576830249 0.0048270313757 0.00160901045857 0.00925181013677 0.00563153660499 0.00321802091714 0.00321802091714 0.000402252614642 0.00442477876106 0.902654867257
