POS A C D E F G H I K L M N P Q R S T V W Y -
1 0.0186335403727 0.000887311446318 0.00354924578527 0.00354924578527 0.00443655723159 0.00443655723159 0.00443655723159 0.0328305235138 0.0452528837622 0.0275066548358 0.00709849157054 0.00887311446318 0.0674356699201 0.0150842945874 0.0629991126886 0.0248447204969 0.0310559006211 0.0372670807453 0.00798580301686 0.000887311446318 0.590949423248
2 0.0275066548358 0.00177462289264 0.0461401952085 0.0692102928128 0.00532386867791 0.0248447204969 0.0212954747116 0.00976042590949 0.0612244897959 0.0230700976043 0.00443655723159 0.0354924578527 0.164152617569 0.0230700976043 0.0425909494232 0.0301685891748 0.0310559006211 0.0239574090506 0.000887311446318 0.00177462289264 0.352262644188
3 0.0488021295475 0.00266193433895 0.128660159716 0.094942324756 0.0106477373558 0.0283939662822 0.0204081632653 0.00887311446318 0.0470275066548 0.0221827861579 0.00798580301686 0.0647737355812 0.0798580301686 0.0248447204969 0.0212954747116 0.0878438331854 0.0221827861579 0.0212954747116 0.00177462289264 0.0204081632653 0.235137533274
4 0.0479591836735 0.00891748003549 0.038198757764 0.035536823425 0.0390860692103 0.016015971606 0.00980479148181 0.110070984916 0.0612688553682 0.0488464951198 0.0142413487134 0.018677905945 0.0657054125998 0.0177905944987 0.102972493345 0.0248890860692 0.0266637089618 0.137577639752 0.00181898846495 0.016015971606 0.157941437445
5 0.0044809228039 0.821694764862 0.0044809228039 0.0044809228039 0.00536823425022 0.00181898846495 0.00181898846495 0.00181898846495 0.0044809228039 0.00625554569654 0.00181898846495 0.00625554569654 0.00359361135759 0.00270629991127 0.00625554569654 0.00891748003549 0.00270629991127 0.00359361135759 0.000931677018634 0.00181898846495 0.104702750665
6 0.039041703638 0.00532386867791 0.036379769299 0.0496894409938 0.0656610470275 0.0301685891748 0.019520851819 0.019520851819 0.0718722271517 0.141082519965 0.01685891748 0.0567879325643 0.0106477373558 0.039041703638 0.0603371783496 0.104702750665 0.0638864241349 0.0150842945874 0.00532386867791 0.0417036379769 0.107364685004
7 0.0479148181012 0.0204081632653 0.0221827861579 0.0913930789707 0.0230700976043 0.0275066548358 0.0204081632653 0.0186335403727 0.0638864241349 0.257320319432 0.0452528837622 0.00887311446318 0.0230700976043 0.112688553682 0.0337178349601 0.0301685891748 0.0141969831411 0.0257320319432 0.00532386867791 0.0141969831411 0.0940550133097
8 0.0399290150843 0.00177462289264 0.0425909494232 0.0674356699201 0.00709849157054 0.0212954747116 0.00532386867791 0.0124223602484 0.0638864241349 0.0186335403727 0.0124223602484 0.0221827861579 0.39041703638 0.0275066548358 0.0567879325643 0.0505767524401 0.0310559006211 0.019520851819 0.000887311446318 0.01685891748 0.0913930789707
9 0.0523513753327 0.00266193433895 0.01685891748 0.0239574090506 0.0186335403727 0.0124223602484 0.0292812777285 0.0567879325643 0.0798580301686 0.0763087843833 0.0346051464064 0.0124223602484 0.278615794144 0.0150842945874 0.0629991126886 0.0337178349601 0.0239574090506 0.0532386867791 0.00532386867791 0.0230700976043 0.0878438331854
10 0.0603371783496 0.00532386867791 0.190771960958 0.111801242236 0.0133096716948 0.0266193433895 0.0257320319432 0.0159716060337 0.0541259982254 0.0292812777285 0.00798580301686 0.0621118012422 0.0700976042591 0.0354924578527 0.0346051464064 0.0567879325643 0.0292812777285 0.0505767524401 0.000887311446318 0.0212954747116 0.0976042590949
11 0.0434782608696 0.00443655723159 0.0319432120674 0.0887311446318 0.0221827861579 0.0292812777285 0.0177462289264 0.0505767524401 0.072759538598 0.0496894409938 0.0106477373558 0.0425909494232 0.0913930789707 0.0470275066548 0.075421472937 0.0638864241349 0.092280390417 0.0647737355812 0.0115350488021 0.0283939662822 0.0612244897959
12 0.0230700976043 0.00354924578527 0.0248447204969 0.0354924578527 0.000887311446318 0.576752440106 0.00709849157054 0.0133096716948 0.0319432120674 0.0150842945874 0.00443655723159 0.0239574090506 0.0310559006211 0.0133096716948 0.0283939662822 0.0594498669033 0.0283939662822 0.01685891748 0.00177462289264 0.00532386867791 0.0550133096717
13 0.0248447204969 0.00709849157054 0.0505767524401 0.0425909494232 0.0275066548358 0.0372670807453 0.0221827861579 0.0275066548358 0.0612244897959 0.0381543921917 0.01685891748 0.0869565217391 0.141969831411 0.0346051464064 0.0656610470275 0.107364685004 0.0771960958296 0.0248447204969 0.00532386867791 0.039041703638 0.0612244897959
14 0.0106477373558 0.623779946761 0.00887311446318 0.0159716060337 0.0124223602484 0.124223602484 0.00709849157054 0.00798580301686 0.0141969831411 0.0124223602484 0.00443655723159 0.00798580301686 0.00709849157054 0.00532386867791 0.0177462289264 0.0204081632653 0.0177462289264 0.00621118012422 0.00266193433895 0.00709849157054 0.0656610470275
15 0.0514640638864 0.0133096716948 0.058562555457 0.0532386867791 0.0275066548358 0.0940550133097 0.0204081632653 0.0124223602484 0.0896184560781 0.0275066548358 0.0106477373558 0.0709849157054 0.0488021295475 0.0283939662822 0.141969831411 0.0745341614907 0.0567879325643 0.019520851819 0.0115350488021 0.0328305235138 0.055900621118
16 0.13487133984 0.00709849157054 0.0417036379769 0.0834072759539 0.0150842945874 0.160603371783 0.0124223602484 0.0328305235138 0.055900621118 0.0301685891748 0.0177462289264 0.0656610470275 0.0461401952085 0.0434782608696 0.0408163265306 0.0621118012422 0.0496894409938 0.0257320319432 0.00709849157054 0.0257320319432 0.0417036379769
17 0.0488021295475 0.00266193433895 0.0212954747116 0.0319432120674 0.055900621118 0.0470275066548 0.0399290150843 0.0346051464064 0.0629991126886 0.0745341614907 0.0141969831411 0.0638864241349 0.0665483584738 0.036379769299 0.0700976042591 0.0905057675244 0.0612244897959 0.0381543921917 0.0319432120674 0.0665483584738 0.0408163265306
18 0.0346051464064 0.00443655723159 0.019520851819 0.0674356699201 0.0842945874002 0.0346051464064 0.0310559006211 0.106477373558 0.0488021295475 0.092280390417 0.0212954747116 0.0212954747116 0.0115350488021 0.0434782608696 0.0638864241349 0.0816326530612 0.0550133096717 0.102040816327 0.00443655723159 0.0354924578527 0.036379769299
19 0.0221827861579 0.00443655723159 0.0248447204969 0.075421472937 0.0292812777285 0.01685891748 0.0186335403727 0.0665483584738 0.0807453416149 0.0860692102928 0.00798580301686 0.0328305235138 0.129547471162 0.0541259982254 0.0718722271517 0.0541259982254 0.122448979592 0.0417036379769 0.00887311446318 0.0239574090506 0.0275066548358
20 0.0399290150843 0.00177462289264 0.00887311446318 0.0124223602484 0.0150842945874 0.0656610470275 0.0221827861579 0.00976042590949 0.094942324756 0.0346051464064 0.0647737355812 0.0115350488021 0.00621118012422 0.0310559006211 0.434782608696 0.0399290150843 0.0124223602484 0.0399290150843 0.0106477373558 0.0230700976043 0.0204081632653
21 0.00621118012422 0.00177462289264 0.00177462289264 0.00177462289264 0.170363797693 0.00266193433895 0.0106477373558 0.0124223602484 0.000887311446318 0.00621118012422 0.00266193433895 0.00443655723159 0.00177462289264 0.00177462289264 0.00266193433895 0.00354924578527 0.00621118012422 0.0159716060337 0.387755102041 0.340727595386 0.0177462289264
22 0.0612244897959 0.0 0.00354924578527 0.00266193433895 0.1685891748 0.0523513753327 0.0443655723159 0.0124223602484 0.00621118012422 0.00976042590949 0.00354924578527 0.00443655723159 0.000887311446318 0.000887311446318 0.0292812777285 0.0488021295475 0.0692102928128 0.019520851819 0.0230700976043 0.423247559894 0.0159716060337
23 0.00266193433895 0.00354924578527 0.00177462289264 0.00177462289264 0.35669920142 0.00177462289264 0.00621118012422 0.00532386867791 0.00177462289264 0.0204081632653 0.00443655723159 0.00266193433895 0.00266193433895 0.00177462289264 0.00177462289264 0.00354924578527 0.00532386867791 0.00621118012422 0.0186335403727 0.541259982254 0.00976042590949
24 0.0124667258208 0.00181898846495 0.421517302573 0.0231144631766 0.0044809228039 0.00359361135759 0.0222271517303 0.0142413487134 0.0124667258208 0.00536823425022 0.00270629991127 0.32834960071 0.00359361135759 0.00803016858917 0.0106921029281 0.0692546583851 0.0106921029281 0.0142413487134 0.00181898846495 0.0177905944987 0.0115350488021
25 0.0843389529725 0.00270629991127 0.0115794143744 0.0399733806566 0.0275510204082 0.0257763975155 0.0346495119787 0.0346495119787 0.110958296362 0.0248890860692 0.0169032830524 0.0515084294587 0.157098491571 0.0417480035492 0.0586069210293 0.126929902396 0.0568322981366 0.0399733806566 0.00980479148181 0.0293256433008 0.0141969831411
26 0.071916592724 0.00536823425022 0.0630434782609 0.126929902396 0.00714285714286 0.0311002661934 0.016015971606 0.0257763975155 0.10652173913 0.0248890860692 0.00891748003549 0.077240461402 0.0106921029281 0.0373114463177 0.071916592724 0.110070984916 0.125155279503 0.0346495119787 0.000931677018634 0.0248890860692 0.019520851819
27 0.0426353149956 0.00181898846495 0.0506211180124 0.0621561668146 0.0133540372671 0.00980479148181 0.0222271517303 0.0311002661934 0.0887755102041 0.0532830523514 0.0106921029281 0.0417480035492 0.00536823425022 0.0390860692103 0.0657054125998 0.150887311446 0.240505767524 0.0328748890861 0.000931677018634 0.018677905945 0.0177462289264
28 0.0169032830524 0.00270629991127 0.091437444543 0.0470718722272 0.00359361135759 0.230745341615 0.0231144631766 0.00270629991127 0.134915705413 0.0231144631766 0.0204525288376 0.159760425909 0.000931677018634 0.0781277728483 0.0896628216504 0.0346495119787 0.0142413487134 0.00270629991127 0.000931677018634 0.00803016858917 0.0141969831411
29 0.0470275066548 0.00532386867791 0.0381543921917 0.0763087843833 0.0159716060337 0.0141969831411 0.01685891748 0.0283939662822 0.170363797693 0.0372670807453 0.0221827861579 0.0372670807453 0.000887311446318 0.0958296362023 0.13487133984 0.0798580301686 0.113575865129 0.0399290150843 0.000887311446318 0.00887311446318 0.0159716060337
30 0.00177462289264 0.941437444543 0.00266193433895 0.00177462289264 0.00266193433895 0.00266193433895 0.000887311446318 0.00177462289264 0.00177462289264 0.00177462289264 0.00177462289264 0.00177462289264 0.0 0.0 0.00443655723159 0.00443655723159 0.00354924578527 0.00976042590949 0.000887311446318 0.000887311446318 0.0133096716948
31 0.0248447204969 0.00266193433895 0.0159716060337 0.188997338066 0.039041703638 0.0150842945874 0.0257320319432 0.0523513753327 0.128660159716 0.0842945874002 0.0275066548358 0.0115350488021 0.00266193433895 0.0612244897959 0.0834072759539 0.0434782608696 0.0328305235138 0.126885536823 0.0 0.0159716060337 0.01685891748
32 0.0434782608696 0.00798580301686 0.0141969831411 0.0976042590949 0.0133096716948 0.0177462289264 0.00976042590949 0.0159716060337 0.0931677018634 0.072759538598 0.0310559006211 0.0177462289264 0.154392191659 0.0878438331854 0.105590062112 0.102040816327 0.0576752440106 0.0177462289264 0.0124223602484 0.00709849157054 0.0204081632653
33 0.0204081632653 0.00177462289264 0.00976042590949 0.0115350488021 0.584738243123 0.00532386867791 0.00887311446318 0.0417036379769 0.0159716060337 0.0452528837622 0.0212954747116 0.00621118012422 0.00177462289264 0.00266193433895 0.0150842945874 0.019520851819 0.0115350488021 0.0283939662822 0.00354924578527 0.0931677018634 0.0514640638864
34 0.0248890860692 0.00270629991127 0.0257763975155 0.0399733806566 0.0541703637977 0.00803016858917 0.0257763975155 0.0976486246673 0.0657054125998 0.0781277728483 0.0337622005324 0.0364241348713 0.0275510204082 0.0319875776398 0.0648181011535 0.057719609583 0.0994232475599 0.0674800354925 0.0461845607808 0.0497338065661 0.0621118012422
35 0.0204525288376 0.00536823425022 0.0124667258208 0.0115794143744 0.11628216504 0.0142413487134 0.0257763975155 0.00891748003549 0.0133540372671 0.0231144631766 0.0044809228039 0.0169032830524 0.0177905944987 0.00714285714286 0.0195652173913 0.0452972493345 0.035536823425 0.016015971606 0.0612688553682 0.448136645963 0.0763087843833
36 0.0151286601597 0.0284383318545 0.0328748890861 0.0266637089618 0.0231144631766 0.276885536823 0.016015971606 0.00803016858917 0.0594942324756 0.0470718722272 0.00536823425022 0.0559449866903 0.0195652173913 0.0222271517303 0.0506211180124 0.129591836735 0.0763531499556 0.0133540372671 0.00803016858917 0.0204525288376 0.0647737355812
37 0.0266193433895 0.00443655723159 0.0248447204969 0.0337178349601 0.00443655723159 0.632653061224 0.0106477373558 0.00709849157054 0.0328305235138 0.0221827861579 0.00266193433895 0.0230700976043 0.0124223602484 0.0177462289264 0.0346051464064 0.0452528837622 0.019520851819 0.0141969831411 0.000887311446318 0.0124223602484 0.0177462289264
38 0.0177462289264 0.695652173913 0.0106477373558 0.0106477373558 0.0150842945874 0.01685891748 0.00887311446318 0.00976042590949 0.0204081632653 0.0204081632653 0.00798580301686 0.0133096716948 0.0115350488021 0.0133096716948 0.0141969831411 0.0292812777285 0.01685891748 0.0257320319432 0.00443655723159 0.0124223602484 0.0248447204969
39 0.0514640638864 0.00621118012422 0.0798580301686 0.0505767524401 0.0159716060337 0.318544809228 0.0257320319432 0.00709849157054 0.0505767524401 0.0301685891748 0.0124223602484 0.0514640638864 0.0381543921917 0.0417036379769 0.0550133096717 0.058562555457 0.0328305235138 0.0150842945874 0.0275066548358 0.0106477373558 0.0204081632653
40 0.039041703638 0.0 0.0461401952085 0.0310559006211 0.00621118012422 0.511091393079 0.0133096716948 0.00354924578527 0.0550133096717 0.019520851819 0.00443655723159 0.0257320319432 0.0470275066548 0.00976042590949 0.0408163265306 0.0479148181012 0.0319432120674 0.0292812777285 0.000887311446318 0.0106477373558 0.0266193433895
41 0.0150842945874 0.0 0.0354924578527 0.0230700976043 0.00621118012422 0.0771960958296 0.0177462289264 0.0124223602484 0.0425909494232 0.00621118012422 0.00266193433895 0.496007098492 0.0141969831411 0.0150842945874 0.0186335403727 0.0851818988465 0.0763087843833 0.0115350488021 0.0 0.00976042590949 0.0346051464064
42 0.102972493345 0.0293256433008 0.0763531499556 0.0994232475599 0.0151286601597 0.135803016859 0.0124667258208 0.0106921029281 0.0736912156167 0.0426353149956 0.0115794143744 0.0461845607808 0.0390860692103 0.0523957409051 0.0799023957409 0.0701419698314 0.0364241348713 0.0231144631766 0.0044809228039 0.0115794143744 0.0266193433895
43 0.00625554569654 0.00181898846495 0.00359361135759 0.00714285714286 0.000931677018634 0.0177905944987 0.00625554569654 0.00625554569654 0.018677905945 0.00625554569654 4.43655723159e-05 0.837666370896 0.00891748003549 0.00714285714286 0.0124667258208 0.00625554569654 0.0151286601597 0.00625554569654 0.000931677018634 0.00536823425022 0.0248447204969
44 0.019520851819 0.00798580301686 0.01685891748 0.0159716060337 0.0266193433895 0.0337178349601 0.0283939662822 0.0417036379769 0.0496894409938 0.0488021295475 0.0115350488021 0.300798580302 0.0115350488021 0.0212954747116 0.205856255546 0.0718722271517 0.0204081632653 0.0301685891748 0.00354924578527 0.0141969831411 0.019520851819
45 0.00177462289264 0.00177462289264 0.00177462289264 0.00177462289264 0.858917480035 0.000887311446318 0.00443655723159 0.00798580301686 0.00177462289264 0.0106477373558 0.00177462289264 0.000887311446318 0.00266193433895 0.0 0.00443655723159 0.00709849157054 0.00532386867791 0.00266193433895 0.00354924578527 0.0576752440106 0.0221827861579
46 0.0674356699201 0.0141969831411 0.0825199645075 0.124223602484 0.0230700976043 0.0354924578527 0.0248447204969 0.0212954747116 0.0851818988465 0.0816326530612 0.00887311446318 0.0505767524401 0.0887311446318 0.0372670807453 0.0621118012422 0.0567879325643 0.036379769299 0.0310559006211 0.0106477373558 0.036379769299 0.0212954747116
47 0.00443655723159 0.00443655723159 0.0692102928128 0.0221827861579 0.0115350488021 0.00621118012422 0.0115350488021 0.000887311446318 0.0283939662822 0.00798580301686 0.00177462289264 0.0869565217391 0.00266193433895 0.00266193433895 0.0204081632653 0.304347826087 0.374445430346 0.00532386867791 0.00354924578527 0.00709849157054 0.0239574090506
48 0.0292812777285 0.0505767524401 0.00887311446318 0.146406388642 0.0248447204969 0.00443655723159 0.0141969831411 0.0425909494232 0.166814551908 0.119787045253 0.0399290150843 0.00887311446318 0.019520851819 0.0532386867791 0.128660159716 0.0283939662822 0.00443655723159 0.0230700976043 0.00887311446318 0.0541259982254 0.0230700976043
49 0.0674800354925 0.000931677018634 0.0843389529725 0.238731144632 0.0115794143744 0.0284383318545 0.0204525288376 0.0213398402839 0.104747116238 0.0346495119787 0.0142413487134 0.0364241348713 0.00891748003549 0.0825643300799 0.0532830523514 0.0692546583851 0.0568322981366 0.0213398402839 0.0044809228039 0.0169032830524 0.0230700976043
50 0.0843389529725 0.00714285714286 0.174844720497 0.282209405501 0.00980479148181 0.018677905945 0.0248890860692 0.0169032830524 0.0568322981366 0.0319875776398 0.00891748003549 0.0142413487134 0.00270629991127 0.0861135758651 0.0177905944987 0.0648181011535 0.0435226264419 0.0177905944987 0.000931677018634 0.00625554569654 0.0292812777285
51 0.00532386867791 0.909494232476 0.0 0.00354924578527 0.00177462289264 0.00177462289264 0.000887311446318 0.00266193433895 0.00443655723159 0.00443655723159 0.00177462289264 0.00354924578527 0.00266193433895 0.00177462289264 0.00266193433895 0.00621118012422 0.00532386867791 0.00798580301686 0.000887311446318 0.00177462289264 0.0310559006211
52 0.019520851819 0.00266193433895 0.0230700976043 0.18544809228 0.0124223602484 0.00177462289264 0.0177462289264 0.0532386867791 0.0789707187223 0.0913930789707 0.0967169476486 0.0647737355812 0.00621118012422 0.104702750665 0.0789707187223 0.0248447204969 0.0239574090506 0.0372670807453 0.0141969831411 0.0221827861579 0.0399290150843
53 0.0834072759539 0.00532386867791 0.0532386867791 0.108251996451 0.0124223602484 0.0221827861579 0.0124223602484 0.0186335403727 0.156166814552 0.0319432120674 0.0204081632653 0.0674356699201 0.00266193433895 0.0692102928128 0.125110913931 0.0816326530612 0.0488021295475 0.019520851819 0.0106477373558 0.0115350488021 0.039041703638
54 0.120718722272 0.00891748003549 0.00891748003549 0.0648181011535 0.0470718722272 0.00625554569654 0.0275510204082 0.0470718722272 0.0896628216504 0.0523957409051 0.0213398402839 0.0328748890861 0.00181898846495 0.0346495119787 0.071916592724 0.0399733806566 0.164196983141 0.0648181011535 0.00270629991127 0.0444099378882 0.0479148181012
55 0.00536823425022 0.880257320319 0.000931677018634 0.0044809228039 0.00181898846495 0.00181898846495 0.00181898846495 0.000931677018634 0.00536823425022 0.00625554569654 0.00270629991127 0.0044809228039 0.00181898846495 0.00181898846495 0.0044809228039 0.00359361135759 0.00714285714286 0.00714285714286 0.00181898846495 0.000931677018634 0.0550133096717
56 0.0425909494232 0.00621118012422 0.00354924578527 0.0417036379769 0.00798580301686 0.078083407276 0.00709849157054 0.0239574090506 0.0913930789707 0.039041703638 0.0399290150843 0.0124223602484 0.0354924578527 0.0212954747116 0.0283939662822 0.0656610470275 0.0204081632653 0.0603371783496 0.00177462289264 0.00443655723159 0.368234250222
