POS A C D E F G H I K L M N P Q R S T V W Y -
1 0.00727272727273 0.0 0.0 0.000909090909091 0.00181818181818 0.00181818181818 0.0 0.0 0.00181818181818 0.00181818181818 0.0 0.0 0.000909090909091 0.0 0.000909090909091 0.000909090909091 0.00181818181818 0.0 0.0 0.0 0.98
2 0.00636363636364 0.000909090909091 0.0118181818182 0.00727272727273 0.00181818181818 0.00272727272727 0.00272727272727 0.00454545454545 0.00545454545455 0.00727272727273 0.01 0.00545454545455 0.00545454545455 0.00272727272727 0.00545454545455 0.0109090909091 0.00181818181818 0.00636363636364 0.00181818181818 0.00181818181818 0.897272727273
3 0.0290909090909 0.000909090909091 0.0236363636364 0.0309090909091 0.00636363636364 0.0145454545455 0.00363636363636 0.0109090909091 0.0463636363636 0.0209090909091 0.0345454545455 0.04 0.0227272727273 0.0218181818182 0.0354545454545 0.0290909090909 0.0127272727273 0.0118181818182 0.00545454545455 0.00272727272727 0.596363636364
4 0.0318181818182 0.00545454545455 0.0318181818182 0.0327272727273 0.00909090909091 0.0418181818182 0.0118181818182 0.0209090909091 0.0654545454545 0.0181818181818 0.0490909090909 0.0254545454545 0.0290909090909 0.0227272727273 0.0354545454545 0.0427272727273 0.0363636363636 0.0181818181818 0.00272727272727 0.00545454545455 0.463636363636
5 0.0381818181818 0.0127272727273 0.0181818181818 0.0163636363636 0.0172727272727 0.0245454545455 0.0136363636364 0.0745454545455 0.0590909090909 0.0836363636364 0.0609090909091 0.0227272727273 0.0454545454545 0.0236363636364 0.0545454545455 0.0363636363636 0.0281818181818 0.0427272727273 0.00454545454545 0.0272727272727 0.295454545455
6 0.0309090909091 0.0109090909091 0.0327272727273 0.0272727272727 0.00363636363636 0.0236363636364 0.0481818181818 0.0181818181818 0.129090909091 0.04 0.00818181818182 0.0736363636364 0.02 0.0381818181818 0.144545454545 0.0736363636364 0.0681818181818 0.0290909090909 0.00272727272727 0.00909090909091 0.168181818182
7 0.0581818181818 0.0163636363636 0.00272727272727 0.00454545454545 0.0227272727273 0.00636363636364 0.00272727272727 0.276363636364 0.00727272727273 0.125454545455 0.0181818181818 0.00363636363636 0.00545454545455 0.00454545454545 0.00727272727273 0.0145454545455 0.02 0.267272727273 0.00363636363636 0.00727272727273 0.125454545455
8 0.0727272727273 0.0181818181818 0.00636363636364 0.00636363636364 0.0418181818182 0.0136363636364 0.0109090909091 0.0936363636364 0.00636363636364 0.409090909091 0.0436363636364 0.00545454545455 0.00727272727273 0.00545454545455 0.00818181818182 0.0145454545455 0.0109090909091 0.0818181818182 0.00454545454545 0.0254545454545 0.113636363636
9 0.0218181818182 0.0109090909091 0.00727272727273 0.000909090909091 0.0381818181818 0.00818181818182 0.00545454545455 0.230909090909 0.00545454545455 0.248181818182 0.0218181818182 0.00272727272727 0.00454545454545 0.00727272727273 0.00727272727273 0.0172727272727 0.0109090909091 0.213636363636 0.00636363636364 0.0227272727273 0.108181818182
10 0.112727272727 0.0336363636364 0.00818181818182 0.00363636363636 0.0272727272727 0.02 0.00636363636364 0.188181818182 0.00363636363636 0.156363636364 0.0163636363636 0.00818181818182 0.00545454545455 0.00363636363636 0.01 0.0145454545455 0.0218181818182 0.218181818182 0.00454545454545 0.0272727272727 0.11
11 0.0545454545455 0.0163636363636 0.243636363636 0.145454545455 0.00545454545455 0.0718181818182 0.0272727272727 0.0181818181818 0.02 0.0172727272727 0.00909090909091 0.04 0.00545454545455 0.0209090909091 0.0172727272727 0.0936363636364 0.0463636363636 0.02 0.00272727272727 0.00727272727273 0.117272727273
12 0.0563636363636 0.01 0.215454545455 0.0927272727273 0.00454545454545 0.04 0.0245454545455 0.01 0.0409090909091 0.0218181818182 0.00545454545455 0.0790909090909 0.0736363636364 0.0227272727273 0.0472727272727 0.0781818181818 0.0336363636364 0.0145454545455 0.00181818181818 0.00636363636364 0.120909090909
13 0.04 0.0136363636364 0.226363636364 0.0690909090909 0.0118181818182 0.03 0.0354545454545 0.00909090909091 0.0390909090909 0.0290909090909 0.00909090909091 0.122727272727 0.0281818181818 0.0345454545455 0.0436363636364 0.0909090909091 0.0309090909091 0.0145454545455 0.00272727272727 0.00818181818182 0.110909090909
14 0.0881818181818 0.00909090909091 0.0518181818182 0.0936363636364 0.0127272727273 0.0536363636364 0.0145454545455 0.0218181818182 0.0590909090909 0.04 0.00727272727273 0.0372727272727 0.129090909091 0.0372727272727 0.0554545454545 0.07 0.0463636363636 0.0409090909091 0.00272727272727 0.00909090909091 0.12
15 0.0690909090909 0.00545454545455 0.0745454545455 0.0945454545455 0.0327272727273 0.0272727272727 0.0254545454545 0.0654545454545 0.0418181818182 0.0827272727273 0.0181818181818 0.0418181818182 0.0218181818182 0.0281818181818 0.0490909090909 0.0690909090909 0.05 0.0581818181818 0.00363636363636 0.0218181818182 0.119090909091
16 0.0618181818182 0.01 0.0590909090909 0.0427272727273 0.0490909090909 0.02 0.0254545454545 0.0709090909091 0.0136363636364 0.129090909091 0.0245454545455 0.0409090909091 0.0145454545455 0.0427272727273 0.0545454545455 0.0472727272727 0.0445454545455 0.08 0.0145454545455 0.03 0.124545454545
17 0.109090909091 0.0318181818182 0.0227272727273 0.02 0.02 0.0454545454545 0.0181818181818 0.0545454545455 0.0263636363636 0.114545454545 0.0136363636364 0.0245454545455 0.0118181818182 0.0463636363636 0.160909090909 0.0636363636364 0.0272727272727 0.0472727272727 0.00545454545455 0.0118181818182 0.124545454545
18 0.0854545454545 0.00545454545455 0.0790909090909 0.123636363636 0.0154545454545 0.0345454545455 0.0245454545455 0.0272727272727 0.0681818181818 0.0472727272727 0.0172727272727 0.0436363636364 0.0136363636364 0.0572727272727 0.0745454545455 0.0736363636364 0.0336363636364 0.0209090909091 0.00454545454545 0.0218181818182 0.128181818182
19 0.0909090909091 0.00545454545455 0.0318181818182 0.0327272727273 0.0345454545455 0.0854545454545 0.0245454545455 0.0609090909091 0.0336363636364 0.143636363636 0.0236363636364 0.02 0.0136363636364 0.04 0.05 0.0554545454545 0.0381818181818 0.0618181818182 0.0109090909091 0.0190909090909 0.123636363636
20 0.0318181818182 0.00909090909091 0.00545454545455 0.0118181818182 0.05 0.00636363636364 0.00545454545455 0.146363636364 0.00818181818182 0.338181818182 0.0509090909091 0.00909090909091 0.00636363636364 0.0145454545455 0.01 0.0109090909091 0.0372727272727 0.0909090909091 0.00818181818182 0.0218181818182 0.127272727273
21 0.0872727272727 0.02 0.0245454545455 0.0936363636364 0.01 0.0336363636364 0.0209090909091 0.03 0.106363636364 0.0481818181818 0.0136363636364 0.03 0.01 0.0554545454545 0.09 0.0863636363636 0.05 0.0509090909091 0.00454545454545 0.0172727272727 0.117272727273
22 0.0681818181818 0.00454545454545 0.0781818181818 0.107272727273 0.0145454545455 0.0363636363636 0.0281818181818 0.0218181818182 0.0645454545455 0.0454545454545 0.0127272727273 0.0554545454545 0.0190909090909 0.0636363636364 0.09 0.08 0.05 0.0218181818182 0.00636363636364 0.0109090909091 0.120909090909
23 0.0927272727273 0.02 0.00909090909091 0.0263636363636 0.0418181818182 0.0163636363636 0.0190909090909 0.0981818181818 0.0254545454545 0.17 0.0481818181818 0.0136363636364 0.00636363636364 0.0409090909091 0.0309090909091 0.0472727272727 0.0354545454545 0.0781818181818 0.0127272727273 0.05 0.117272727273
24 0.0445454545455 0.0154545454545 0.00454545454545 0.00909090909091 0.0927272727273 0.00363636363636 0.00363636363636 0.0890909090909 0.0181818181818 0.431818181818 0.0236363636364 0.00545454545455 0.00727272727273 0.00636363636364 0.0136363636364 0.0172727272727 0.0136363636364 0.07 0.00727272727273 0.00818181818182 0.114545454545
25 0.0909090909091 0.00909090909091 0.0409090909091 0.131818181818 0.0172727272727 0.0454545454545 0.02 0.0209090909091 0.0736363636364 0.0454545454545 0.00545454545455 0.0490909090909 0.0254545454545 0.0527272727273 0.0845454545455 0.0809090909091 0.0481818181818 0.0190909090909 0.00272727272727 0.0118181818182 0.124545454545
26 0.0790909090909 0.00272727272727 0.0627272727273 0.0863636363636 0.0272727272727 0.0363636363636 0.0254545454545 0.0172727272727 0.0763636363636 0.0390909090909 0.0118181818182 0.04 0.0290909090909 0.0590909090909 0.0890909090909 0.08 0.0309090909091 0.0163636363636 0.00909090909091 0.0136363636364 0.168181818182
27 0.0745454545455 0.0136363636364 0.0363636363636 0.0709090909091 0.0418181818182 0.0290909090909 0.0263636363636 0.0409090909091 0.0290909090909 0.120909090909 0.0263636363636 0.0472727272727 0.0245454545455 0.0372727272727 0.0318181818182 0.06 0.0309090909091 0.0281818181818 0.0318181818182 0.0390909090909 0.159090909091
28 0.0418181818182 0.00727272727273 0.0618181818182 0.0427272727273 0.0272727272727 0.31 0.0218181818182 0.0172727272727 0.0363636363636 0.0327272727273 0.00454545454545 0.0581818181818 0.0372727272727 0.03 0.0390909090909 0.0445454545455 0.0109090909091 0.0154545454545 0.00363636363636 0.0190909090909 0.138181818182
29 0.0727272727273 0.0281818181818 0.0218181818182 0.0327272727273 0.140909090909 0.0218181818182 0.0281818181818 0.0772727272727 0.0145454545455 0.08 0.0245454545455 0.0127272727273 0.0145454545455 0.0190909090909 0.0172727272727 0.0209090909091 0.0227272727273 0.0681818181818 0.03 0.11 0.141818181818
30 0.0445454545455 0.00909090909091 0.0354545454545 0.0563636363636 0.0190909090909 0.0245454545455 0.0209090909091 0.0209090909091 0.0381818181818 0.0409090909091 0.00636363636364 0.03 0.0109090909091 0.0354545454545 0.0372727272727 0.0354545454545 0.0336363636364 0.0236363636364 0.00181818181818 0.0145454545455 0.460909090909
31 0.0481818181818 0.0172727272727 0.0554545454545 0.0772727272727 0.0181818181818 0.0190909090909 0.0154545454545 0.0554545454545 0.0390909090909 0.0554545454545 0.00727272727273 0.0354545454545 0.0190909090909 0.0472727272727 0.0436363636364 0.0518181818182 0.0527272727273 0.0718181818182 0.0 0.00818181818182 0.261818181818
32 0.05 0.05 0.00818181818182 0.0181818181818 0.0409090909091 0.00818181818182 0.01 0.137272727273 0.0109090909091 0.108181818182 0.0118181818182 0.00363636363636 0.03 0.0163636363636 0.0181818181818 0.0309090909091 0.0490909090909 0.229090909091 0.00636363636364 0.0227272727273 0.14
33 0.0627272727273 0.0127272727273 0.0609090909091 0.0627272727273 0.0372727272727 0.0527272727273 0.0381818181818 0.0736363636364 0.0354545454545 0.0672727272727 0.01 0.0136363636364 0.00909090909091 0.0381818181818 0.0527272727273 0.05 0.0654545454545 0.0736363636364 0.0109090909091 0.03 0.142727272727
34 0.0772727272727 0.0345454545455 0.0281818181818 0.0663636363636 0.0354545454545 0.0218181818182 0.0318181818182 0.0781818181818 0.0227272727273 0.0654545454545 0.01 0.0209090909091 0.0281818181818 0.0363636363636 0.0445454545455 0.0572727272727 0.0809090909091 0.0918181818182 0.01 0.0245454545455 0.133636363636
35 0.195454545455 0.0590909090909 0.0118181818182 0.0254545454545 0.0818181818182 0.0163636363636 0.0163636363636 0.0509090909091 0.02 0.0572727272727 0.0127272727273 0.0209090909091 0.0218181818182 0.0172727272727 0.02 0.0436363636364 0.0545454545455 0.117272727273 0.00727272727273 0.0254545454545 0.124545454545
36 0.0718181818182 0.00636363636364 0.0772727272727 0.0745454545455 0.0109090909091 0.0618181818182 0.0272727272727 0.0263636363636 0.0409090909091 0.0290909090909 0.00545454545455 0.0590909090909 0.0436363636364 0.0381818181818 0.0527272727273 0.11 0.0745454545455 0.0227272727273 0.00363636363636 0.0272727272727 0.136363636364
37 0.0327272727273 0.0118181818182 0.179090909091 0.0590909090909 0.0109090909091 0.0463636363636 0.0127272727273 0.0154545454545 0.0254545454545 0.0263636363636 0.00636363636364 0.0836363636364 0.0227272727273 0.0254545454545 0.03 0.167272727273 0.0863636363636 0.0190909090909 0.00454545454545 0.01 0.124545454545
38 0.105454545455 0.0145454545455 0.03 0.0527272727273 0.0354545454545 0.153636363636 0.00909090909091 0.05 0.0227272727273 0.0881818181818 0.00636363636364 0.0218181818182 0.0545454545455 0.0172727272727 0.0254545454545 0.0636363636364 0.0372727272727 0.0609090909091 0.0109090909091 0.02 0.12
39 0.08 0.00454545454545 0.0990909090909 0.148181818182 0.02 0.0409090909091 0.0145454545455 0.0290909090909 0.0736363636364 0.0436363636364 0.00727272727273 0.04 0.0254545454545 0.0554545454545 0.04 0.0709090909091 0.0381818181818 0.0318181818182 0.000909090909091 0.00727272727273 0.129090909091
40 0.0981818181818 0.00636363636364 0.13 0.203636363636 0.01 0.0372727272727 0.0190909090909 0.0172727272727 0.0345454545455 0.0309090909091 0.0145454545455 0.0227272727273 0.0190909090909 0.0636363636364 0.0290909090909 0.0618181818182 0.0445454545455 0.0227272727273 0.00363636363636 0.00636363636364 0.124545454545
41 0.29 0.0145454545455 0.02 0.0236363636364 0.0381818181818 0.0509090909091 0.00545454545455 0.0509090909091 0.01 0.146363636364 0.0109090909091 0.0109090909091 0.00909090909091 0.0163636363636 0.0227272727273 0.0254545454545 0.0309090909091 0.0727272727273 0.00545454545455 0.0127272727273 0.132727272727
42 0.0490909090909 0.0109090909091 0.0145454545455 0.0345454545455 0.0509090909091 0.0254545454545 0.00727272727273 0.108181818182 0.0309090909091 0.239090909091 0.0363636363636 0.0118181818182 0.0136363636364 0.0254545454545 0.0418181818182 0.0272727272727 0.0190909090909 0.0654545454545 0.0136363636364 0.0363636363636 0.138181818182
43 0.08 0.0118181818182 0.0763636363636 0.135454545455 0.0209090909091 0.0309090909091 0.0163636363636 0.0163636363636 0.0718181818182 0.04 0.00909090909091 0.0427272727273 0.0209090909091 0.07 0.0663636363636 0.0563636363636 0.0454545454545 0.0272727272727 0.00909090909091 0.0145454545455 0.138181818182
44 0.0945454545455 0.0109090909091 0.0354545454545 0.0481818181818 0.0345454545455 0.0290909090909 0.0254545454545 0.0772727272727 0.0463636363636 0.12 0.0281818181818 0.0172727272727 0.00909090909091 0.0427272727273 0.0536363636364 0.0363636363636 0.0290909090909 0.0518181818182 0.0136363636364 0.0436363636364 0.152727272727
45 0.0709090909091 0.0254545454545 0.0109090909091 0.0154545454545 0.0527272727273 0.0136363636364 0.0109090909091 0.128181818182 0.0163636363636 0.238181818182 0.0254545454545 0.00818181818182 0.0136363636364 0.0163636363636 0.0109090909091 0.0227272727273 0.0181818181818 0.0909090909091 0.00545454545455 0.0254545454545 0.18
46 0.07 0.00545454545455 0.0509090909091 0.0827272727273 0.0127272727273 0.0409090909091 0.02 0.0209090909091 0.0718181818182 0.0609090909091 0.00909090909091 0.0381818181818 0.0181818181818 0.0554545454545 0.0954545454545 0.07 0.0327272727273 0.0263636363636 0.00272727272727 0.0227272727273 0.192727272727
47 0.0727272727273 0.00909090909091 0.0645454545455 0.0963636363636 0.0172727272727 0.0427272727273 0.0218181818182 0.02 0.06 0.0436363636364 0.00545454545455 0.0463636363636 0.0227272727273 0.0636363636364 0.0681818181818 0.0645454545455 0.0463636363636 0.0281818181818 0.00545454545455 0.0118181818182 0.189090909091
48 0.0609090909091 0.00545454545455 0.0472727272727 0.0727272727273 0.0327272727273 0.0609090909091 0.0472727272727 0.0281818181818 0.0481818181818 0.0581818181818 0.00909090909091 0.0618181818182 0.0345454545455 0.0590909090909 0.0609090909091 0.0618181818182 0.0436363636364 0.0263636363636 0.00909090909091 0.02 0.151818181818
49 0.0609090909091 0.00909090909091 0.0681818181818 0.0718181818182 0.00909090909091 0.0554545454545 0.0336363636364 0.0290909090909 0.0763636363636 0.0427272727273 0.0127272727273 0.0490909090909 0.0790909090909 0.0590909090909 0.0690909090909 0.0736363636364 0.0381818181818 0.0363636363636 0.00818181818182 0.0109090909091 0.107272727273
50 0.08 0.0209090909091 0.0227272727273 0.0154545454545 0.113636363636 0.0136363636364 0.01 0.07 0.0163636363636 0.0518181818182 0.00727272727273 0.0127272727273 0.229090909091 0.0127272727273 0.0181818181818 0.0227272727273 0.0254545454545 0.0818181818182 0.0136363636364 0.0745454545455 0.0872727272727
51 0.0618181818182 0.0118181818182 0.327272727273 0.0781818181818 0.0118181818182 0.0409090909091 0.0318181818182 0.0136363636364 0.0281818181818 0.0236363636364 0.000909090909091 0.0509090909091 0.0236363636364 0.0381818181818 0.0409090909091 0.0681818181818 0.0272727272727 0.0272727272727 0.00363636363636 0.01 0.08
52 0.0818181818182 0.0309090909091 0.0127272727273 0.0109090909091 0.03 0.0209090909091 0.00545454545455 0.163636363636 0.00636363636364 0.274545454545 0.0318181818182 0.00363636363636 0.00272727272727 0.01 0.00909090909091 0.0154545454545 0.0272727272727 0.167272727273 0.00454545454545 0.00909090909091 0.0818181818182
53 0.0627272727273 0.0145454545455 0.0118181818182 0.00909090909091 0.0445454545455 0.00727272727273 0.00181818181818 0.239090909091 0.0109090909091 0.181818181818 0.0236363636364 0.00818181818182 0.0109090909091 0.00909090909091 0.00909090909091 0.0172727272727 0.0136363636364 0.24 0.00636363636364 0.01 0.0681818181818
54 0.02 0.00636363636364 0.00636363636364 0.0109090909091 0.103636363636 0.00454545454545 0.00363636363636 0.224545454545 0.00363636363636 0.274545454545 0.0245454545455 0.00181818181818 0.00818181818182 0.00272727272727 0.01 0.00909090909091 0.0118181818182 0.171818181818 0.0118181818182 0.0236363636364 0.0663636363636
55 0.0690909090909 0.0336363636364 0.00818181818182 0.0172727272727 0.0463636363636 0.0136363636364 0.00545454545455 0.181818181818 0.00727272727273 0.214545454545 0.05 0.00727272727273 0.00818181818182 0.00636363636364 0.00818181818182 0.0390909090909 0.0554545454545 0.150909090909 0.00636363636364 0.0109090909091 0.06
56 0.0454545454545 0.0154545454545 0.414545454545 0.0809090909091 0.00454545454545 0.0463636363636 0.0127272727273 0.0163636363636 0.0145454545455 0.0172727272727 0.00272727272727 0.0809090909091 0.0136363636364 0.0209090909091 0.0245454545455 0.0654545454545 0.0218181818182 0.0163636363636 0.00181818181818 0.00727272727273 0.0763636363636
57 0.0727272727273 0.0263636363636 0.0327272727273 0.05 0.0218181818182 0.0245454545455 0.0181818181818 0.1 0.0154545454545 0.147272727273 0.0409090909091 0.0172727272727 0.03 0.0209090909091 0.0254545454545 0.0636363636364 0.0481818181818 0.09 0.0245454545455 0.0472727272727 0.0827272727273
58 0.0627272727273 0.0118181818182 0.130909090909 0.0672727272727 0.03 0.0509090909091 0.0254545454545 0.0327272727273 0.0372727272727 0.0518181818182 0.0272727272727 0.0654545454545 0.0272727272727 0.0527272727273 0.0645454545455 0.0790909090909 0.0281818181818 0.0372727272727 0.00818181818182 0.0136363636364 0.0954545454545
59 0.0536363636364 0.0109090909091 0.0290909090909 0.0236363636364 0.0454545454545 0.0263636363636 0.0190909090909 0.0672727272727 0.0209090909091 0.225454545455 0.106363636364 0.0227272727273 0.0154545454545 0.0272727272727 0.0190909090909 0.0436363636364 0.0545454545455 0.0545454545455 0.00818181818182 0.0145454545455 0.111818181818
60 0.0690909090909 0.0172727272727 0.06 0.0754545454545 0.0209090909091 0.0536363636364 0.0172727272727 0.0218181818182 0.0363636363636 0.0672727272727 0.00727272727273 0.0290909090909 0.204545454545 0.0254545454545 0.0363636363636 0.0554545454545 0.0409090909091 0.0309090909091 0.00272727272727 0.00818181818182 0.12
61 0.0427272727273 0.00727272727273 0.142727272727 0.0718181818182 0.00909090909091 0.134545454545 0.0209090909091 0.0227272727273 0.0427272727273 0.0345454545455 0.00545454545455 0.0472727272727 0.04 0.03 0.04 0.07 0.0372727272727 0.0290909090909 0.00636363636364 0.00909090909091 0.156363636364
62 0.0627272727273 0.0136363636364 0.0645454545455 0.0527272727273 0.03 0.06 0.01 0.0836363636364 0.04 0.0981818181818 0.0690909090909 0.0236363636364 0.0272727272727 0.0181818181818 0.0345454545455 0.0563636363636 0.0418181818182 0.0554545454545 0.00909090909091 0.0218181818182 0.127272727273
63 0.0681818181818 0.00545454545455 0.165454545455 0.08 0.0136363636364 0.0545454545455 0.0145454545455 0.0181818181818 0.0490909090909 0.0290909090909 0.00818181818182 0.0927272727273 0.0363636363636 0.0281818181818 0.0336363636364 0.0990909090909 0.04 0.0263636363636 0.00363636363636 0.0109090909091 0.122727272727
64 0.0972727272727 0.00909090909091 0.0436363636364 0.0372727272727 0.0163636363636 0.294545454545 0.00545454545455 0.0327272727273 0.0154545454545 0.05 0.0109090909091 0.0327272727273 0.0363636363636 0.02 0.0290909090909 0.0572727272727 0.0390909090909 0.0345454545455 0.0145454545455 0.0109090909091 0.112727272727
65 0.0581818181818 0.0154545454545 0.0309090909091 0.0454545454545 0.0781818181818 0.02 0.0127272727273 0.108181818182 0.0263636363636 0.162727272727 0.0209090909091 0.0118181818182 0.0263636363636 0.0309090909091 0.0390909090909 0.0327272727273 0.0390909090909 0.0754545454545 0.0154545454545 0.0327272727273 0.117272727273
66 0.0909090909091 0.00363636363636 0.129090909091 0.162727272727 0.0109090909091 0.04 0.02 0.02 0.0463636363636 0.0372727272727 0.00636363636364 0.0354545454545 0.0272727272727 0.0590909090909 0.0445454545455 0.0727272727273 0.0454545454545 0.0236363636364 0.00454545454545 0.00909090909091 0.110909090909
67 0.0690909090909 0.0136363636364 0.0145454545455 0.0227272727273 0.0954545454545 0.0209090909091 0.0127272727273 0.0881818181818 0.0136363636364 0.238181818182 0.02 0.0172727272727 0.0109090909091 0.0136363636364 0.04 0.0272727272727 0.0490909090909 0.0863636363636 0.02 0.0154545454545 0.110909090909
68 0.11 0.0472727272727 0.00727272727273 0.0163636363636 0.0263636363636 0.02 0.0127272727273 0.14 0.00909090909091 0.231818181818 0.0263636363636 0.00545454545455 0.0172727272727 0.0163636363636 0.0227272727273 0.0263636363636 0.0290909090909 0.102727272727 0.00636363636364 0.0181818181818 0.108181818182
69 0.0763636363636 0.00272727272727 0.0590909090909 0.102727272727 0.0118181818182 0.0309090909091 0.0218181818182 0.0272727272727 0.0927272727273 0.0309090909091 0.0118181818182 0.04 0.02 0.0663636363636 0.164545454545 0.0590909090909 0.0327272727273 0.0236363636364 0.00545454545455 0.00727272727273 0.112727272727
70 0.0909090909091 0.00636363636364 0.0409090909091 0.106363636364 0.0236363636364 0.0263636363636 0.0254545454545 0.0336363636364 0.09 0.0627272727273 0.0190909090909 0.0272727272727 0.00909090909091 0.0563636363636 0.0872727272727 0.0509090909091 0.0372727272727 0.0345454545455 0.0236363636364 0.0309090909091 0.117272727273
71 0.04 0.00636363636364 0.00818181818182 0.0136363636364 0.0372727272727 0.0109090909091 0.00545454545455 0.197272727273 0.00727272727273 0.309090909091 0.0345454545455 0.0109090909091 0.00727272727273 0.0190909090909 0.0254545454545 0.0209090909091 0.0163636363636 0.0890909090909 0.0109090909091 0.0127272727273 0.117272727273
72 0.0545454545455 0.0145454545455 0.0227272727273 0.0345454545455 0.0172727272727 0.0254545454545 0.0318181818182 0.0272727272727 0.142727272727 0.0572727272727 0.00818181818182 0.0454545454545 0.01 0.0463636363636 0.215454545455 0.0454545454545 0.0254545454545 0.0245454545455 0.00454545454545 0.0127272727273 0.133636363636
73 0.0790909090909 0.00636363636364 0.0445454545455 0.104545454545 0.00636363636364 0.0363636363636 0.0263636363636 0.0190909090909 0.0754545454545 0.0454545454545 0.01 0.0427272727273 0.0245454545455 0.0545454545455 0.0863636363636 0.09 0.0427272727273 0.0209090909091 0.00272727272727 0.00909090909091 0.172727272727
74 0.0490909090909 0.00818181818182 0.0527272727273 0.0563636363636 0.02 0.0281818181818 0.0463636363636 0.0445454545455 0.0372727272727 0.0790909090909 0.0136363636364 0.0418181818182 0.0172727272727 0.0409090909091 0.0636363636364 0.0436363636364 0.0363636363636 0.0318181818182 0.00636363636364 0.0209090909091 0.261818181818
75 0.0427272727273 0.01 0.0236363636364 0.0572727272727 0.0163636363636 0.0509090909091 0.0236363636364 0.0127272727273 0.0381818181818 0.0427272727273 0.00545454545455 0.0372727272727 0.0627272727273 0.0272727272727 0.0390909090909 0.0427272727273 0.0272727272727 0.0163636363636 0.00181818181818 0.0190909090909 0.402727272727
76 0.0518181818182 0.00818181818182 0.0345454545455 0.0545454545455 0.0127272727273 0.0336363636364 0.0218181818182 0.0218181818182 0.0409090909091 0.0418181818182 0.00545454545455 0.0345454545455 0.03 0.0318181818182 0.0545454545455 0.04 0.0318181818182 0.0263636363636 0.00363636363636 0.0136363636364 0.406363636364
77 0.05 0.01 0.0418181818182 0.0345454545455 0.0354545454545 0.0390909090909 0.0209090909091 0.0272727272727 0.0281818181818 0.0845454545455 0.0181818181818 0.0536363636364 0.0272727272727 0.0272727272727 0.0409090909091 0.05 0.0472727272727 0.0327272727273 0.0218181818182 0.0363636363636 0.272727272727
78 0.0663636363636 0.0127272727273 0.0418181818182 0.0436363636364 0.0227272727273 0.04 0.0209090909091 0.0281818181818 0.0581818181818 0.0381818181818 0.0127272727273 0.0390909090909 0.137272727273 0.0445454545455 0.0690909090909 0.0718181818182 0.0390909090909 0.0345454545455 0.00363636363636 0.0163636363636 0.159090909091
79 0.0618181818182 0.01 0.0936363636364 0.0618181818182 0.0254545454545 0.0690909090909 0.04 0.0190909090909 0.0518181818182 0.0327272727273 0.00727272727273 0.0663636363636 0.0536363636364 0.0418181818182 0.0618181818182 0.07 0.0445454545455 0.0145454545455 0.00272727272727 0.0163636363636 0.155454545455
80 0.0745454545455 0.0318181818182 0.0172727272727 0.0172727272727 0.0227272727273 0.0245454545455 0.0154545454545 0.134545454545 0.0190909090909 0.143636363636 0.03 0.0145454545455 0.05 0.0190909090909 0.0209090909091 0.03 0.0854545454545 0.115454545455 0.000909090909091 0.00454545454545 0.128181818182
81 0.0509090909091 0.00909090909091 0.0236363636364 0.0236363636364 0.0127272727273 0.0336363636364 0.0245454545455 0.0381818181818 0.0690909090909 0.0436363636364 0.00727272727273 0.0190909090909 0.312727272727 0.0381818181818 0.0681818181818 0.04 0.0309090909091 0.0454545454545 0.000909090909091 0.0181818181818 0.09
82 0.0363636363636 0.0127272727273 0.00636363636364 0.0145454545455 0.0690909090909 0.01 0.00454545454545 0.228181818182 0.0172727272727 0.140909090909 0.0245454545455 0.00363636363636 0.0136363636364 0.00818181818182 0.0254545454545 0.0172727272727 0.0381818181818 0.217272727273 0.00909090909091 0.0227272727273 0.08
83 0.0381818181818 0.00454545454545 0.00363636363636 0.00454545454545 0.0327272727273 0.0136363636364 0.00636363636364 0.310909090909 0.00818181818182 0.187272727273 0.0281818181818 0.00636363636364 0.01 0.00363636363636 0.01 0.00818181818182 0.0145454545455 0.203636363636 0.00545454545455 0.0109090909091 0.0890909090909
84 0.0972727272727 0.0145454545455 0.00727272727273 0.0136363636364 0.0909090909091 0.0309090909091 0.00363636363636 0.118181818182 0.00727272727273 0.206363636364 0.0463636363636 0.00636363636364 0.00454545454545 0.00272727272727 0.0136363636364 0.0218181818182 0.0209090909091 0.170909090909 0.0118181818182 0.0272727272727 0.0836363636364
85 0.0272727272727 0.0145454545455 0.0109090909091 0.0118181818182 0.0618181818182 0.02 0.00909090909091 0.164545454545 0.00636363636364 0.239090909091 0.0627272727273 0.00636363636364 0.00636363636364 0.0118181818182 0.0127272727273 0.0318181818182 0.0390909090909 0.137272727273 0.00727272727273 0.0281818181818 0.0909090909091
86 0.0963636363636 0.0254545454545 0.0327272727273 0.0290909090909 0.01 0.0763636363636 0.00636363636364 0.0409090909091 0.0209090909091 0.0454545454545 0.0136363636364 0.0318181818182 0.0172727272727 0.0154545454545 0.0145454545455 0.166363636364 0.164545454545 0.0745454545455 0.00727272727273 0.0109090909091 0.1
87 0.113636363636 0.00545454545455 0.0945454545455 0.0736363636364 0.0118181818182 0.124545454545 0.0127272727273 0.0163636363636 0.0236363636364 0.0281818181818 0.0127272727273 0.0627272727273 0.0545454545455 0.0254545454545 0.03 0.102727272727 0.0563636363636 0.0309090909091 0.00272727272727 0.0127272727273 0.104545454545
88 0.0536363636364 0.0127272727273 0.0736363636364 0.0863636363636 0.0345454545455 0.0509090909091 0.0381818181818 0.0263636363636 0.0418181818182 0.0545454545455 0.0109090909091 0.0490909090909 0.04 0.0518181818182 0.0609090909091 0.0854545454545 0.0536363636364 0.0254545454545 0.00363636363636 0.0354545454545 0.110909090909
89 0.0627272727273 0.00727272727273 0.0872727272727 0.0881818181818 0.0254545454545 0.0945454545455 0.0209090909091 0.0290909090909 0.0363636363636 0.0490909090909 0.00909090909091 0.0463636363636 0.0654545454545 0.0318181818182 0.0372727272727 0.0763636363636 0.0672727272727 0.0309090909091 0.00727272727273 0.0145454545455 0.112727272727
90 0.0618181818182 0.01 0.139090909091 0.09 0.0145454545455 0.0490909090909 0.0236363636364 0.0181818181818 0.0372727272727 0.0454545454545 0.00636363636364 0.0545454545455 0.0336363636364 0.0554545454545 0.0563636363636 0.0954545454545 0.0572727272727 0.0227272727273 0.00363636363636 0.00909090909091 0.116363636364
91 0.0818181818182 0.00272727272727 0.0609090909091 0.0972727272727 0.0345454545455 0.0336363636364 0.0254545454545 0.0372727272727 0.0427272727273 0.0654545454545 0.0127272727273 0.0327272727273 0.0654545454545 0.0381818181818 0.0681818181818 0.0590909090909 0.0345454545455 0.0481818181818 0.00636363636364 0.0145454545455 0.138181818182
92 0.0790909090909 0.00727272727273 0.0963636363636 0.135454545455 0.0218181818182 0.0490909090909 0.03 0.0227272727273 0.0490909090909 0.0427272727273 0.00636363636364 0.0272727272727 0.0418181818182 0.0436363636364 0.0454545454545 0.0663636363636 0.0354545454545 0.0345454545455 0.00545454545455 0.00909090909091 0.150909090909
93 0.0636363636364 0.00818181818182 0.0827272727273 0.0836363636364 0.0336363636364 0.0390909090909 0.0154545454545 0.0536363636364 0.0236363636364 0.0936363636364 0.0245454545455 0.0336363636364 0.0272727272727 0.0354545454545 0.0381818181818 0.0590909090909 0.0536363636364 0.0472727272727 0.00727272727273 0.0345454545455 0.141818181818
94 0.106363636364 0.0118181818182 0.0218181818182 0.0554545454545 0.03 0.0281818181818 0.0154545454545 0.1 0.0345454545455 0.113636363636 0.0254545454545 0.0154545454545 0.0227272727273 0.0209090909091 0.0563636363636 0.0354545454545 0.04 0.0954545454545 0.0136363636364 0.0218181818182 0.135454545455
95 0.0681818181818 0.00363636363636 0.0436363636364 0.0790909090909 0.0354545454545 0.0281818181818 0.0190909090909 0.07 0.0363636363636 0.103636363636 0.0209090909091 0.0336363636364 0.0218181818182 0.05 0.0745454545455 0.0536363636364 0.03 0.08 0.00545454545455 0.0209090909091 0.121818181818
96 0.08 0.00363636363636 0.0518181818182 0.118181818182 0.00909090909091 0.0354545454545 0.0209090909091 0.0290909090909 0.0845454545455 0.06 0.0145454545455 0.0354545454545 0.0309090909091 0.0672727272727 0.104545454545 0.0527272727273 0.0318181818182 0.0245454545455 0.00636363636364 0.0136363636364 0.125454545455
97 0.185454545455 0.0427272727273 0.02 0.0281818181818 0.0372727272727 0.0463636363636 0.0209090909091 0.0490909090909 0.0236363636364 0.121818181818 0.0209090909091 0.0118181818182 0.0163636363636 0.0190909090909 0.0290909090909 0.0572727272727 0.04 0.0590909090909 0.0163636363636 0.0236363636364 0.130909090909
98 0.0409090909091 0.00818181818182 0.0236363636364 0.0227272727273 0.0727272727273 0.0227272727273 0.02 0.0963636363636 0.0363636363636 0.197272727273 0.0354545454545 0.0172727272727 0.0163636363636 0.03 0.0427272727273 0.0381818181818 0.03 0.0472727272727 0.0127272727273 0.0581818181818 0.130909090909
99 0.0763636363636 0.00545454545455 0.0627272727273 0.107272727273 0.0127272727273 0.0490909090909 0.03 0.03 0.08 0.0454545454545 0.00909090909091 0.0590909090909 0.0154545454545 0.0536363636364 0.100909090909 0.0627272727273 0.0281818181818 0.0227272727273 0.0136363636364 0.00818181818182 0.127272727273
100 0.155454545455 0.0245454545455 0.0354545454545 0.0363636363636 0.0281818181818 0.0318181818182 0.0236363636364 0.0527272727273 0.0336363636364 0.122727272727 0.0136363636364 0.0390909090909 0.0263636363636 0.0236363636364 0.0390909090909 0.0809090909091 0.0318181818182 0.0527272727273 0.00636363636364 0.0363636363636 0.105454545455
101 0.0381818181818 0.00636363636364 0.0409090909091 0.0418181818182 0.0118181818182 0.389090909091 0.0263636363636 0.0145454545455 0.0381818181818 0.0236363636364 0.00909090909091 0.05 0.0254545454545 0.0336363636364 0.0427272727273 0.0472727272727 0.0327272727273 0.01 0.00454545454545 0.0145454545455 0.0990909090909
102 0.211818181818 0.0336363636364 0.0209090909091 0.02 0.0472727272727 0.0409090909091 0.0118181818182 0.0945454545455 0.0163636363636 0.0681818181818 0.0163636363636 0.0263636363636 0.0381818181818 0.0136363636364 0.0245454545455 0.0245454545455 0.0218181818182 0.145454545455 0.00363636363636 0.0254545454545 0.0945454545455
103 0.0627272727273 0.0136363636364 0.145454545455 0.0345454545455 0.0572727272727 0.0190909090909 0.0363636363636 0.0463636363636 0.0345454545455 0.0554545454545 0.0118181818182 0.0572727272727 0.0172727272727 0.0409090909091 0.0327272727273 0.0745454545455 0.0381818181818 0.0718181818182 0.00545454545455 0.0518181818182 0.0927272727273
104 0.0981818181818 0.00818181818182 0.183636363636 0.0527272727273 0.0263636363636 0.153636363636 0.0263636363636 0.0254545454545 0.0254545454545 0.0254545454545 0.00454545454545 0.0354545454545 0.0109090909091 0.0281818181818 0.0563636363636 0.0536363636364 0.0318181818182 0.0318181818182 0.00454545454545 0.0363636363636 0.0809090909091
105 0.0172727272727 0.0463636363636 0.0127272727273 0.0109090909091 0.168181818182 0.0163636363636 0.0209090909091 0.0645454545455 0.00545454545455 0.0863636363636 0.0136363636364 0.00545454545455 0.00454545454545 0.0145454545455 0.02 0.02 0.03 0.124545454545 0.0218181818182 0.219090909091 0.0772727272727
106 0.0281818181818 0.0118181818182 0.00636363636364 0.0154545454545 0.0672727272727 0.00727272727273 0.0136363636364 0.204545454545 0.00363636363636 0.314545454545 0.0345454545455 0.0127272727273 0.01 0.0109090909091 0.0145454545455 0.0163636363636 0.0127272727273 0.125454545455 0.0118181818182 0.0163636363636 0.0618181818182
107 0.0636363636364 0.0209090909091 0.0309090909091 0.0636363636364 0.0227272727273 0.0336363636364 0.0263636363636 0.0645454545455 0.0436363636364 0.0963636363636 0.0136363636364 0.0263636363636 0.0554545454545 0.0372727272727 0.0545454545455 0.0963636363636 0.07 0.0836363636364 0.00545454545455 0.0290909090909 0.0618181818182
108 0.0463636363636 0.00636363636364 0.0254545454545 0.0381818181818 0.0236363636364 0.0254545454545 0.0181818181818 0.0245454545455 0.282727272727 0.0672727272727 0.0136363636364 0.0245454545455 0.0245454545455 0.0445454545455 0.109090909091 0.0636363636364 0.0345454545455 0.0290909090909 0.0163636363636 0.0163636363636 0.0654545454545
109 0.0581818181818 0.00272727272727 0.0527272727273 0.0345454545455 0.0118181818182 0.0227272727273 0.0172727272727 0.00727272727273 0.0263636363636 0.0236363636364 0.00363636363636 0.0436363636364 0.436363636364 0.0263636363636 0.0190909090909 0.0727272727273 0.0409090909091 0.0127272727273 0.000909090909091 0.0118181818182 0.0745454545455
110 0.0663636363636 0.0281818181818 0.0509090909091 0.0363636363636 0.108181818182 0.0136363636364 0.00727272727273 0.111818181818 0.0163636363636 0.153636363636 0.0154545454545 0.0227272727273 0.0190909090909 0.0190909090909 0.0109090909091 0.0318181818182 0.0354545454545 0.0981818181818 0.0172727272727 0.0381818181818 0.0990909090909
111 0.0518181818182 0.01 0.135454545455 0.0627272727273 0.02 0.0336363636364 0.0236363636364 0.0154545454545 0.04 0.0490909090909 0.0109090909091 0.0727272727273 0.0309090909091 0.0290909090909 0.0581818181818 0.117272727273 0.0827272727273 0.0218181818182 0.00181818181818 0.0127272727273 0.12
112 0.0781818181818 0.00272727272727 0.0536363636364 0.0727272727273 0.03 0.03 0.02 0.0490909090909 0.0536363636364 0.0790909090909 0.0181818181818 0.03 0.110909090909 0.0372727272727 0.0518181818182 0.0527272727273 0.0390909090909 0.04 0.00454545454545 0.03 0.116363636364
113 0.0854545454545 0.00454545454545 0.106363636364 0.131818181818 0.0109090909091 0.05 0.0263636363636 0.0145454545455 0.0481818181818 0.04 0.00818181818182 0.0463636363636 0.0254545454545 0.0427272727273 0.0554545454545 0.0809090909091 0.0418181818182 0.0227272727273 0.00545454545455 0.00909090909091 0.143636363636
114 0.0563636363636 0.00181818181818 0.0963636363636 0.159090909091 0.0118181818182 0.0172727272727 0.0245454545455 0.03 0.0454545454545 0.0627272727273 0.0181818181818 0.0236363636364 0.0118181818182 0.0672727272727 0.0572727272727 0.0581818181818 0.0490909090909 0.0381818181818 0.00454545454545 0.0145454545455 0.151818181818
115 0.0209090909091 0.00454545454545 0.00636363636364 0.00727272727273 0.0963636363636 0.00727272727273 0.00454545454545 0.111818181818 0.00636363636364 0.42 0.0218181818182 0.00363636363636 0.00454545454545 0.00636363636364 0.00363636363636 0.0118181818182 0.0181818181818 0.0909090909091 0.00636363636364 0.00454545454545 0.142727272727
116 0.0781818181818 0.01 0.0163636363636 0.0572727272727 0.0327272727273 0.0190909090909 0.0172727272727 0.07 0.0654545454545 0.120909090909 0.0154545454545 0.0263636363636 0.0127272727273 0.0318181818182 0.0718181818182 0.0318181818182 0.03 0.0718181818182 0.0127272727273 0.0354545454545 0.172727272727
117 0.0890909090909 0.00818181818182 0.0627272727273 0.0909090909091 0.0118181818182 0.0345454545455 0.0254545454545 0.0245454545455 0.0563636363636 0.0363636363636 0.0136363636364 0.0390909090909 0.01 0.06 0.0863636363636 0.0763636363636 0.0418181818182 0.0227272727273 0.00454545454545 0.0118181818182 0.193636363636
118 0.157272727273 0.0227272727273 0.0127272727273 0.0381818181818 0.0172727272727 0.0218181818182 0.00909090909091 0.0536363636364 0.0481818181818 0.0890909090909 0.0145454545455 0.00909090909091 0.00272727272727 0.0227272727273 0.100909090909 0.0472727272727 0.0590909090909 0.0690909090909 0.00454545454545 0.0109090909091 0.189090909091
119 0.0254545454545 0.00818181818182 0.00454545454545 0.00545454545455 0.0327272727273 0.00545454545455 0.00454545454545 0.228181818182 0.000909090909091 0.26 0.0390909090909 0.00636363636364 0.00181818181818 0.00818181818182 0.00636363636364 0.00818181818182 0.0190909090909 0.14 0.00363636363636 0.00181818181818 0.19
120 0.0509090909091 0.0109090909091 0.0545454545455 0.0881818181818 0.00727272727273 0.0327272727273 0.0227272727273 0.0227272727273 0.0818181818182 0.0527272727273 0.0118181818182 0.05 0.00363636363636 0.0590909090909 0.101818181818 0.0545454545455 0.0245454545455 0.0236363636364 0.00363636363636 0.0145454545455 0.228181818182
121 0.0709090909091 0.00545454545455 0.0409090909091 0.0681818181818 0.00818181818182 0.03 0.0245454545455 0.0145454545455 0.0836363636364 0.0545454545455 0.0163636363636 0.0509090909091 0.00545454545455 0.0318181818182 0.09 0.0709090909091 0.0436363636364 0.0327272727273 0.00272727272727 0.0109090909091 0.243636363636
122 0.135454545455 0.0190909090909 0.00727272727273 0.0145454545455 0.04 0.01 0.0127272727273 0.0945454545455 0.01 0.146363636364 0.0227272727273 0.00636363636364 0.00363636363636 0.0181818181818 0.0109090909091 0.0309090909091 0.0172727272727 0.110909090909 0.00636363636364 0.0218181818182 0.260909090909
123 0.0581818181818 0.0145454545455 0.0109090909091 0.0136363636364 0.04 0.0154545454545 0.00727272727273 0.08 0.0236363636364 0.181818181818 0.0227272727273 0.0172727272727 0.00909090909091 0.0172727272727 0.0263636363636 0.0281818181818 0.0263636363636 0.0536363636364 0.00545454545455 0.0218181818182 0.326363636364
124 0.0563636363636 0.00363636363636 0.0454545454545 0.0672727272727 0.00727272727273 0.0354545454545 0.0181818181818 0.0127272727273 0.0563636363636 0.0272727272727 0.00454545454545 0.0345454545455 0.0181818181818 0.0381818181818 0.0672727272727 0.0454545454545 0.0190909090909 0.0118181818182 0.00272727272727 0.0136363636364 0.414545454545
125 0.03 0.00454545454545 0.0172727272727 0.0318181818182 0.00909090909091 0.03 0.00818181818182 0.0227272727273 0.0445454545455 0.0390909090909 0.0118181818182 0.0281818181818 0.0118181818182 0.0290909090909 0.0654545454545 0.0263636363636 0.0190909090909 0.0209090909091 0.00363636363636 0.02 0.526363636364
