POS A C D E F G H I K L M N P Q R S T V W Y -
1 0.000736377025037 0.0 0.000736377025037 0.0 0.0 0.0 0.0 0.0 0.0 0.000736377025037 0.0 0.00220913107511 0.00441826215022 0.0 0.0 0.000736377025037 0.00368188512518 0.000736377025037 0.0 0.0 0.986008836524
2 0.0139911634757 0.000736377025037 0.00220913107511 0.00662739322533 0.00220913107511 0.00736377025037 0.0 0.00957290132548 0.00220913107511 0.0176730486009 0.0493372606775 0.00441826215022 0.00589101620029 0.00957290132548 0.00294550810015 0.0110456553756 0.0169366715758 0.00662739322533 0.000736377025037 0.000736377025037 0.829160530191
3 0.039764359352 0.000736377025037 0.019882179676 0.0272459499264 0.00220913107511 0.00736377025037 0.00589101620029 0.0110456553756 0.0110456553756 0.019882179676 0.0346097201767 0.0117820324006 0.0162002945508 0.0132547864507 0.00515463917526 0.0368188512518 0.039027982327 0.0125184094256 0.0 0.000736377025037 0.684830633284
4 0.0471281296024 0.000736377025037 0.10530191458 0.040500736377 0.00294550810015 0.00810014727541 0.00589101620029 0.0103092783505 0.0117820324006 0.0162002945508 0.0272459499264 0.0220913107511 0.0316642120766 0.0132547864507 0.00810014727541 0.0530191458027 0.0522827687776 0.0117820324006 0.0 0.00220913107511 0.529455081001
5 0.0508100147275 0.000736377025037 0.0316642120766 0.0714285714286 0.0125184094256 0.00662739322533 0.0139911634757 0.0235640648012 0.0434462444772 0.0250368188513 0.0353460972018 0.0250368188513 0.0375552282769 0.0279823269514 0.0817378497791 0.0515463917526 0.0456553755523 0.0184094256259 0.00147275405007 0.0132547864507 0.382179675994
6 0.0817378497791 0.000736377025037 0.0677466863034 0.117820324006 0.00368188512518 0.0117820324006 0.0176730486009 0.0176730486009 0.0441826215022 0.0294550810015 0.0324005891016 0.0331369661267 0.0338733431517 0.059646539028 0.0309278350515 0.0559646539028 0.0530191458027 0.019145802651 0.00220913107511 0.00294550810015 0.284241531664
7 0.140648011782 0.00220913107511 0.0883652430044 0.113402061856 0.00515463917526 0.019145802651 0.00810014727541 0.020618556701 0.0434462444772 0.0243004418262 0.00441826215022 0.0375552282769 0.0287187039764 0.0706921944035 0.0287187039764 0.0589101620029 0.0839469808542 0.0272459499264 0.0 0.00294550810015 0.19145802651
8 0.0839469808542 0.0117820324006 0.0147275405007 0.0132547864507 0.0125184094256 0.0147275405007 0.0147275405007 0.158321060383 0.020618556701 0.111192930781 0.0220913107511 0.0839469808542 0.0611192930781 0.0235640648012 0.0301914580265 0.0287187039764 0.0463917525773 0.0905743740795 0.00220913107511 0.0117820324006 0.143593519882
9 0.0832106038292 0.00294550810015 0.0316642120766 0.09941089838 0.00736377025037 0.0132547864507 0.019882179676 0.0515463917526 0.10382916053 0.0743740795287 0.0162002945508 0.020618556701 0.0250368188513 0.0648011782032 0.136229749632 0.0324005891016 0.0427098674521 0.0500736377025 0.00515463917526 0.00736377025037 0.111929307806
10 0.165684830633 0.00220913107511 0.110456553756 0.171575846834 0.00147275405007 0.0243004418262 0.0184094256259 0.00441826215022 0.0670103092784 0.0147275405007 0.00662739322533 0.0309278350515 0.0162002945508 0.0979381443299 0.0684830633284 0.0552282768778 0.0522827687776 0.00736377025037 0.000736377025037 0.00294550810015 0.0810014727541
11 0.0949926362297 0.0103092783505 0.00147275405007 0.00515463917526 0.0552282768778 0.00441826215022 0.00736377025037 0.129602356406 0.0213549337261 0.248159057437 0.0154639175258 0.0154639175258 0.00662739322533 0.0132547864507 0.0301914580265 0.0162002945508 0.0751104565538 0.158321060383 0.0243004418262 0.00736377025037 0.059646539028
12 0.139911634757 0.00515463917526 0.00294550810015 0.0176730486009 0.0427098674521 0.0147275405007 0.00368188512518 0.162002945508 0.00662739322533 0.156848306333 0.0382916053019 0.0213549337261 0.00515463917526 0.00589101620029 0.0110456553756 0.0103092783505 0.0243004418262 0.257731958763 0.00441826215022 0.0250368188513 0.0441826215022
13 0.0972017673049 0.00368188512518 0.111192930781 0.136966126657 0.00810014727541 0.0265095729013 0.0287187039764 0.0213549337261 0.0692194403535 0.0493372606775 0.0125184094256 0.0478645066274 0.00294550810015 0.0898379970545 0.122238586156 0.0346097201767 0.0589101620029 0.0279823269514 0.000736377025037 0.0125184094256 0.0375552282769
14 0.148011782032 0.00515463917526 0.0736377025037 0.0905743740795 0.00810014727541 0.0316642120766 0.0257731958763 0.00736377025037 0.0905743740795 0.0338733431517 0.00589101620029 0.040500736377 0.00368188512518 0.0846833578792 0.173784977909 0.0640648011782 0.0611192930781 0.0103092783505 0.00147275405007 0.00294550810015 0.0368188512518
15 0.0382916053019 0.00515463917526 0.00294550810015 0.000736377025037 0.226804123711 0.00589101620029 0.0353460972018 0.0338733431517 0.00294550810015 0.124447717231 0.0346097201767 0.00515463917526 0.0 0.0139911634757 0.00957290132548 0.0117820324006 0.00589101620029 0.0434462444772 0.0949926362297 0.274668630339 0.0294550810015
16 0.0891016200295 0.0235640648012 0.0169366715758 0.0324005891016 0.134756995582 0.019145802651 0.0235640648012 0.09941089838 0.0125184094256 0.128865979381 0.039764359352 0.0272459499264 0.00441826215022 0.0213549337261 0.0176730486009 0.0250368188513 0.0346097201767 0.0854197349043 0.0235640648012 0.115611192931 0.0250368188513
17 0.159793814433 0.00294550810015 0.139911634757 0.148748159057 0.00515463917526 0.019145802651 0.019882179676 0.00957290132548 0.0574374079529 0.0257731958763 0.00220913107511 0.0530191458027 0.00441826215022 0.0677466863034 0.106038291605 0.0567010309278 0.0581737849779 0.0162002945508 0.00736377025037 0.0103092783505 0.0294550810015
18 0.425625920471 0.0265095729013 0.019882179676 0.00810014727541 0.0220913107511 0.0751104565538 0.0176730486009 0.0338733431517 0.0117820324006 0.0920471281296 0.0213549337261 0.0125184094256 0.00441826215022 0.00957290132548 0.0184094256259 0.0648011782032 0.0353460972018 0.0515463917526 0.00220913107511 0.0294550810015 0.0176730486009
19 0.0346097201767 0.0243004418262 0.00515463917526 0.00957290132548 0.170839469809 0.0110456553756 0.00957290132548 0.0787923416789 0.00294550810015 0.181148748159 0.0493372606775 0.00515463917526 0.000736377025037 0.0110456553756 0.0125184094256 0.0235640648012 0.019145802651 0.10088365243 0.166421207658 0.0655375552283 0.0176730486009
20 0.0898379970545 0.00883652430044 0.139911634757 0.0868924889543 0.00883652430044 0.0449189985272 0.0147275405007 0.019882179676 0.0265095729013 0.0294550810015 0.0103092783505 0.265832106038 0.00294550810015 0.0324005891016 0.0419734904271 0.0787923416789 0.0324005891016 0.0272459499264 0.00147275405007 0.00957290132548 0.0272459499264
21 0.184094256259 0.00294550810015 0.0758468335788 0.079528718704 0.00589101620029 0.0486008836524 0.0162002945508 0.00883652430044 0.0618556701031 0.0162002945508 0.00589101620029 0.0714285714286 0.00883652430044 0.0633284241532 0.0854197349043 0.10824742268 0.10530191458 0.0169366715758 0.000736377025037 0.00515463917526 0.0287187039764
22 0.0648011782032 0.0110456553756 0.0272459499264 0.0309278350515 0.0110456553756 0.287923416789 0.0817378497791 0.00294550810015 0.10088365243 0.0309278350515 0.00883652430044 0.0486008836524 0.0184094256259 0.0574374079529 0.130338733432 0.0279823269514 0.0139911634757 0.0103092783505 0.00441826215022 0.0110456553756 0.019145802651
23 0.0301914580265 0.00220913107511 0.565537555228 0.0478645066274 0.00147275405007 0.020618556701 0.00736377025037 0.00220913107511 0.0250368188513 0.00736377025037 0.00147275405007 0.137702503682 0.00810014727541 0.0301914580265 0.0375552282769 0.0309278350515 0.0184094256259 0.00736377025037 0.00220913107511 0.0 0.0162002945508
24 0.0942562592047 0.00368188512518 0.0154639175258 0.0250368188513 0.0920471281296 0.019882179676 0.0147275405007 0.106038291605 0.019882179676 0.148748159057 0.0294550810015 0.00441826215022 0.0839469808542 0.00883652430044 0.0324005891016 0.0309278350515 0.0463917525773 0.107511045655 0.0662739322533 0.0360824742268 0.0139911634757
25 0.128865979381 0.000736377025037 0.267304860088 0.239322533137 0.00147275405007 0.0471281296024 0.00957290132548 0.00368188512518 0.0441826215022 0.0110456553756 0.00147275405007 0.0301914580265 0.0309278350515 0.0456553755523 0.0169366715758 0.0515463917526 0.0427098674521 0.0147275405007 0.000736377025037 0.00147275405007 0.0103092783505
26 0.223122238586 0.00515463917526 0.0419734904271 0.0655375552283 0.0103092783505 0.10972017673 0.0132547864507 0.0265095729013 0.0751104565538 0.0810014727541 0.00883652430044 0.0213549337261 0.0294550810015 0.0301914580265 0.0810014727541 0.039764359352 0.0751104565538 0.0382916053019 0.00515463917526 0.00957290132548 0.00957290132548
27 0.10824742268 0.0110456553756 0.00441826215022 0.00294550810015 0.09941089838 0.00368188512518 0.00515463917526 0.141384388807 0.00294550810015 0.269513991163 0.0817378497791 0.00294550810015 0.00441826215022 0.00736377025037 0.00220913107511 0.00736377025037 0.0220913107511 0.133284241532 0.0382916053019 0.039027982327 0.0125184094256
28 0.157584683358 0.00957290132548 0.0721649484536 0.0883652430044 0.0243004418262 0.0478645066274 0.019145802651 0.0375552282769 0.0346097201767 0.144329896907 0.0552282768778 0.0176730486009 0.0184094256259 0.0176730486009 0.0817378497791 0.0456553755523 0.0287187039764 0.0758468335788 0.00220913107511 0.0125184094256 0.00883652430044
29 0.19587628866 0.000736377025037 0.129602356406 0.136229749632 0.000736377025037 0.040500736377 0.0103092783505 0.000736377025037 0.0640648011782 0.0103092783505 0.00515463917526 0.0441826215022 0.0272459499264 0.0670103092784 0.0640648011782 0.140648011782 0.0463917525773 0.00736377025037 0.000736377025037 0.00147275405007 0.00662739322533
30 0.040500736377 0.0684830633284 0.0132547864507 0.00441826215022 0.0979381443299 0.00441826215022 0.0316642120766 0.080265095729 0.00883652430044 0.337260677467 0.0522827687776 0.00883652430044 0.00662739322533 0.0132547864507 0.00736377025037 0.0220913107511 0.0353460972018 0.079528718704 0.00810014727541 0.0736377025037 0.00589101620029
31 0.0103092783505 0.0257731958763 0.000736377025037 0.0 0.318114874816 0.00220913107511 0.0103092783505 0.039764359352 0.000736377025037 0.19440353461 0.0434462444772 0.000736377025037 0.0 0.00294550810015 0.00368188512518 0.0110456553756 0.0110456553756 0.0670103092784 0.0463917525773 0.206921944035 0.00441826215022
32 0.315905743741 0.00441826215022 0.0876288659794 0.020618556701 0.00294550810015 0.0309278350515 0.10677466863 0.00883652430044 0.00662739322533 0.00957290132548 0.00147275405007 0.0169366715758 0.00515463917526 0.00441826215022 0.0139911634757 0.155375552283 0.184094256259 0.0169366715758 0.00515463917526 0.000736377025037 0.00147275405007
33 0.0662739322533 0.00147275405007 0.248895434462 0.252577319588 0.00368188512518 0.00589101620029 0.00810014727541 0.00294550810015 0.0419734904271 0.00368188512518 0.000736377025037 0.0176730486009 0.227540500736 0.0287187039764 0.0184094256259 0.0382916053019 0.0154639175258 0.00957290132548 0.000736377025037 0.00441826215022 0.00294550810015
34 0.0228276877761 0.0 0.521354933726 0.0972017673049 0.0 0.0544918998527 0.0147275405007 0.000736377025037 0.0257731958763 0.00220913107511 0.000736377025037 0.108983799705 0.00883652430044 0.0213549337261 0.0169366715758 0.0544918998527 0.039764359352 0.00368188512518 0.0 0.00147275405007 0.00441826215022
35 0.290132547865 0.0706921944035 0.00441826215022 0.00294550810015 0.0972017673049 0.0751104565538 0.00589101620029 0.0920471281296 0.0 0.0515463917526 0.019882179676 0.00220913107511 0.00662739322533 0.00220913107511 0.000736377025037 0.0294550810015 0.019882179676 0.189985272459 0.0103092783505 0.0257731958763 0.00294550810015
36 0.0346097201767 0.00736377025037 0.019882179676 0.0846833578792 0.0139911634757 0.0103092783505 0.0257731958763 0.0927835051546 0.040500736377 0.0456553755523 0.0154639175258 0.00957290132548 0.00441826215022 0.039764359352 0.0817378497791 0.0456553755523 0.143593519882 0.260677466863 0.00368188512518 0.019145802651 0.000736377025037
37 0.0338733431517 0.0147275405007 0.020618556701 0.00957290132548 0.19882179676 0.0110456553756 0.0331369661267 0.0839469808542 0.000736377025037 0.136966126657 0.039764359352 0.0117820324006 0.0 0.0147275405007 0.0147275405007 0.0213549337261 0.0125184094256 0.104565537555 0.113402061856 0.122238586156 0.00147275405007
38 0.0316642120766 0.0117820324006 0.0574374079529 0.116347569956 0.0434462444772 0.00736377025037 0.114138438881 0.0839469808542 0.0257731958763 0.0375552282769 0.020618556701 0.0375552282769 0.00441826215022 0.0375552282769 0.0611192930781 0.0559646539028 0.0765832106038 0.0913107511046 0.0324005891016 0.0493372606775 0.00368188512518
39 0.0493372606775 0.00957290132548 0.19293078056 0.0478645066274 0.0537555228277 0.0810014727541 0.0331369661267 0.0544918998527 0.00662739322533 0.0478645066274 0.0213549337261 0.0500736377025 0.0139911634757 0.019882179676 0.0257731958763 0.0891016200295 0.0508100147275 0.0537555228277 0.0132547864507 0.0316642120766 0.0537555228277
40 0.0751104565538 0.00220913107511 0.019145802651 0.0184094256259 0.0235640648012 0.0655375552283 0.0331369661267 0.0294550810015 0.0139911634757 0.0375552282769 0.0213549337261 0.040500736377 0.349042709867 0.0257731958763 0.0213549337261 0.0640648011782 0.0611192930781 0.0611192930781 0.00957290132548 0.019145802651 0.00883652430044
41 0.0655375552283 0.00515463917526 0.0559646539028 0.0463917525773 0.0449189985272 0.174521354934 0.020618556701 0.0412371134021 0.0184094256259 0.0589101620029 0.0235640648012 0.0581737849779 0.0854197349043 0.0294550810015 0.019145802651 0.0508100147275 0.0486008836524 0.0589101620029 0.00662739322533 0.0235640648012 0.0640648011782
42 0.0706921944035 0.00368188512518 0.0567010309278 0.0316642120766 0.0353460972018 0.224594992636 0.0220913107511 0.0132547864507 0.0162002945508 0.0456553755523 0.0147275405007 0.0493372606775 0.0287187039764 0.0279823269514 0.0243004418262 0.0780559646539 0.0537555228277 0.0382916053019 0.00810014727541 0.0228276877761 0.134020618557
43 0.0463917525773 0.00589101620029 0.0552282768778 0.0346097201767 0.0213549337261 0.10382916053 0.0117820324006 0.0117820324006 0.020618556701 0.0382916053019 0.0117820324006 0.0331369661267 0.0677466863034 0.0301914580265 0.0294550810015 0.0515463917526 0.0294550810015 0.020618556701 0.00662739322533 0.0103092783505 0.359351988218
44 0.0515463917526 0.00294550810015 0.0449189985272 0.0817378497791 0.0117820324006 0.174521354934 0.0154639175258 0.019145802651 0.0500736377025 0.0331369661267 0.0162002945508 0.0228276877761 0.0751104565538 0.0382916053019 0.0552282768778 0.0375552282769 0.0412371134021 0.0360824742268 0.00589101620029 0.00662739322533 0.179675994109
45 0.0559646539028 0.00736377025037 0.0353460972018 0.0581737849779 0.0117820324006 0.0265095729013 0.0228276877761 0.0486008836524 0.0360824742268 0.0375552282769 0.0169366715758 0.0184094256259 0.120765832106 0.0353460972018 0.0957290132548 0.0441826215022 0.114138438881 0.09941089838 0.0117820324006 0.0176730486009 0.0854197349043
46 0.079528718704 0.0139911634757 0.0103092783505 0.0213549337261 0.080265095729 0.0250368188513 0.0449189985272 0.119293078056 0.019882179676 0.143593519882 0.0265095729013 0.0162002945508 0.0279823269514 0.0125184094256 0.0471281296024 0.0257731958763 0.0427098674521 0.119293078056 0.0228276877761 0.0736377025037 0.0272459499264
47 0.0463917525773 0.00662739322533 0.0552282768778 0.0942562592047 0.0117820324006 0.0184094256259 0.0611192930781 0.0382916053019 0.0648011782032 0.0419734904271 0.0176730486009 0.040500736377 0.00810014727541 0.0544918998527 0.128129602356 0.059646539028 0.0920471281296 0.100147275405 0.000736377025037 0.0250368188513 0.0346097201767
48 0.00883652430044 0.00147275405007 0.059646539028 0.00662739322533 0.0 0.696612665685 0.00589101620029 0.00220913107511 0.0139911634757 0.00589101620029 0.0 0.0382916053019 0.0162002945508 0.00368188512518 0.0139911634757 0.0618556701031 0.0463917525773 0.00441826215022 0.0 0.00147275405007 0.0125184094256
49 0.0692194403535 0.00147275405007 0.0117820324006 0.0162002945508 0.0176730486009 0.0176730486009 0.0537555228277 0.0648011782032 0.158321060383 0.0876288659794 0.00957290132548 0.0110456553756 0.0721649484536 0.0184094256259 0.256259204713 0.0235640648012 0.020618556701 0.0449189985272 0.0184094256259 0.0162002945508 0.0103092783505
50 0.147275405007 0.0 0.224594992636 0.255522827688 0.00220913107511 0.0272459499264 0.0125184094256 0.0125184094256 0.0574374079529 0.0117820324006 0.00589101620029 0.0243004418262 0.0265095729013 0.059646539028 0.0338733431517 0.0419734904271 0.0353460972018 0.0110456553756 0.00147275405007 0.00294550810015 0.00589101620029
51 0.268777614138 0.00294550810015 0.079528718704 0.173784977909 0.00589101620029 0.118556701031 0.0117820324006 0.00662739322533 0.0294550810015 0.00957290132548 0.00515463917526 0.040500736377 0.00883652430044 0.0810014727541 0.0309278350515 0.0567010309278 0.0412371134021 0.0147275405007 0.00294550810015 0.00441826215022 0.00662739322533
52 0.0471281296024 0.00736377025037 0.00515463917526 0.00441826215022 0.103092783505 0.00441826215022 0.00515463917526 0.282768777614 0.00515463917526 0.174521354934 0.0449189985272 0.00736377025037 0.00441826215022 0.00147275405007 0.00736377025037 0.00736377025037 0.0169366715758 0.180412371134 0.0184094256259 0.0640648011782 0.00810014727541
53 0.124447717231 0.0110456553756 0.0220913107511 0.0655375552283 0.0139911634757 0.0294550810015 0.0176730486009 0.0706921944035 0.113402061856 0.103092783505 0.0287187039764 0.0117820324006 0.00368188512518 0.040500736377 0.19440353461 0.0294550810015 0.0279823269514 0.0721649484536 0.00294550810015 0.00957290132548 0.00736377025037
54 0.185567010309 0.00220913107511 0.111929307806 0.152430044183 0.00220913107511 0.0684830633284 0.0125184094256 0.00883652430044 0.0957290132548 0.0139911634757 0.00736377025037 0.0456553755523 0.020618556701 0.0589101620029 0.080265095729 0.059646539028 0.0471281296024 0.0176730486009 0.00147275405007 0.00294550810015 0.00441826215022
55 0.0927835051546 0.000736377025037 0.019882179676 0.0243004418262 0.185567010309 0.0500736377025 0.0463917525773 0.019145802651 0.0176730486009 0.0891016200295 0.0508100147275 0.0250368188513 0.00147275405007 0.0294550810015 0.0360824742268 0.0346097201767 0.039764359352 0.0515463917526 0.0537555228277 0.124447717231 0.00736377025037
56 0.0427098674521 0.0110456553756 0.00220913107511 0.0117820324006 0.199558173785 0.00515463917526 0.019145802651 0.0868924889543 0.00662739322533 0.205449189985 0.0589101620029 0.0117820324006 0.00147275405007 0.00810014727541 0.020618556701 0.0162002945508 0.019882179676 0.0949926362297 0.0898379970545 0.0810014727541 0.00662739322533
57 0.139175257732 0.00294550810015 0.0706921944035 0.129602356406 0.00736377025037 0.0611192930781 0.0154639175258 0.0125184094256 0.0942562592047 0.0346097201767 0.0162002945508 0.0338733431517 0.0110456553756 0.0765832106038 0.114138438881 0.0640648011782 0.0611192930781 0.0353460972018 0.00294550810015 0.0103092783505 0.00662739322533
58 0.128865979381 0.00220913107511 0.0648011782032 0.0935198821797 0.0132547864507 0.128865979381 0.0243004418262 0.0184094256259 0.0743740795287 0.0228276877761 0.0265095729013 0.0544918998527 0.0287187039764 0.0559646539028 0.0876288659794 0.0684830633284 0.0500736377025 0.0184094256259 0.019145802651 0.00957290132548 0.00957290132548
59 0.0751104565538 0.0110456553756 0.0243004418262 0.019882179676 0.125184094256 0.0346097201767 0.0162002945508 0.0787923416789 0.0139911634757 0.171575846834 0.0721649484536 0.0169366715758 0.0110456553756 0.0220913107511 0.0522827687776 0.039764359352 0.0360824742268 0.0898379970545 0.0368188512518 0.0382916053019 0.0139911634757
60 0.0935198821797 0.00957290132548 0.0154639175258 0.020618556701 0.176730486009 0.0471281296024 0.0353460972018 0.0441826215022 0.0346097201767 0.10972017673 0.0419734904271 0.020618556701 0.0412371134021 0.0331369661267 0.0729013254786 0.0368188512518 0.0324005891016 0.0589101620029 0.0338733431517 0.0309278350515 0.0103092783505
61 0.148748159057 0.00441826215022 0.0839469808542 0.110456553756 0.00589101620029 0.0846833578792 0.0125184094256 0.0139911634757 0.0810014727541 0.0184094256259 0.00662739322533 0.0434462444772 0.0500736377025 0.0508100147275 0.0677466863034 0.101620029455 0.059646539028 0.0287187039764 0.000736377025037 0.00441826215022 0.0220913107511
62 0.0787923416789 0.0132547864507 0.0463917525773 0.0449189985272 0.0471281296024 0.0508100147275 0.0125184094256 0.0633284241532 0.0287187039764 0.100147275405 0.0287187039764 0.0265095729013 0.108983799705 0.0331369661267 0.0552282768778 0.060382916053 0.0677466863034 0.0662739322533 0.0132547864507 0.0316642120766 0.0220913107511
63 0.040500736377 0.00589101620029 0.0868924889543 0.0736377025037 0.00810014727541 0.0500736377025 0.0824742268041 0.0169366715758 0.10088365243 0.0147275405007 0.00736377025037 0.0441826215022 0.020618556701 0.0530191458027 0.134756995582 0.0972017673049 0.0787923416789 0.0427098674521 0.00220913107511 0.0132547864507 0.0257731958763
64 0.0375552282769 0.00810014727541 0.00589101620029 0.0169366715758 0.202503681885 0.0139911634757 0.0780559646539 0.128129602356 0.00810014727541 0.122238586156 0.040500736377 0.0117820324006 0.0125184094256 0.0117820324006 0.0162002945508 0.0184094256259 0.0287187039764 0.10088365243 0.0456553755523 0.0758468335788 0.0162002945508
65 0.0500736377025 0.0103092783505 0.0780559646539 0.201030927835 0.00957290132548 0.0228276877761 0.0449189985272 0.0235640648012 0.0773195876289 0.0117820324006 0.00515463917526 0.0338733431517 0.00589101620029 0.0471281296024 0.0942562592047 0.060382916053 0.145802650957 0.0463917525773 0.0 0.00368188512518 0.0279823269514
66 0.0412371134021 0.00515463917526 0.00883652430044 0.019145802651 0.0692194403535 0.00515463917526 0.019145802651 0.231222385862 0.0139911634757 0.151693667158 0.0250368188513 0.0154639175258 0.0552282768778 0.0110456553756 0.0228276877761 0.0110456553756 0.0338733431517 0.201030927835 0.00736377025037 0.039764359352 0.0125184094256
67 0.0331369661267 0.00441826215022 0.079528718704 0.113402061856 0.0110456553756 0.0265095729013 0.0670103092784 0.059646539028 0.0493372606775 0.0927835051546 0.0125184094256 0.0250368188513 0.0132547864507 0.0360824742268 0.0699558173785 0.0655375552283 0.0986745213549 0.101620029455 0.00957290132548 0.0125184094256 0.0184094256259
68 0.0353460972018 0.00515463917526 0.10530191458 0.0883652430044 0.00441826215022 0.0567010309278 0.0449189985272 0.0169366715758 0.0427098674521 0.020618556701 0.0 0.0854197349043 0.0139911634757 0.0463917525773 0.0729013254786 0.0714285714286 0.0353460972018 0.0301914580265 0.00441826215022 0.00883652430044 0.210603829161
69 0.0611192930781 0.00662739322533 0.0552282768778 0.113402061856 0.0176730486009 0.020618556701 0.0515463917526 0.039027982327 0.0301914580265 0.0375552282769 0.0117820324006 0.0375552282769 0.0692194403535 0.0463917525773 0.0611192930781 0.0633284241532 0.0449189985272 0.0662739322533 0.00368188512518 0.0139911634757 0.148748159057
70 0.0382916053019 0.0125184094256 0.0103092783505 0.0139911634757 0.0662739322533 0.0117820324006 0.0139911634757 0.188512518409 0.00883652430044 0.10677466863 0.0316642120766 0.00736377025037 0.0169366715758 0.0125184094256 0.0228276877761 0.0294550810015 0.059646539028 0.202503681885 0.0147275405007 0.0382916053019 0.0927835051546
71 0.0486008836524 0.0110456553756 0.0353460972018 0.0515463917526 0.0500736377025 0.0132547864507 0.020618556701 0.117083946981 0.0154639175258 0.0567010309278 0.00736377025037 0.0125184094256 0.00957290132548 0.0265095729013 0.0655375552283 0.0301914580265 0.0589101620029 0.122238586156 0.0154639175258 0.039027982327 0.19293078056
72 0.10677466863 0.0110456553756 0.0368188512518 0.0574374079529 0.0353460972018 0.0611192930781 0.0147275405007 0.0972017673049 0.0154639175258 0.0670103092784 0.0243004418262 0.0125184094256 0.0228276877761 0.0213549337261 0.019882179676 0.0552282768778 0.080265095729 0.144329896907 0.00957290132548 0.020618556701 0.0861561119293
73 0.117820324006 0.020618556701 0.0441826215022 0.0773195876289 0.019145802651 0.0434462444772 0.0427098674521 0.0515463917526 0.0184094256259 0.0544918998527 0.00515463917526 0.0228276877761 0.0176730486009 0.0324005891016 0.0235640648012 0.0611192930781 0.0625920471281 0.104565537555 0.00515463917526 0.0125184094256 0.162739322533
74 0.0412371134021 0.00147275405007 0.184830633284 0.10530191458 0.000736377025037 0.0684830633284 0.00810014727541 0.00589101620029 0.0184094256259 0.00957290132548 0.00662739322533 0.0861561119293 0.00589101620029 0.0235640648012 0.019145802651 0.0692194403535 0.0368188512518 0.0125184094256 0.00368188512518 0.00515463917526 0.287187039764
75 0.0515463917526 0.00220913107511 0.126656848306 0.0824742268041 0.00294550810015 0.431516936672 0.0213549337261 0.00147275405007 0.0265095729013 0.0110456553756 0.00441826215022 0.0324005891016 0.0633284241532 0.019145802651 0.0147275405007 0.0412371134021 0.0176730486009 0.0117820324006 0.0 0.00589101620029 0.0316642120766
76 0.0360824742268 0.00147275405007 0.29970544919 0.09941089838 0.00441826215022 0.0810014727541 0.020618556701 0.00441826215022 0.0301914580265 0.0117820324006 0.00368188512518 0.151693667158 0.0346097201767 0.0434462444772 0.0382916053019 0.0493372606775 0.0471281296024 0.00736377025037 0.00147275405007 0.00515463917526 0.0287187039764
77 0.040500736377 0.0103092783505 0.0412371134021 0.0537555228277 0.0360824742268 0.0353460972018 0.0478645066274 0.0427098674521 0.060382916053 0.0714285714286 0.0228276877761 0.0162002945508 0.0220913107511 0.039027982327 0.114138438881 0.0544918998527 0.132547864507 0.080265095729 0.0272459499264 0.0382916053019 0.0132547864507
78 0.294550810015 0.0117820324006 0.00441826215022 0.00662739322533 0.0235640648012 0.0706921944035 0.00810014727541 0.0861561119293 0.00220913107511 0.0883652430044 0.0103092783505 0.00294550810015 0.00220913107511 0.00515463917526 0.00662739322533 0.0220913107511 0.0243004418262 0.287923416789 0.00662739322533 0.0162002945508 0.019145802651
79 0.155375552283 0.020618556701 0.00589101620029 0.0162002945508 0.0648011782032 0.0139911634757 0.0110456553756 0.112665684831 0.0125184094256 0.0905743740795 0.0360824742268 0.00662739322533 0.0 0.0110456553756 0.0382916053019 0.0463917525773 0.0810014727541 0.203976435935 0.0228276877761 0.0331369661267 0.0169366715758
80 0.149484536082 0.0324005891016 0.00883652430044 0.0125184094256 0.0434462444772 0.0456553755523 0.00589101620029 0.101620029455 0.000736377025037 0.120765832106 0.0338733431517 0.00810014727541 0.00220913107511 0.0139911634757 0.00883652430044 0.039764359352 0.0567010309278 0.272459499264 0.00441826215022 0.019145802651 0.019145802651
81 0.0243004418262 0.0103092783505 0.0279823269514 0.19587628866 0.0220913107511 0.0110456553756 0.080265095729 0.0412371134021 0.0279823269514 0.0544918998527 0.0162002945508 0.0250368188513 0.00883652430044 0.0449189985272 0.158321060383 0.0493372606775 0.0662739322533 0.0677466863034 0.0243004418262 0.0272459499264 0.0162002945508
82 0.0905743740795 0.019882179676 0.00589101620029 0.0169366715758 0.0949926362297 0.140648011782 0.0176730486009 0.0346097201767 0.00147275405007 0.0552282768778 0.0213549337261 0.0103092783505 0.000736377025037 0.0103092783505 0.0103092783505 0.0419734904271 0.0324005891016 0.0721649484536 0.20618556701 0.0957290132548 0.020618556701
83 0.0486008836524 0.00736377025037 0.0581737849779 0.0810014727541 0.019882179676 0.0154639175258 0.0648011782032 0.0471281296024 0.0544918998527 0.0434462444772 0.0110456553756 0.0316642120766 0.00441826215022 0.0346097201767 0.140648011782 0.0611192930781 0.140648011782 0.0684830633284 0.00220913107511 0.0463917525773 0.0184094256259
84 0.0964653902798 0.0220913107511 0.0154639175258 0.0265095729013 0.0949926362297 0.0655375552283 0.0110456553756 0.0677466863034 0.00294550810015 0.133284241532 0.0751104565538 0.0220913107511 0.00441826215022 0.019882179676 0.0162002945508 0.0515463917526 0.0375552282769 0.120765832106 0.0493372606775 0.040500736377 0.0265095729013
85 0.0478645066274 0.00810014727541 0.060382916053 0.101620029455 0.0139911634757 0.0316642120766 0.0625920471281 0.039764359352 0.0552282768778 0.019145802651 0.00662739322533 0.0331369661267 0.0125184094256 0.0419734904271 0.0861561119293 0.104565537555 0.156111929308 0.0640648011782 0.00515463917526 0.0265095729013 0.0228276877761
86 0.10382916053 0.0154639175258 0.0243004418262 0.0169366715758 0.0670103092784 0.248159057437 0.00957290132548 0.0522827687776 0.0117820324006 0.0640648011782 0.0316642120766 0.0117820324006 0.0213549337261 0.00736377025037 0.0243004418262 0.0427098674521 0.0463917525773 0.0662739322533 0.0368188512518 0.0574374079529 0.040500736377
87 0.0618556701031 0.00294550810015 0.060382916053 0.0567010309278 0.0103092783505 0.0301914580265 0.0279823269514 0.0294550810015 0.0692194403535 0.0265095729013 0.00589101620029 0.0294550810015 0.0419734904271 0.0324005891016 0.0706921944035 0.0456553755523 0.203976435935 0.0662739322533 0.00736377025037 0.0169366715758 0.10382916053
88 0.133284241532 0.00147275405007 0.039764359352 0.0360824742268 0.020618556701 0.0471281296024 0.0265095729013 0.0169366715758 0.059646539028 0.0382916053019 0.0139911634757 0.019145802651 0.153166421208 0.0117820324006 0.0412371134021 0.040500736377 0.0331369661267 0.0294550810015 0.00368188512518 0.0103092783505 0.223858615611
89 0.0456553755523 0.00147275405007 0.127393225331 0.039764359352 0.00883652430044 0.0662739322533 0.00883652430044 0.00441826215022 0.0331369661267 0.0169366715758 0.0 0.0655375552283 0.0301914580265 0.0235640648012 0.0154639175258 0.0854197349043 0.169366715758 0.0147275405007 0.00589101620029 0.00368188512518 0.233431516937
90 0.0235640648012 0.00220913107511 0.0706921944035 0.0382916053019 0.00294550810015 0.480854197349 0.0169366715758 0.00294550810015 0.039027982327 0.0125184094256 0.00220913107511 0.0618556701031 0.0139911634757 0.0176730486009 0.0220913107511 0.0375552282769 0.019882179676 0.00810014727541 0.00220913107511 0.00294550810015 0.121502209131
91 0.0449189985272 0.00589101620029 0.0449189985272 0.079528718704 0.00441826215022 0.0927835051546 0.0125184094256 0.0154639175258 0.156848306333 0.0154639175258 0.0103092783505 0.0316642120766 0.0375552282769 0.0589101620029 0.127393225331 0.0530191458027 0.0463917525773 0.0287187039764 0.00220913107511 0.00368188512518 0.127393225331
92 0.0574374079529 0.00368188512518 0.0537555228277 0.0574374079529 0.0125184094256 0.0471281296024 0.0265095729013 0.0316642120766 0.0706921944035 0.0382916053019 0.00883652430044 0.0184094256259 0.123711340206 0.0427098674521 0.0780559646539 0.060382916053 0.0861561119293 0.0699558173785 0.00662739322533 0.0110456553756 0.0949926362297
93 0.0515463917526 0.00515463917526 0.0184094256259 0.0272459499264 0.0913107511046 0.0243004418262 0.00957290132548 0.10824742268 0.0316642120766 0.0898379970545 0.0427098674521 0.0154639175258 0.0250368188513 0.0184094256259 0.0309278350515 0.0324005891016 0.0360824742268 0.154639175258 0.0228276877761 0.0817378497791 0.0824742268041
94 0.0729013254786 0.00662739322533 0.0773195876289 0.108983799705 0.020618556701 0.0309278350515 0.0316642120766 0.0220913107511 0.0567010309278 0.0309278350515 0.0110456553756 0.0441826215022 0.0243004418262 0.0368188512518 0.0736377025037 0.0891016200295 0.0905743740795 0.0633284241532 0.00957290132548 0.019145802651 0.079528718704
95 0.0611192930781 0.0125184094256 0.0132547864507 0.0220913107511 0.0949926362297 0.0721649484536 0.0103092783505 0.107511045655 0.00883652430044 0.115611192931 0.0552282768778 0.0544918998527 0.0117820324006 0.0213549337261 0.0176730486009 0.039027982327 0.0493372606775 0.135493372607 0.019145802651 0.0250368188513 0.0530191458027
96 0.0581737849779 0.00515463917526 0.0765832106038 0.0787923416789 0.0213549337261 0.0257731958763 0.0463917525773 0.0220913107511 0.0486008836524 0.0265095729013 0.0117820324006 0.0456553755523 0.0891016200295 0.0346097201767 0.171575846834 0.059646539028 0.0625920471281 0.0301914580265 0.00957290132548 0.0265095729013 0.0493372606775
97 0.0868924889543 0.0213549337261 0.0125184094256 0.0228276877761 0.10088365243 0.238586156112 0.0147275405007 0.0368188512518 0.00441826215022 0.0486008836524 0.0213549337261 0.0213549337261 0.0 0.0125184094256 0.00662739322533 0.0434462444772 0.0346097201767 0.0817378497791 0.019882179676 0.122974963181 0.0478645066274
98 0.0949926362297 0.0655375552283 0.0132547864507 0.0103092783505 0.0449189985272 0.0139911634757 0.0316642120766 0.111929307806 0.00957290132548 0.0920471281296 0.0780559646539 0.0125184094256 0.00294550810015 0.0103092783505 0.0243004418262 0.0449189985272 0.10824742268 0.163475699558 0.00589101620029 0.0132547864507 0.0478645066274
99 0.0758468335788 0.0154639175258 0.181148748159 0.0758468335788 0.0434462444772 0.0346097201767 0.0478645066274 0.0368188512518 0.00147275405007 0.0537555228277 0.0184094256259 0.0316642120766 0.00294550810015 0.0287187039764 0.0103092783505 0.10088365243 0.0706921944035 0.0456553755523 0.0324005891016 0.040500736377 0.0515463917526
100 0.0360824742268 0.00515463917526 0.00736377025037 0.0265095729013 0.0846833578792 0.00515463917526 0.0250368188513 0.156111929308 0.0132547864507 0.110456553756 0.0272459499264 0.00589101620029 0.0 0.0169366715758 0.0449189985272 0.0235640648012 0.0567010309278 0.256995581738 0.0287187039764 0.0184094256259 0.0508100147275
101 0.0471281296024 0.0147275405007 0.00662739322533 0.00147275405007 0.237849779087 0.00810014727541 0.020618556701 0.0876288659794 0.00147275405007 0.162739322533 0.0537555228277 0.00147275405007 0.0 0.0110456553756 0.00883652430044 0.00515463917526 0.0132547864507 0.0758468335788 0.0736377025037 0.122238586156 0.0463917525773
102 0.0228276877761 0.00441826215022 0.0368188512518 0.135493372607 0.00662739322533 0.0162002945508 0.0493372606775 0.019145802651 0.0964653902798 0.0220913107511 0.00441826215022 0.00957290132548 0.0 0.0434462444772 0.220913107511 0.0338733431517 0.128865979381 0.079528718704 0.00589101620029 0.0154639175258 0.0486008836524
103 0.0103092783505 0.0103092783505 0.00515463917526 0.00810014727541 0.231222385862 0.00220913107511 0.00810014727541 0.113402061856 0.0493372606775 0.154639175258 0.019145802651 0.00736377025037 0.00883652430044 0.00957290132548 0.0670103092784 0.00441826215022 0.0235640648012 0.164948453608 0.0257731958763 0.0235640648012 0.0530191458027
104 0.0581737849779 0.000736377025037 0.142857142857 0.148011782032 0.000736377025037 0.0427098674521 0.0125184094256 0.0176730486009 0.0692194403535 0.0117820324006 0.00220913107511 0.0913107511046 0.00294550810015 0.0493372606775 0.114874815906 0.0544918998527 0.0515463917526 0.0449189985272 0.000736377025037 0.00368188512518 0.079528718704
105 0.0552282768778 0.000736377025037 0.0979381443299 0.0905743740795 0.000736377025037 0.0537555228277 0.00147275405007 0.00147275405007 0.0184094256259 0.00368188512518 0.00147275405007 0.0301914580265 0.0478645066274 0.0154639175258 0.0213549337261 0.0287187039764 0.0117820324006 0.00589101620029 0.00147275405007 0.00147275405007 0.510309278351
106 0.0508100147275 0.00147275405007 0.329896907216 0.0949926362297 0.000736377025037 0.136229749632 0.019882179676 0.00220913107511 0.0176730486009 0.00441826215022 0.00294550810015 0.103092783505 0.0103092783505 0.0419734904271 0.0154639175258 0.0368188512518 0.0250368188513 0.00220913107511 0.00515463917526 0.0 0.0986745213549
107 0.0272459499264 0.00294550810015 0.0927835051546 0.0427098674521 0.00368188512518 0.571428571429 0.00736377025037 0.00147275405007 0.0169366715758 0.00147275405007 0.000736377025037 0.039764359352 0.0103092783505 0.0162002945508 0.0235640648012 0.0257731958763 0.0139911634757 0.00515463917526 0.0228276877761 0.00368188512518 0.0699558173785
108 0.0147275405007 0.00368188512518 0.00368188512518 0.0176730486009 0.00294550810015 0.00957290132548 0.00883652430044 0.00810014727541 0.353460972018 0.165684830633 0.0103092783505 0.00294550810015 0.0 0.0706921944035 0.214285714286 0.0103092783505 0.0117820324006 0.0125184094256 0.00147275405007 0.00294550810015 0.0743740795287
109 0.020618556701 0.0132547864507 0.0 0.0 0.0375552282769 0.000736377025037 0.0 0.550073637703 0.000736377025037 0.0935198821797 0.0220913107511 0.000736377025037 0.000736377025037 0.00147275405007 0.00147275405007 0.00368188512518 0.00441826215022 0.153166421208 0.00810014727541 0.00662739322533 0.0810014727541
110 0.118556701031 0.0176730486009 0.0301914580265 0.0243004418262 0.00736377025037 0.00368188512518 0.0132547864507 0.0846833578792 0.0625920471281 0.0353460972018 0.00368188512518 0.00736377025037 0.000736377025037 0.0434462444772 0.0530191458027 0.0846833578792 0.127393225331 0.181148748159 0.00441826215022 0.0139911634757 0.0824742268041
111 0.0508100147275 0.00736377025037 0.0360824742268 0.188512518409 0.0147275405007 0.0309278350515 0.0743740795287 0.00810014727541 0.0508100147275 0.0316642120766 0.000736377025037 0.0228276877761 0.0 0.0338733431517 0.164212076583 0.10088365243 0.0331369661267 0.0154639175258 0.00294550810015 0.0324005891016 0.100147275405
112 0.0250368188513 0.0103092783505 0.0147275405007 0.0625920471281 0.0449189985272 0.0154639175258 0.0787923416789 0.118556701031 0.0117820324006 0.111192930781 0.0515463917526 0.0132547864507 0.0 0.0456553755523 0.0441826215022 0.0213549337261 0.019882179676 0.0883652430044 0.0434462444772 0.0486008836524 0.130338733432
113 0.0272459499264 0.00662739322533 0.0449189985272 0.0655375552283 0.0147275405007 0.00368188512518 0.0611192930781 0.0220913107511 0.0463917525773 0.0243004418262 0.00441826215022 0.0147275405007 0.00147275405007 0.040500736377 0.175994108984 0.0309278350515 0.0729013254786 0.0412371134021 0.10824742268 0.0287187039764 0.164212076583
114 0.0787923416789 0.00515463917526 0.118556701031 0.10530191458 0.0176730486009 0.0375552282769 0.0132547864507 0.0552282768778 0.00220913107511 0.0353460972018 0.0132547864507 0.0213549337261 0.0110456553756 0.0235640648012 0.0103092783505 0.0625920471281 0.0493372606775 0.0942562592047 0.00736377025037 0.0117820324006 0.226067746686
115 0.0176730486009 0.00662739322533 0.00515463917526 0.0117820324006 0.149484536082 0.00736377025037 0.0250368188513 0.040500736377 0.00441826215022 0.039764359352 0.0169366715758 0.0132547864507 0.0 0.0117820324006 0.00810014727541 0.0220913107511 0.019882179676 0.0346097201767 0.0235640648012 0.256995581738 0.284977908689
116 0.0279823269514 0.00736377025037 0.00736377025037 0.0250368188513 0.111929307806 0.019145802651 0.0125184094256 0.0368188512518 0.00736377025037 0.0611192930781 0.0235640648012 0.00957290132548 0.0162002945508 0.00515463917526 0.0139911634757 0.019145802651 0.020618556701 0.0648011782032 0.0891016200295 0.0861561119293 0.335051546392
117 0.019145802651 0.00589101620029 0.346833578792 0.0213549337261 0.00662739322533 0.0301914580265 0.0110456553756 0.00441826215022 0.0110456553756 0.00736377025037 0.00220913107511 0.079528718704 0.00736377025037 0.0139911634757 0.0103092783505 0.0250368188513 0.0125184094256 0.00810014727541 0.000736377025037 0.00662739322533 0.369661266568
118 0.0324005891016 0.00294550810015 0.0235640648012 0.0257731958763 0.0228276877761 0.020618556701 0.00883652430044 0.0139911634757 0.0103092783505 0.0434462444772 0.020618556701 0.0147275405007 0.079528718704 0.0235640648012 0.0287187039764 0.0559646539028 0.0883652430044 0.0228276877761 0.0103092783505 0.0117820324006 0.438880706922
119 0.0839469808542 0.0 0.0235640648012 0.0257731958763 0.0184094256259 0.0324005891016 0.0117820324006 0.0169366715758 0.0243004418262 0.0787923416789 0.00589101620029 0.0184094256259 0.0235640648012 0.0228276877761 0.019882179676 0.0360824742268 0.019145802651 0.0235640648012 0.00441826215022 0.0103092783505 0.5
