POS A C D E F G H I K L M N P Q R S T V W Y -
1 0.0 0.0 0.000801924619086 0.0 0.0 0.00160384923817 0.0 0.0 0.0 0.0 0.0 0.00160384923817 0.0056134723336 0.0 0.0 0.0 0.0 0.0 0.0 0.0 0.990376904571
2 0.0120288692863 0.0 0.00240577385726 0.00400962309543 0.0 0.00240577385726 0.0 0.00400962309543 0.00160384923817 0.0200481154771 0.0384923817161 0.00240577385726 0.00801924619086 0.00240577385726 0.00160384923817 0.0160384923817 0.0120288692863 0.00641539695269 0.0 0.000801924619086 0.865276663994
3 0.0320769847634 0.00160384923817 0.0168404170008 0.0304731355253 0.00240577385726 0.00481154771451 0.00400962309543 0.00641539695269 0.00801924619086 0.0152365677626 0.0360866078589 0.00481154771451 0.0240577385726 0.0120288692863 0.00721732157177 0.0352846832398 0.0272654370489 0.00882117080994 0.0 0.000801924619086 0.721732157177
4 0.0400962309543 0.00160384923817 0.101844426624 0.0352846832398 0.00320769847634 0.00641539695269 0.00721732157177 0.00962309542903 0.0120288692863 0.0208500400962 0.018444266239 0.0256615878107 0.0288692862871 0.0136327185245 0.00801924619086 0.0457097032879 0.046511627907 0.0160384923817 0.000801924619086 0.00160384923817 0.556535685646
5 0.0417000801925 0.00240577385726 0.0368885324779 0.0681635926223 0.00801924619086 0.00962309542903 0.0120288692863 0.0272654370489 0.0344827586207 0.0272654370489 0.0352846832398 0.0216519647153 0.0384923817161 0.0312750601443 0.0777866880513 0.0433039294306 0.0425020048115 0.0136327185245 0.000801924619086 0.0104250200481 0.417000801925
6 0.0874097834804 0.00160384923817 0.0609462710505 0.116279069767 0.00400962309543 0.0112269446672 0.0256615878107 0.0168404170008 0.0400962309543 0.0256615878107 0.0336808340016 0.0352846832398 0.0352846832398 0.0617481956696 0.0232558139535 0.056134723336 0.046511627907 0.018444266239 0.00240577385726 0.00240577385726 0.295108259824
7 0.133921411387 0.00320769847634 0.0793905372895 0.106655974338 0.0056134723336 0.0200481154771 0.00641539695269 0.0216519647153 0.0513231756215 0.0192461908581 0.00721732157177 0.0312750601443 0.0304731355253 0.0673616680032 0.0336808340016 0.0617481956696 0.0793905372895 0.0248596631917 0.0 0.00240577385726 0.214113873296
8 0.1050521251 0.0104250200481 0.0192461908581 0.0176423416199 0.0112269446672 0.0120288692863 0.0152365677626 0.139534883721 0.0240577385726 0.105854049719 0.0200481154771 0.0737770649559 0.056134723336 0.0248596631917 0.0312750601443 0.0248596631917 0.0489174017642 0.0809943865277 0.00160384923817 0.0128307939054 0.164394546913
9 0.0697674418605 0.00240577385726 0.0264635124298 0.0978348035285 0.00882117080994 0.0168404170008 0.0168404170008 0.0545308740978 0.109863672815 0.0697674418605 0.0144346431435 0.0176423416199 0.0208500400962 0.0729751403368 0.145950280674 0.0312750601443 0.0441058540497 0.0417000801925 0.00721732157177 0.00882117080994 0.121892542101
10 0.153167602245 0.00160384923817 0.111467522053 0.174017642342 0.000801924619086 0.0264635124298 0.0144346431435 0.00882117080994 0.0641539695269 0.0168404170008 0.00801924619086 0.0328789093825 0.018444266239 0.103448275862 0.0673616680032 0.0641539695269 0.0441058540497 0.00962309542903 0.00160384923817 0.00240577385726 0.0761828388132
11 0.0906174819567 0.00721732157177 0.00481154771451 0.00481154771451 0.0505212510024 0.00721732157177 0.0112269446672 0.137931034483 0.0248596631917 0.225340817963 0.0152365677626 0.0128307939054 0.0056134723336 0.0120288692863 0.0248596631917 0.0144346431435 0.0946271050521 0.161186848436 0.028067361668 0.00882117080994 0.0577385725742
12 0.133921411387 0.0104250200481 0.00400962309543 0.0160384923817 0.0368885324779 0.0136327185245 0.00882117080994 0.163592622294 0.0056134723336 0.158781074579 0.0304731355253 0.018444266239 0.00641539695269 0.00962309542903 0.00962309542903 0.00801924619086 0.0208500400962 0.260625501203 0.0056134723336 0.0312750601443 0.0473135525261
13 0.0978348035285 0.00320769847634 0.0914194065758 0.145148356055 0.00721732157177 0.0232558139535 0.0296712109062 0.0208500400962 0.0850040096231 0.046511627907 0.00962309542903 0.0497193263833 0.00160384923817 0.0898155573376 0.12269446672 0.0320769847634 0.0609462710505 0.0288692862871 0.0 0.0128307939054 0.0417000801925
14 0.149959903769 0.00400962309543 0.0713712910986 0.0962309542903 0.00882117080994 0.0320769847634 0.0216519647153 0.00882117080994 0.0825982357658 0.0352846832398 0.00641539695269 0.0384923817161 0.00400962309543 0.0866078588613 0.168404170008 0.0705693664796 0.0577385725742 0.0128307939054 0.00240577385726 0.00481154771451 0.0368885324779
15 0.0392943063352 0.0056134723336 0.00160384923817 0.00320769847634 0.229350441059 0.00641539695269 0.0360866078589 0.0336808340016 0.00320769847634 0.106655974338 0.0336808340016 0.00481154771451 0.0 0.0168404170008 0.00801924619086 0.0120288692863 0.0056134723336 0.0320769847634 0.103448275862 0.287890938252 0.0304731355253
16 0.093825180433 0.0240577385726 0.018444266239 0.0288692862871 0.129911788292 0.0144346431435 0.0312750601443 0.0986367281476 0.00962309542903 0.133921411387 0.0417000801925 0.0296712109062 0.00641539695269 0.0224538893344 0.0192461908581 0.0256615878107 0.028067361668 0.0914194065758 0.0224538893344 0.108259823577 0.0216519647153
17 0.16680032077 0.000801924619086 0.138732959102 0.138732959102 0.00721732157177 0.0216519647153 0.0216519647153 0.00721732157177 0.0505212510024 0.0192461908581 0.00240577385726 0.0545308740978 0.00400962309543 0.0850040096231 0.101844426624 0.0529270248597 0.064955894146 0.018444266239 0.00641539695269 0.0136327185245 0.0232558139535
18 0.414595028067 0.0304731355253 0.0192461908581 0.0104250200481 0.0240577385726 0.0713712910986 0.0168404170008 0.0288692862871 0.0144346431435 0.0954290296712 0.0248596631917 0.0144346431435 0.00240577385726 0.00721732157177 0.0240577385726 0.0641539695269 0.0344827586207 0.0545308740978 0.000801924619086 0.0288692862871 0.018444266239
19 0.0344827586207 0.0216519647153 0.00481154771451 0.0104250200481 0.16680032077 0.00882117080994 0.00641539695269 0.0825982357658 0.00240577385726 0.179631114675 0.0545308740978 0.00481154771451 0.000801924619086 0.0112269446672 0.0168404170008 0.0224538893344 0.018444266239 0.0986367281476 0.167602245389 0.065757818765 0.0208500400962
20 0.0962309542903 0.00641539695269 0.133119486768 0.0801924619086 0.00882117080994 0.0441058540497 0.0176423416199 0.0176423416199 0.0272654370489 0.0368885324779 0.00721732157177 0.267040898156 0.00641539695269 0.0352846832398 0.0360866078589 0.0737770649559 0.0360866078589 0.028067361668 0.00160384923817 0.00882117080994 0.0312750601443
21 0.173215717723 0.0056134723336 0.0737770649559 0.0866078588613 0.00641539695269 0.0481154771451 0.0200481154771 0.00641539695269 0.0689655172414 0.0160384923817 0.00320769847634 0.0753809141941 0.00962309542903 0.0681635926223 0.0834001603849 0.107457898957 0.101844426624 0.0168404170008 0.0 0.0056134723336 0.0232558139535
22 0.0577385725742 0.0120288692863 0.0240577385726 0.0336808340016 0.0128307939054 0.274258219727 0.0737770649559 0.00320769847634 0.105854049719 0.0368885324779 0.00721732157177 0.0609462710505 0.0232558139535 0.056134723336 0.121090617482 0.0328789093825 0.0128307939054 0.0104250200481 0.00320769847634 0.018444266239 0.0192461908581
23 0.0296712109062 0.00320769847634 0.55252606255 0.0553327987169 0.000801924619086 0.0208500400962 0.00962309542903 0.000801924619086 0.0296712109062 0.00721732157177 0.00481154771451 0.117882919006 0.0112269446672 0.0368885324779 0.0384923817161 0.0344827586207 0.018444266239 0.0104250200481 0.00160384923817 0.000801924619086 0.0152365677626
24 0.093023255814 0.000801924619086 0.018444266239 0.0248596631917 0.104250200481 0.0240577385726 0.0128307939054 0.0986367281476 0.0208500400962 0.135525260626 0.0304731355253 0.00481154771451 0.0898155573376 0.00801924619086 0.0312750601443 0.0352846832398 0.0473135525261 0.0994386527666 0.0681635926223 0.0352846832398 0.0168404170008
25 0.127506014435 0.0 0.258219727346 0.233360064154 0.00160384923817 0.0433039294306 0.0104250200481 0.00481154771451 0.0473135525261 0.0120288692863 0.000801924619086 0.0288692862871 0.0320769847634 0.0441058540497 0.0120288692863 0.0641539695269 0.0441058540497 0.0192461908581 0.0 0.00240577385726 0.0136327185245
26 0.21972734563 0.00481154771451 0.0441058540497 0.0705693664796 0.00801924619086 0.114675220529 0.0136327185245 0.0336808340016 0.0801924619086 0.0793905372895 0.0056134723336 0.0200481154771 0.0264635124298 0.0344827586207 0.0898155573376 0.0417000801925 0.0609462710505 0.0320769847634 0.00481154771451 0.00721732157177 0.00801924619086
27 0.0946271050521 0.00801924619086 0.00801924619086 0.00320769847634 0.107457898957 0.00320769847634 0.00400962309543 0.14033680834 0.00400962309543 0.274258219727 0.0801924619086 0.00400962309543 0.00481154771451 0.00882117080994 0.00320769847634 0.0104250200481 0.0176423416199 0.126704089816 0.0441058540497 0.0441058540497 0.00882117080994
28 0.161988773055 0.0104250200481 0.0753809141941 0.0793905372895 0.0240577385726 0.0497193263833 0.0200481154771 0.046511627907 0.0320769847634 0.136327185245 0.0617481956696 0.0168404170008 0.0192461908581 0.0216519647153 0.0753809141941 0.0473135525261 0.0328789093825 0.0697674418605 0.00160384923817 0.0152365677626 0.00240577385726
29 0.194867682438 0.0 0.126704089816 0.128307939054 0.000801924619086 0.037690457097 0.00801924619086 0.00160384923817 0.0633520449078 0.0168404170008 0.00641539695269 0.0417000801925 0.0304731355253 0.0585404971933 0.0705693664796 0.139534883721 0.0593424218123 0.00721732157177 0.000801924619086 0.00240577385726 0.00481154771451
30 0.046511627907 0.0601443464314 0.0112269446672 0.00240577385726 0.103448275862 0.00882117080994 0.0392943063352 0.0673616680032 0.00400962309543 0.336808340016 0.0417000801925 0.0056134723336 0.00641539695269 0.018444266239 0.0120288692863 0.0224538893344 0.0384923817161 0.0834001603849 0.0104250200481 0.0737770649559 0.00721732157177
31 0.0136327185245 0.0264635124298 0.00160384923817 0.000801924619086 0.307939053729 0.00320769847634 0.00721732157177 0.046511627907 0.000801924619086 0.1932638332 0.0497193263833 0.00160384923817 0.000801924619086 0.00160384923817 0.00320769847634 0.00882117080994 0.0160384923817 0.0665597433841 0.0457097032879 0.198075380914 0.00641539695269
32 0.309542902967 0.00320769847634 0.0874097834804 0.0168404170008 0.00160384923817 0.0240577385726 0.0986367281476 0.00882117080994 0.00801924619086 0.0056134723336 0.00240577385726 0.0176423416199 0.00481154771451 0.00320769847634 0.0128307939054 0.165998396151 0.198075380914 0.0216519647153 0.00801924619086 0.0 0.00160384923817
33 0.0633520449078 0.000801924619086 0.241379310345 0.243785084202 0.0056134723336 0.0104250200481 0.0056134723336 0.00240577385726 0.037690457097 0.00641539695269 0.000801924619086 0.0216519647153 0.239775461107 0.0320769847634 0.0232558139535 0.0328789093825 0.0168404170008 0.0112269446672 0.0 0.00320769847634 0.000801924619086
34 0.0216519647153 0.0 0.536487570168 0.0906174819567 0.0 0.0473135525261 0.0160384923817 0.00160384923817 0.0240577385726 0.00160384923817 0.000801924619086 0.106655974338 0.00641539695269 0.0304731355253 0.0232558139535 0.0392943063352 0.0449077786688 0.00320769847634 0.0 0.00400962309543 0.00160384923817
35 0.275862068966 0.0673616680032 0.00400962309543 0.00320769847634 0.101042502005 0.0825982357658 0.00481154771451 0.0970328789094 0.000801924619086 0.0513231756215 0.0192461908581 0.000801924619086 0.0104250200481 0.00400962309543 0.0 0.0288692862871 0.0224538893344 0.186046511628 0.0112269446672 0.0264635124298 0.00240577385726
36 0.0328789093825 0.0120288692863 0.0256615878107 0.0866078588613 0.0152365677626 0.0120288692863 0.0256615878107 0.0954290296712 0.0433039294306 0.0417000801925 0.0112269446672 0.00801924619086 0.00481154771451 0.0400962309543 0.0673616680032 0.0489174017642 0.150761828388 0.259823576584 0.00320769847634 0.0136327185245 0.00160384923817
37 0.0336808340016 0.0128307939054 0.0200481154771 0.0056134723336 0.18444266239 0.0120288692863 0.0288692862871 0.0874097834804 0.00160384923817 0.14033680834 0.0425020048115 0.0112269446672 0.000801924619086 0.0216519647153 0.0144346431435 0.0176423416199 0.0120288692863 0.101844426624 0.12269446672 0.126704089816 0.00160384923817
38 0.0320769847634 0.0112269446672 0.056134723336 0.110665597434 0.037690457097 0.00882117080994 0.102646351243 0.0817963111468 0.0320769847634 0.0368885324779 0.0240577385726 0.0392943063352 0.00721732157177 0.0400962309543 0.065757818765 0.0505212510024 0.0809943865277 0.0898155573376 0.0352846832398 0.0545308740978 0.00240577385726
39 0.0529270248597 0.00962309542903 0.178829190056 0.0449077786688 0.0593424218123 0.0713712910986 0.0352846832398 0.0585404971933 0.0056134723336 0.0585404971933 0.0256615878107 0.0585404971933 0.0120288692863 0.0176423416199 0.0216519647153 0.0801924619086 0.0577385725742 0.0457097032879 0.0152365677626 0.0384923817161 0.0521251002406
40 0.0777866880513 0.00962309542903 0.0224538893344 0.0208500400962 0.0248596631917 0.0625501202887 0.0368885324779 0.0328789093825 0.0168404170008 0.0352846832398 0.0168404170008 0.0352846832398 0.319967923015 0.0240577385726 0.0256615878107 0.0713712910986 0.0617481956696 0.0617481956696 0.0104250200481 0.0160384923817 0.0168404170008
41 0.0769847634322 0.00641539695269 0.0529270248597 0.0400962309543 0.0505212510024 0.183640737771 0.0216519647153 0.0240577385726 0.0192461908581 0.0529270248597 0.0160384923817 0.0545308740978 0.093023255814 0.0248596631917 0.0216519647153 0.0553327987169 0.0513231756215 0.0585404971933 0.00641539695269 0.0224538893344 0.0673616680032
42 0.0705693664796 0.00481154771451 0.0497193263833 0.0248596631917 0.0417000801925 0.220529270249 0.0216519647153 0.0152365677626 0.0192461908581 0.0441058540497 0.0168404170008 0.0529270248597 0.0368885324779 0.018444266239 0.0208500400962 0.0705693664796 0.046511627907 0.0272654370489 0.00481154771451 0.0176423416199 0.174819566961
43 0.0585404971933 0.00240577385726 0.0593424218123 0.0408981555734 0.0240577385726 0.0954290296712 0.0136327185245 0.00801924619086 0.0152365677626 0.0288692862871 0.0120288692863 0.0296712109062 0.0601443464314 0.0288692862871 0.0264635124298 0.0697674418605 0.0425020048115 0.0256615878107 0.00400962309543 0.0128307939054 0.341619887731
44 0.0473135525261 0.00320769847634 0.0481154771451 0.0801924619086 0.00962309542903 0.181234963913 0.0104250200481 0.0208500400962 0.0497193263833 0.0336808340016 0.0152365677626 0.0232558139535 0.0769847634322 0.0441058540497 0.0497193263833 0.0441058540497 0.0553327987169 0.0384923817161 0.00481154771451 0.00801924619086 0.155573376103
45 0.0537289494787 0.00641539695269 0.0360866078589 0.0673616680032 0.0160384923817 0.0264635124298 0.0240577385726 0.0553327987169 0.037690457097 0.0481154771451 0.0144346431435 0.0216519647153 0.124298315958 0.0449077786688 0.0850040096231 0.0513231756215 0.0978348035285 0.104250200481 0.0136327185245 0.0168404170008 0.0545308740978
46 0.0705693664796 0.0128307939054 0.0128307939054 0.0232558139535 0.0801924619086 0.0256615878107 0.0400962309543 0.116279069767 0.0144346431435 0.141940657578 0.0208500400962 0.0120288692863 0.0240577385726 0.0160384923817 0.0537289494787 0.0392943063352 0.0400962309543 0.120288692863 0.0224538893344 0.0817963111468 0.0312750601443
47 0.0384923817161 0.00962309542903 0.0569366479551 0.093023255814 0.0168404170008 0.0152365677626 0.0513231756215 0.0473135525261 0.0785886126704 0.0384923817161 0.0144346431435 0.0328789093825 0.0104250200481 0.0641539695269 0.12269446672 0.0689655172414 0.0970328789094 0.0890136327185 0.0 0.0200481154771 0.0344827586207
48 0.00801924619086 0.00320769847634 0.0625501202887 0.00481154771451 0.0 0.708901363272 0.00801924619086 0.00160384923817 0.00801924619086 0.00400962309543 0.0 0.0312750601443 0.0144346431435 0.00240577385726 0.00801924619086 0.0593424218123 0.0481154771451 0.00721732157177 0.00160384923817 0.00240577385726 0.0160384923817
49 0.064955894146 0.000801924619086 0.0120288692863 0.0144346431435 0.0168404170008 0.0136327185245 0.0481154771451 0.056134723336 0.181234963913 0.0785886126704 0.0120288692863 0.00882117080994 0.0801924619086 0.018444266239 0.243785084202 0.0240577385726 0.0264635124298 0.0449077786688 0.0176423416199 0.0200481154771 0.0168404170008
50 0.165196471532 0.0 0.216519647153 0.247794707298 0.0056134723336 0.0248596631917 0.00962309542903 0.00962309542903 0.0537289494787 0.0104250200481 0.00481154771451 0.0256615878107 0.0256615878107 0.0617481956696 0.0400962309543 0.0449077786688 0.0296712109062 0.0128307939054 0.0 0.00320769847634 0.00801924619086
51 0.273456295108 0.00320769847634 0.0737770649559 0.161988773055 0.00320769847634 0.115477145148 0.0120288692863 0.00721732157177 0.028067361668 0.0104250200481 0.00481154771451 0.0537289494787 0.0160384923817 0.0882117080994 0.0240577385726 0.056134723336 0.0392943063352 0.0112269446672 0.00400962309543 0.00320769847634 0.0104250200481
52 0.0441058540497 0.0104250200481 0.00320769847634 0.0056134723336 0.116279069767 0.00641539695269 0.00641539695269 0.268644747394 0.00320769847634 0.183640737771 0.0392943063352 0.00721732157177 0.00160384923817 0.00160384923817 0.0104250200481 0.00801924619086 0.0160384923817 0.182838813152 0.0144346431435 0.0569366479551 0.0136327185245
53 0.112269446672 0.0120288692863 0.0168404170008 0.0681635926223 0.00962309542903 0.0312750601443 0.0208500400962 0.0761828388132 0.0954290296712 0.112269446672 0.0272654370489 0.0128307939054 0.00641539695269 0.046511627907 0.187650360866 0.0320769847634 0.0256615878107 0.0825982357658 0.00320769847634 0.0112269446672 0.00962309542903
54 0.194065757819 0.00240577385726 0.117080994387 0.145148356055 0.00320769847634 0.0617481956696 0.0120288692863 0.0104250200481 0.0890136327185 0.0128307939054 0.00801924619086 0.0368885324779 0.0176423416199 0.0713712910986 0.0882117080994 0.0553327987169 0.0497193263833 0.0144346431435 0.00160384923817 0.00160384923817 0.00721732157177
55 0.0986367281476 0.00160384923817 0.0168404170008 0.0224538893344 0.195669607057 0.0529270248597 0.0545308740978 0.0216519647153 0.0128307939054 0.0874097834804 0.0481154771451 0.028067361668 0.00160384923817 0.028067361668 0.0425020048115 0.0248596631917 0.0336808340016 0.0545308740978 0.0537289494787 0.111467522053 0.00882117080994
56 0.0425020048115 0.0144346431435 0.00240577385726 0.00882117080994 0.209302325581 0.00641539695269 0.0216519647153 0.0874097834804 0.00481154771451 0.217321571772 0.0569366479551 0.0128307939054 0.00240577385726 0.00721732157177 0.0160384923817 0.0192461908581 0.0176423416199 0.0753809141941 0.0866078588613 0.0834001603849 0.00721732157177
57 0.142742582197 0.00240577385726 0.0633520449078 0.129109863673 0.00320769847634 0.0673616680032 0.0160384923817 0.0168404170008 0.103448275862 0.0344827586207 0.0104250200481 0.0360866078589 0.0120288692863 0.0705693664796 0.121892542101 0.0553327987169 0.064955894146 0.0304731355253 0.00400962309543 0.00801924619086 0.00721732157177
58 0.121892542101 0.00160384923817 0.0569366479551 0.0962309542903 0.0104250200481 0.120288692863 0.0200481154771 0.0208500400962 0.0721732157177 0.0264635124298 0.0232558139535 0.0609462710505 0.0312750601443 0.0545308740978 0.0954290296712 0.0673616680032 0.0521251002406 0.0256615878107 0.0232558139535 0.0104250200481 0.00882117080994
59 0.0705693664796 0.00721732157177 0.0192461908581 0.0216519647153 0.133119486768 0.0392943063352 0.0160384923817 0.0721732157177 0.0160384923817 0.177225340818 0.0697674418605 0.0160384923817 0.0056134723336 0.0232558139535 0.046511627907 0.0392943063352 0.0417000801925 0.0777866880513 0.0473135525261 0.0449077786688 0.0152365677626
60 0.0906174819567 0.00882117080994 0.0160384923817 0.0232558139535 0.171611868484 0.0521251002406 0.0352846832398 0.0457097032879 0.0425020048115 0.116279069767 0.0408981555734 0.0208500400962 0.0425020048115 0.0368885324779 0.0673616680032 0.0288692862871 0.0312750601443 0.0505212510024 0.0368885324779 0.0344827586207 0.00721732157177
61 0.163592622294 0.0056134723336 0.0850040096231 0.103448275862 0.00882117080994 0.0866078588613 0.0152365677626 0.0104250200481 0.0882117080994 0.0168404170008 0.00801924619086 0.0457097032879 0.0328789093825 0.0545308740978 0.0593424218123 0.105854049719 0.0617481956696 0.0216519647153 0.00160384923817 0.00320769847634 0.0216519647153
62 0.0681635926223 0.00721732157177 0.0384923817161 0.0537289494787 0.0481154771451 0.0641539695269 0.0192461908581 0.0577385725742 0.0384923817161 0.117882919006 0.0264635124298 0.0240577385726 0.0906174819567 0.0360866078589 0.0625501202887 0.065757818765 0.0617481956696 0.0577385725742 0.0152365677626 0.0224538893344 0.0240577385726
63 0.0360866078589 0.00641539695269 0.119486768244 0.0689655172414 0.0112269446672 0.0569366479551 0.0729751403368 0.0144346431435 0.0825982357658 0.0136327185245 0.00481154771451 0.0505212510024 0.0232558139535 0.0521251002406 0.120288692863 0.0890136327185 0.0874097834804 0.0449077786688 0.000801924619086 0.0200481154771 0.0240577385726
64 0.046511627907 0.00641539695269 0.00721732157177 0.0176423416199 0.197273456295 0.00801924619086 0.0729751403368 0.117882919006 0.0112269446672 0.117080994387 0.0473135525261 0.00801924619086 0.0112269446672 0.0152365677626 0.0216519647153 0.0232558139535 0.0312750601443 0.0986367281476 0.0577385725742 0.065757818765 0.0176423416199
65 0.0433039294306 0.00481154771451 0.0834001603849 0.189254210104 0.00801924619086 0.0168404170008 0.0417000801925 0.0208500400962 0.0994386527666 0.0144346431435 0.00481154771451 0.0336808340016 0.0056134723336 0.046511627907 0.109863672815 0.0633520449078 0.127506014435 0.0521251002406 0.00240577385726 0.00882117080994 0.0232558139535
66 0.0384923817161 0.00641539695269 0.00400962309543 0.0176423416199 0.0954290296712 0.00400962309543 0.0248596631917 0.217321571772 0.0136327185245 0.145148356055 0.0296712109062 0.0128307939054 0.0505212510024 0.00641539695269 0.0216519647153 0.0160384923817 0.0352846832398 0.183640737771 0.0128307939054 0.046511627907 0.0176423416199
67 0.0352846832398 0.0056134723336 0.0689655172414 0.109863672815 0.0112269446672 0.0304731355253 0.0697674418605 0.064955894146 0.046511627907 0.0882117080994 0.0128307939054 0.028067361668 0.00962309542903 0.0352846832398 0.0721732157177 0.0673616680032 0.118684843625 0.0914194065758 0.00320769847634 0.0112269446672 0.0192461908581
68 0.0433039294306 0.00481154771451 0.0817963111468 0.0737770649559 0.0056134723336 0.0553327987169 0.0360866078589 0.0176423416199 0.0449077786688 0.0264635124298 0.00721732157177 0.0577385725742 0.0152365677626 0.0400962309543 0.0697674418605 0.0577385725742 0.0408981555734 0.0312750601443 0.0056134723336 0.00882117080994 0.275862068966
69 0.0609462710505 0.00481154771451 0.0793905372895 0.121892542101 0.0176423416199 0.0192461908581 0.0449077786688 0.0312750601443 0.0360866078589 0.0400962309543 0.0120288692863 0.0441058540497 0.0729751403368 0.0489174017642 0.0737770649559 0.0601443464314 0.0473135525261 0.0489174017642 0.00320769847634 0.0168404170008 0.115477145148
70 0.0441058540497 0.0136327185245 0.0136327185245 0.0136327185245 0.0777866880513 0.0120288692863 0.0240577385726 0.171611868484 0.00882117080994 0.121090617482 0.0433039294306 0.00882117080994 0.0232558139535 0.0120288692863 0.0192461908581 0.0296712109062 0.0553327987169 0.220529270249 0.0144346431435 0.0433039294306 0.0296712109062
71 0.0521251002406 0.0128307939054 0.037690457097 0.0577385725742 0.056134723336 0.0144346431435 0.0216519647153 0.113071371291 0.0208500400962 0.065757818765 0.00481154771451 0.0128307939054 0.0056134723336 0.0272654370489 0.0593424218123 0.0312750601443 0.0513231756215 0.123496391339 0.0208500400962 0.046511627907 0.164394546913
72 0.108259823577 0.00721732157177 0.0304731355253 0.0617481956696 0.0288692862871 0.0633520449078 0.018444266239 0.0962309542903 0.0168404170008 0.0641539695269 0.0232558139535 0.0152365677626 0.0216519647153 0.0256615878107 0.0176423416199 0.0633520449078 0.064955894146 0.139534883721 0.00641539695269 0.0160384923817 0.110665597434
73 0.102646351243 0.0144346431435 0.0417000801925 0.0882117080994 0.0160384923817 0.0449077786688 0.0441058540497 0.0425020048115 0.0168404170008 0.0553327987169 0.00721732157177 0.0240577385726 0.0160384923817 0.0296712109062 0.0224538893344 0.056134723336 0.0473135525261 0.1050521251 0.00721732157177 0.0104250200481 0.207698476343
74 0.0481154771451 0.00240577385726 0.194867682438 0.0906174819567 0.00481154771451 0.0777866880513 0.00721732157177 0.00721732157177 0.0208500400962 0.00962309542903 0.00641539695269 0.0793905372895 0.00882117080994 0.0256615878107 0.018444266239 0.0793905372895 0.0344827586207 0.0160384923817 0.00320769847634 0.0056134723336 0.259021651965
75 0.0497193263833 0.000801924619086 0.100240577386 0.103448275862 0.00160384923817 0.408981555734 0.0224538893344 0.00320769847634 0.0240577385726 0.00962309542903 0.00320769847634 0.0368885324779 0.0697674418605 0.0224538893344 0.0192461908581 0.0473135525261 0.0232558139535 0.00882117080994 0.000801924619086 0.00801924619086 0.0360866078589
76 0.0304731355253 0.00721732157177 0.305533279872 0.093023255814 0.000801924619086 0.0825982357658 0.0192461908581 0.00240577385726 0.0344827586207 0.0152365677626 0.00400962309543 0.156375300722 0.0240577385726 0.0352846832398 0.0368885324779 0.0593424218123 0.0449077786688 0.00962309542903 0.00240577385726 0.00721732157177 0.0288692862871
77 0.0425020048115 0.00801924619086 0.0360866078589 0.0489174017642 0.0328789093825 0.0312750601443 0.0408981555734 0.0368885324779 0.0609462710505 0.0753809141941 0.0200481154771 0.018444266239 0.0192461908581 0.0417000801925 0.124298315958 0.0529270248597 0.141940657578 0.0834001603849 0.0288692862871 0.037690457097 0.0176423416199
78 0.266238973536 0.0112269446672 0.00481154771451 0.0056134723336 0.0272654370489 0.0601443464314 0.00320769847634 0.0970328789094 0.00160384923817 0.0825982357658 0.0104250200481 0.00320769847634 0.00160384923817 0.00481154771451 0.0056134723336 0.0296712109062 0.028067361668 0.311146752205 0.00721732157177 0.0168404170008 0.0216519647153
79 0.153167602245 0.0224538893344 0.00320769847634 0.0152365677626 0.0697674418605 0.0168404170008 0.0112269446672 0.110665597434 0.0120288692863 0.0874097834804 0.037690457097 0.00481154771451 0.0 0.0112269446672 0.028067361668 0.046511627907 0.0777866880513 0.214915797915 0.0208500400962 0.0360866078589 0.0200481154771
80 0.150761828388 0.0304731355253 0.00721732157177 0.0144346431435 0.046511627907 0.0449077786688 0.00721732157177 0.0858059342422 0.00240577385726 0.123496391339 0.0328789093825 0.00400962309543 0.00240577385726 0.0160384923817 0.0112269446672 0.0384923817161 0.0489174017642 0.283881315156 0.00882117080994 0.0248596631917 0.0152365677626
81 0.0344827586207 0.00882117080994 0.0256615878107 0.189254210104 0.0216519647153 0.00641539695269 0.0858059342422 0.0425020048115 0.0384923817161 0.0585404971933 0.0168404170008 0.0232558139535 0.00882117080994 0.056134723336 0.138732959102 0.0449077786688 0.0697674418605 0.0601443464314 0.0232558139535 0.0296712109062 0.0168404170008
82 0.084202085004 0.0200481154771 0.00641539695269 0.0256615878107 0.0890136327185 0.137129109864 0.0208500400962 0.0320769847634 0.00160384923817 0.0705693664796 0.0248596631917 0.0112269446672 0.000801924619086 0.0128307939054 0.0160384923817 0.0400962309543 0.0304731355253 0.0545308740978 0.199679230152 0.103448275862 0.018444266239
83 0.0433039294306 0.00882117080994 0.0545308740978 0.0850040096231 0.018444266239 0.0160384923817 0.0681635926223 0.0433039294306 0.056134723336 0.0400962309543 0.00962309542903 0.0344827586207 0.00641539695269 0.0392943063352 0.136327185245 0.0625501202887 0.137931034483 0.0681635926223 0.00320769847634 0.046511627907 0.0216519647153
84 0.0970328789094 0.0232558139535 0.0168404170008 0.0248596631917 0.0801924619086 0.0737770649559 0.0104250200481 0.0625501202887 0.00320769847634 0.141138732959 0.0593424218123 0.0256615878107 0.00962309542903 0.0248596631917 0.0192461908581 0.0425020048115 0.0336808340016 0.121892542101 0.0505212510024 0.0481154771451 0.0312750601443
85 0.0400962309543 0.00641539695269 0.0633520449078 0.0978348035285 0.0168404170008 0.0248596631917 0.0521251002406 0.0392943063352 0.0537289494787 0.0232558139535 0.0056134723336 0.0304731355253 0.0120288692863 0.0417000801925 0.105854049719 0.0986367281476 0.161988773055 0.0601443464314 0.0056134723336 0.0256615878107 0.0344827586207
86 0.108259823577 0.0160384923817 0.0160384923817 0.0160384923817 0.0577385725742 0.239775461107 0.0128307939054 0.0513231756215 0.0104250200481 0.0497193263833 0.0417000801925 0.0152365677626 0.0152365677626 0.0120288692863 0.0288692862871 0.0425020048115 0.0449077786688 0.0753809141941 0.0449077786688 0.0569366479551 0.0441058540497
87 0.0593424218123 0.00160384923817 0.065757818765 0.056134723336 0.0104250200481 0.0344827586207 0.028067361668 0.0256615878107 0.0585404971933 0.0248596631917 0.0112269446672 0.0320769847634 0.0577385725742 0.0312750601443 0.0809943865277 0.0457097032879 0.197273456295 0.0569366479551 0.00721732157177 0.00962309542903 0.1050521251
88 0.138732959102 0.00160384923817 0.0352846832398 0.037690457097 0.018444266239 0.0400962309543 0.0216519647153 0.0176423416199 0.0858059342422 0.0312750601443 0.00962309542903 0.0232558139535 0.144346431435 0.0224538893344 0.0425020048115 0.0577385725742 0.0336808340016 0.0296712109062 0.00160384923817 0.00801924619086 0.198877305533
89 0.0513231756215 0.0 0.13151563753 0.0441058540497 0.0056134723336 0.0825982357658 0.0136327185245 0.00400962309543 0.0417000801925 0.0128307939054 0.00160384923817 0.0705693664796 0.0352846832398 0.0256615878107 0.0144346431435 0.0801924619086 0.164394546913 0.00962309542903 0.00481154771451 0.00240577385726 0.203688853248
90 0.0256615878107 0.00160384923817 0.0601443464314 0.0441058540497 0.0056134723336 0.489174017642 0.0128307939054 0.00320769847634 0.037690457097 0.0160384923817 0.00240577385726 0.0609462710505 0.0208500400962 0.0208500400962 0.0136327185245 0.0473135525261 0.0168404170008 0.00882117080994 0.00400962309543 0.00160384923817 0.106655974338
91 0.046511627907 0.00641539695269 0.0408981555734 0.0874097834804 0.00882117080994 0.0906174819567 0.0144346431435 0.0144346431435 0.154771451484 0.0264635124298 0.00721732157177 0.037690457097 0.0336808340016 0.0665597433841 0.115477145148 0.0425020048115 0.056134723336 0.0288692862871 0.00160384923817 0.00400962309543 0.115477145148
92 0.0545308740978 0.00160384923817 0.0489174017642 0.065757818765 0.0128307939054 0.0400962309543 0.0312750601443 0.0425020048115 0.0737770649559 0.0368885324779 0.00962309542903 0.0200481154771 0.132317562149 0.0392943063352 0.074578989575 0.0625501202887 0.0850040096231 0.0585404971933 0.00882117080994 0.0120288692863 0.0890136327185
93 0.0537289494787 0.00400962309543 0.0160384923817 0.0208500400962 0.105854049719 0.0248596631917 0.0168404170008 0.114675220529 0.028067361668 0.0970328789094 0.0368885324779 0.0112269446672 0.0176423416199 0.018444266239 0.0304731355253 0.0296712109062 0.0312750601443 0.159582999198 0.0168404170008 0.0801924619086 0.0858059342422
94 0.0761828388132 0.00962309542903 0.0834001603849 0.109863672815 0.0200481154771 0.0296712109062 0.028067361668 0.0304731355253 0.0505212510024 0.0264635124298 0.0160384923817 0.0408981555734 0.0216519647153 0.0360866078589 0.0817963111468 0.0817963111468 0.0978348035285 0.0617481956696 0.0104250200481 0.0128307939054 0.074578989575
95 0.0609462710505 0.00801924619086 0.0136327185245 0.0208500400962 0.108259823577 0.0761828388132 0.0120288692863 0.105854049719 0.00962309542903 0.113071371291 0.046511627907 0.0505212510024 0.0104250200481 0.0312750601443 0.0160384923817 0.0449077786688 0.0473135525261 0.130713712911 0.0192461908581 0.028067361668 0.046511627907
96 0.0513231756215 0.00882117080994 0.0858059342422 0.0809943865277 0.0176423416199 0.0240577385726 0.0481154771451 0.0200481154771 0.0577385725742 0.0264635124298 0.0112269446672 0.0425020048115 0.0954290296712 0.0408981555734 0.160384923817 0.0585404971933 0.0601443464314 0.0248596631917 0.0136327185245 0.0256615878107 0.0457097032879
97 0.0898155573376 0.0176423416199 0.0120288692863 0.0256615878107 0.101042502005 0.248596631917 0.0128307939054 0.0384923817161 0.00481154771451 0.0360866078589 0.0192461908581 0.0200481154771 0.0 0.0144346431435 0.00721732157177 0.0481154771451 0.0336808340016 0.0890136327185 0.0224538893344 0.116279069767 0.0425020048115
98 0.119486768244 0.0641539695269 0.00882117080994 0.0112269446672 0.0481154771451 0.0112269446672 0.0320769847634 0.101844426624 0.0112269446672 0.0906174819567 0.0673616680032 0.00962309542903 0.00160384923817 0.0120288692863 0.0216519647153 0.0400962309543 0.109863672815 0.167602245389 0.0056134723336 0.0216519647153 0.0441058540497
99 0.0721732157177 0.00801924619086 0.178027265437 0.0785886126704 0.046511627907 0.0368885324779 0.0473135525261 0.0352846832398 0.00240577385726 0.0553327987169 0.028067361668 0.0336808340016 0.00400962309543 0.0320769847634 0.00641539695269 0.0962309542903 0.0825982357658 0.0489174017642 0.0256615878107 0.0360866078589 0.0457097032879
100 0.0320769847634 0.0056134723336 0.00882117080994 0.0296712109062 0.0898155573376 0.00481154771451 0.0288692862871 0.164394546913 0.0112269446672 0.121892542101 0.0232558139535 0.00641539695269 0.000801924619086 0.0176423416199 0.0497193263833 0.0232558139535 0.0609462710505 0.235765838011 0.0216519647153 0.0208500400962 0.0425020048115
101 0.0441058540497 0.0152365677626 0.00641539695269 0.00240577385726 0.252606255012 0.0120288692863 0.0224538893344 0.0906174819567 0.00160384923817 0.165196471532 0.0505212510024 0.00240577385726 0.0 0.0120288692863 0.00721732157177 0.00721732157177 0.00721732157177 0.0705693664796 0.0689655172414 0.119486768244 0.0417000801925
102 0.0200481154771 0.00481154771451 0.0417000801925 0.145148356055 0.00721732157177 0.0160384923817 0.0513231756215 0.018444266239 0.101844426624 0.018444266239 0.00721732157177 0.00962309542903 0.00160384923817 0.0384923817161 0.214915797915 0.0328789093825 0.134723336006 0.0761828388132 0.0056134723336 0.0136327185245 0.0400962309543
103 0.0136327185245 0.0136327185245 0.00320769847634 0.00801924619086 0.234963913392 0.00481154771451 0.0056134723336 0.101042502005 0.0545308740978 0.164394546913 0.0272654370489 0.00400962309543 0.00481154771451 0.0136327185245 0.065757818765 0.00400962309543 0.0208500400962 0.164394546913 0.0240577385726 0.0272654370489 0.0400962309543
104 0.0425020048115 0.00320769847634 0.147554129912 0.137129109864 0.000801924619086 0.0336808340016 0.0112269446672 0.0216519647153 0.065757818765 0.0056134723336 0.00320769847634 0.0978348035285 0.00240577385726 0.0433039294306 0.113071371291 0.0473135525261 0.0529270248597 0.0457097032879 0.000801924619086 0.00400962309543 0.120288692863
105 0.056134723336 0.0 0.0882117080994 0.113071371291 0.000801924619086 0.0529270248597 0.00400962309543 0.00240577385726 0.0336808340016 0.00400962309543 0.00400962309543 0.0200481154771 0.0392943063352 0.0160384923817 0.0256615878107 0.037690457097 0.0192461908581 0.00721732157177 0.000801924619086 0.00160384923817 0.473135525261
106 0.0513231756215 0.00160384923817 0.328789093825 0.0978348035285 0.0 0.133921411387 0.0224538893344 0.00160384923817 0.0192461908581 0.00400962309543 0.00160384923817 0.112269446672 0.00882117080994 0.0384923817161 0.0144346431435 0.0449077786688 0.028067361668 0.00481154771451 0.00400962309543 0.000801924619086 0.0809943865277
107 0.0224538893344 0.00240577385726 0.0922213311949 0.0457097032879 0.00400962309543 0.583801122694 0.0112269446672 0.00400962309543 0.0128307939054 0.00882117080994 0.0 0.046511627907 0.0056134723336 0.0224538893344 0.0240577385726 0.0224538893344 0.00882117080994 0.00882117080994 0.0192461908581 0.00320769847634 0.0513231756215
108 0.0104250200481 0.0056134723336 0.00400962309543 0.0248596631917 0.00400962309543 0.0104250200481 0.0128307939054 0.00721732157177 0.365677626303 0.150761828388 0.00721732157177 0.00320769847634 0.000801924619086 0.0681635926223 0.208500400962 0.0144346431435 0.0128307939054 0.018444266239 0.00240577385726 0.00320769847634 0.064955894146
109 0.0208500400962 0.00962309542903 0.0 0.0 0.0360866078589 0.00160384923817 0.000801924619086 0.547714514836 0.000801924619086 0.102646351243 0.0192461908581 0.0 0.00240577385726 0.00240577385726 0.00160384923817 0.00320769847634 0.0056134723336 0.149959903769 0.00801924619086 0.00400962309543 0.0834001603849
110 0.111467522053 0.0176423416199 0.0304731355253 0.0200481154771 0.00721732157177 0.00400962309543 0.0152365677626 0.0801924619086 0.0673616680032 0.0392943063352 0.00721732157177 0.00962309542903 0.000801924619086 0.0328789093825 0.0513231756215 0.0858059342422 0.141940657578 0.170008019246 0.0056134723336 0.0192461908581 0.0825982357658
111 0.0585404971933 0.00400962309543 0.0352846832398 0.183640737771 0.0168404170008 0.0304731355253 0.0769847634322 0.00801924619086 0.056134723336 0.0312750601443 0.00481154771451 0.0232558139535 0.0 0.0336808340016 0.165196471532 0.093023255814 0.0304731355253 0.0176423416199 0.00400962309543 0.0328789093825 0.093825180433
112 0.0288692862871 0.0112269446672 0.0152365677626 0.0633520449078 0.0513231756215 0.0160384923817 0.0777866880513 0.112269446672 0.0112269446672 0.120288692863 0.0577385725742 0.0120288692863 0.0 0.0360866078589 0.0441058540497 0.018444266239 0.0240577385726 0.0946271050521 0.0408981555734 0.0481154771451 0.116279069767
113 0.0240577385726 0.00801924619086 0.0457097032879 0.0625501202887 0.0152365677626 0.00801924619086 0.0633520449078 0.028067361668 0.0665597433841 0.0216519647153 0.0056134723336 0.018444266239 0.00160384923817 0.0521251002406 0.165998396151 0.0312750601443 0.0697674418605 0.046511627907 0.0994386527666 0.0352846832398 0.130713712911
114 0.0858059342422 0.0056134723336 0.118684843625 0.112269446672 0.0216519647153 0.037690457097 0.0144346431435 0.0665597433841 0.00160384923817 0.046511627907 0.0128307939054 0.0160384923817 0.00721732157177 0.0232558139535 0.00962309542903 0.0737770649559 0.0481154771451 0.0882117080994 0.0104250200481 0.0160384923817 0.183640737771
115 0.0176423416199 0.00962309542903 0.0056134723336 0.0112269446672 0.154771451484 0.00721732157177 0.028067361668 0.0481154771451 0.00320769847634 0.046511627907 0.0192461908581 0.0128307939054 0.0 0.0112269446672 0.00801924619086 0.0224538893344 0.0200481154771 0.0441058540497 0.0296712109062 0.258219727346 0.242181234964
116 0.0360866078589 0.0104250200481 0.0112269446672 0.028067361668 0.117080994387 0.0232558139535 0.00882117080994 0.0400962309543 0.00641539695269 0.0593424218123 0.0264635124298 0.0104250200481 0.018444266239 0.00882117080994 0.0160384923817 0.0144346431435 0.0208500400962 0.0537289494787 0.0978348035285 0.0906174819567 0.301523656776
117 0.0224538893344 0.00721732157177 0.347233360064 0.0264635124298 0.00481154771451 0.0248596631917 0.0152365677626 0.00481154771451 0.0144346431435 0.0104250200481 0.00320769847634 0.0817963111468 0.00882117080994 0.0112269446672 0.0128307939054 0.0264635124298 0.0104250200481 0.0112269446672 0.000801924619086 0.00882117080994 0.346431435445
118 0.0352846832398 0.0056134723336 0.0240577385726 0.0296712109062 0.0216519647153 0.0216519647153 0.00721732157177 0.0192461908581 0.00962309542903 0.0489174017642 0.0176423416199 0.0168404170008 0.0801924619086 0.0272654370489 0.0304731355253 0.056134723336 0.0906174819567 0.0200481154771 0.00962309542903 0.0136327185245 0.414595028067
119 0.0866078588613 0.00160384923817 0.0224538893344 0.0216519647153 0.0176423416199 0.0288692862871 0.00962309542903 0.0168404170008 0.0264635124298 0.0793905372895 0.00882117080994 0.0152365677626 0.0288692862871 0.0176423416199 0.0224538893344 0.0400962309543 0.0208500400962 0.028067361668 0.0056134723336 0.0152365677626 0.485966319166
