POS A C D E F G H I K L M N P Q R S T V W Y -
1 0.00555041628122 0.0 0.00832562442183 0.00277520814061 0.000925069380204 0.00185013876041 0.00277520814061 0.00185013876041 0.00185013876041 0.000925069380204 0.00832562442183 0.0 0.00185013876041 0.000925069380204 0.00462534690102 0.00277520814061 0.0 0.00277520814061 0.0 0.0 0.951896392229
2 0.0212765957447 0.0 0.0249768732655 0.0259019426457 0.00277520814061 0.0157261794635 0.00832562442183 0.0111008325624 0.0370027752081 0.0148011100833 0.0351526364477 0.0342275670675 0.0166512488437 0.0203515263645 0.0296022201665 0.0231267345051 0.0194264569843 0.0101757631822 0.0 0.00555041628122 0.643848288622
3 0.0296022201665 0.00647548566142 0.0268270120259 0.0296022201665 0.0101757631822 0.0351526364477 0.0120259019426 0.0185013876041 0.0601295097132 0.0185013876041 0.0425531914894 0.0259019426457 0.0342275670675 0.0212765957447 0.0370027752081 0.0379278445883 0.0305272895467 0.0166512488437 0.00277520814061 0.00462534690102 0.49953746531
4 0.0425531914894 0.0138760407031 0.0194264569843 0.0157261794635 0.0175763182239 0.0185013876041 0.0101757631822 0.0721554116559 0.0508788159112 0.0897317298797 0.0582793709528 0.0249768732655 0.0481036077706 0.0212765957447 0.049953746531 0.0333024976873 0.0314523589269 0.0305272895467 0.00370027752081 0.0249768732655 0.322849213691
5 0.0259019426457 0.0111008325624 0.0231267345051 0.0305272895467 0.00370027752081 0.0249768732655 0.0388529139685 0.0166512488437 0.127659574468 0.0342275670675 0.00925069380204 0.0712303422757 0.0194264569843 0.0314523589269 0.149861239593 0.0740055504163 0.0656799259944 0.0277520814061 0.00185013876041 0.0111008325624 0.201665124884
6 0.0508788159112 0.0129509713228 0.00462534690102 0.00370027752081 0.0240518038853 0.00555041628122 0.00370027752081 0.269195189639 0.00832562442183 0.126734505088 0.0148011100833 0.00370027752081 0.00277520814061 0.00185013876041 0.00555041628122 0.0157261794635 0.0259019426457 0.248843663275 0.00462534690102 0.00647548566142 0.160037002775
7 0.0703052728955 0.0175763182239 0.0111008325624 0.00647548566142 0.0323774283071 0.0101757631822 0.00925069380204 0.0934320074006 0.00555041628122 0.388529139685 0.0508788159112 0.00555041628122 0.00555041628122 0.00555041628122 0.00740055504163 0.0166512488437 0.0120259019426 0.0767807585569 0.00740055504163 0.0268270120259 0.140610545791
8 0.0212765957447 0.0129509713228 0.00647548566142 0.00277520814061 0.0370027752081 0.00647548566142 0.00555041628122 0.22941720629 0.00555041628122 0.230342275671 0.0203515263645 0.00277520814061 0.00462534690102 0.00740055504163 0.00740055504163 0.0148011100833 0.00832562442183 0.214616096207 0.00462534690102 0.0268270120259 0.130434782609
9 0.112858464385 0.0305272895467 0.00740055504163 0.00370027752081 0.0268270120259 0.0185013876041 0.00740055504163 0.185938945421 0.00370027752081 0.143385753932 0.0157261794635 0.00925069380204 0.00462534690102 0.00370027752081 0.0101757631822 0.0157261794635 0.0212765957447 0.218316373728 0.00462534690102 0.0249768732655 0.131359851989
10 0.0564292321924 0.0185013876041 0.243293246994 0.144310823312 0.00462534690102 0.0647548566142 0.0268270120259 0.0138760407031 0.0138760407031 0.0194264569843 0.0120259019426 0.0323774283071 0.00555041628122 0.0185013876041 0.0138760407031 0.0860314523589 0.0527289546716 0.0222016651249 0.00277520814061 0.00740055504163 0.140610545791
11 0.0573543015726 0.00832562442183 0.199814986124 0.0888066604995 0.00462534690102 0.0397779833488 0.0222016651249 0.0101757631822 0.0370027752081 0.0157261794635 0.00462534690102 0.0804810360777 0.0721554116559 0.0296022201665 0.0462534690102 0.0878815911193 0.0342275670675 0.0157261794635 0.00185013876041 0.00555041628122 0.13783533765
12 0.0379278445883 0.0101757631822 0.206290471785 0.0795559666975 0.0120259019426 0.0342275670675 0.0370027752081 0.0129509713228 0.0360777058279 0.0259019426457 0.00740055504163 0.126734505088 0.0259019426457 0.0342275670675 0.0342275670675 0.0934320074006 0.0249768732655 0.0194264569843 0.00462534690102 0.00925069380204 0.127659574468
13 0.0795559666975 0.0120259019426 0.0555041628122 0.0878815911193 0.00925069380204 0.0508788159112 0.0157261794635 0.0222016651249 0.0527289546716 0.0342275670675 0.00925069380204 0.0370027752081 0.128584643848 0.0370027752081 0.059204440333 0.0740055504163 0.0462534690102 0.0388529139685 0.00370027752081 0.00925069380204 0.13691026827
14 0.0647548566142 0.00832562442183 0.0730804810361 0.0962072155412 0.0360777058279 0.0277520814061 0.0231267345051 0.0675300647549 0.0481036077706 0.0823311748381 0.0185013876041 0.0397779833488 0.0212765957447 0.0305272895467 0.0360777058279 0.0666049953747 0.0536540240518 0.049953746531 0.00462534690102 0.0166512488437 0.13506012951
15 0.0582793709528 0.00740055504163 0.0481036077706 0.0471785383904 0.0527289546716 0.0185013876041 0.0231267345051 0.0675300647549 0.0185013876041 0.123959296947 0.0231267345051 0.0471785383904 0.0138760407031 0.0434782608696 0.0518038852914 0.0527289546716 0.049953746531 0.0795559666975 0.0111008325624 0.0268270120259 0.13506012951
16 0.104532839963 0.0286771507863 0.0231267345051 0.0166512488437 0.0175763182239 0.0434782608696 0.0166512488437 0.0610545790934 0.0277520814061 0.105457909343 0.0148011100833 0.0268270120259 0.0111008325624 0.04532839963 0.178538390379 0.0619796484736 0.0249768732655 0.0434782608696 0.00555041628122 0.0111008325624 0.131359851989
17 0.0823311748381 0.00555041628122 0.0749306197965 0.124884366327 0.0138760407031 0.0342275670675 0.0194264569843 0.0194264569843 0.0758556891767 0.049953746531 0.0166512488437 0.0490286771508 0.0249768732655 0.0555041628122 0.0601295097132 0.0786308973173 0.0360777058279 0.0194264569843 0.00462534690102 0.0157261794635 0.138760407031
18 0.0832562442183 0.00277520814061 0.0268270120259 0.0323774283071 0.0351526364477 0.0860314523589 0.0249768732655 0.0675300647549 0.0351526364477 0.13506012951 0.0194264569843 0.0249768732655 0.0148011100833 0.0397779833488 0.0536540240518 0.0444033302498 0.0370027752081 0.0619796484736 0.0120259019426 0.0212765957447 0.141535615171
19 0.0370027752081 0.00740055504163 0.00555041628122 0.0120259019426 0.063829787234 0.00462534690102 0.00555041628122 0.141535615171 0.00925069380204 0.31729879741 0.0564292321924 0.00925069380204 0.00462534690102 0.00832562442183 0.0101757631822 0.0111008325624 0.0305272895467 0.0925069380204 0.00925069380204 0.0194264569843 0.144310823312
20 0.0943570767808 0.0231267345051 0.0231267345051 0.0851063829787 0.0101757631822 0.0342275670675 0.0212765957447 0.0286771507863 0.104532839963 0.0471785383904 0.0120259019426 0.0323774283071 0.0101757631822 0.0573543015726 0.0851063829787 0.0814061054579 0.0444033302498 0.0527289546716 0.00277520814061 0.0185013876041 0.131359851989
21 0.0647548566142 0.00462534690102 0.0693802035153 0.109158186864 0.0111008325624 0.0388529139685 0.0259019426457 0.0222016651249 0.063829787234 0.0471785383904 0.0101757631822 0.054579093432 0.0148011100833 0.0684551341351 0.0934320074006 0.0795559666975 0.0527289546716 0.0203515263645 0.00740055504163 0.0120259019426 0.129509713228
22 0.0878815911193 0.0175763182239 0.0101757631822 0.0286771507863 0.0434782608696 0.0185013876041 0.0175763182239 0.0915818686401 0.0259019426457 0.178538390379 0.049953746531 0.0120259019426 0.00555041628122 0.0388529139685 0.0314523589269 0.0481036077706 0.0333024976873 0.0721554116559 0.0101757631822 0.054579093432 0.123959296947
23 0.0425531914894 0.0111008325624 0.00462534690102 0.00740055504163 0.0980573543016 0.00370027752081 0.00277520814061 0.0962072155412 0.0175763182239 0.426456984274 0.0249768732655 0.00462534690102 0.00462534690102 0.00832562442183 0.0129509713228 0.0166512488437 0.0129509713228 0.0693802035153 0.00555041628122 0.00647548566142 0.123034227567
24 0.0980573543016 0.0111008325624 0.049953746531 0.123959296947 0.0175763182239 0.0444033302498 0.0231267345051 0.0212765957447 0.0703052728955 0.0434782608696 0.00925069380204 0.0462534690102 0.0249768732655 0.049953746531 0.0860314523589 0.0777058279371 0.0416281221092 0.0185013876041 0.00277520814061 0.00925069380204 0.130434782609
25 0.0804810360777 0.00462534690102 0.0527289546716 0.0860314523589 0.0249768732655 0.040703052729 0.0259019426457 0.0157261794635 0.0721554116559 0.0388529139685 0.0157261794635 0.0397779833488 0.0240518038853 0.0601295097132 0.0888066604995 0.0878815911193 0.0370027752081 0.0166512488437 0.00647548566142 0.0129509713228 0.168362627197
26 0.0712303422757 0.0111008325624 0.0370027752081 0.0693802035153 0.0490286771508 0.0286771507863 0.0286771507863 0.0370027752081 0.0240518038853 0.117483811286 0.0286771507863 0.0425531914894 0.0259019426457 0.0370027752081 0.0351526364477 0.059204440333 0.0342275670675 0.0231267345051 0.0342275670675 0.0416281221092 0.164662349676
27 0.0333487511563 0.00652173913043 0.0620259019426 0.045374653099 0.0259481961147 0.297918593895 0.0185476410731 0.0194727104533 0.0370490286772 0.0268732654949 0.00467160037003 0.0583256244218 0.0342738205365 0.0324236817761 0.0388991674376 0.0518501387604 0.0148473635523 0.0176225716929 0.00467160037003 0.0213228492137 0.148011100833
28 0.0675300647549 0.0268270120259 0.0277520814061 0.0342275670675 0.138760407031 0.0203515263645 0.0268270120259 0.0703052728955 0.0148011100833 0.0749306197965 0.0277520814061 0.0148011100833 0.0175763182239 0.0138760407031 0.0175763182239 0.0222016651249 0.0194264569843 0.063829787234 0.0323774283071 0.120259019426 0.148011100833
29 0.040703052729 0.00925069380204 0.0305272895467 0.0666049953747 0.0194264569843 0.0249768732655 0.0166512488437 0.0203515263645 0.0351526364477 0.0333024976873 0.00647548566142 0.0333024976873 0.0138760407031 0.0333024976873 0.0388529139685 0.0379278445883 0.0296022201665 0.0268270120259 0.00185013876041 0.0157261794635 0.465309898242
30 0.040703052729 0.0129509713228 0.054579093432 0.0758556891767 0.0203515263645 0.0185013876041 0.0148011100833 0.0518038852914 0.0379278445883 0.0462534690102 0.00832562442183 0.0360777058279 0.0148011100833 0.0490286771508 0.0508788159112 0.04532839963 0.0434782608696 0.0740055504163 0.00277520814061 0.0101757631822 0.291396854764
31 0.0509250693802 0.0435245143386 0.00929694727105 0.0157724329325 0.0361239592969 0.0102220166512 0.0129972247919 0.134181313599 0.00929694727105 0.101803885291 0.0129972247919 0.00559666975023 0.0333487511563 0.0185476410731 0.0166975023127 0.0333487511563 0.0481498612396 0.23038852914 0.00744680851064 0.0194727104533 0.149861239593
32 0.0573543015726 0.0157261794635 0.0619796484736 0.0619796484736 0.0388529139685 0.04532839963 0.0323774283071 0.0703052728955 0.0379278445883 0.0767807585569 0.0166512488437 0.0166512488437 0.00740055504163 0.0425531914894 0.04532839963 0.0425531914894 0.0564292321924 0.0823311748381 0.00925069380204 0.0277520814061 0.154486586494
33 0.0767807585569 0.0360777058279 0.0286771507863 0.063829787234 0.0360777058279 0.0212765957447 0.0314523589269 0.0712303422757 0.0231267345051 0.063829787234 0.00925069380204 0.0203515263645 0.0314523589269 0.0425531914894 0.0434782608696 0.0601295097132 0.0758556891767 0.0878815911193 0.00925069380204 0.0240518038853 0.143385753932
34 0.196114708603 0.063829787234 0.0120259019426 0.0249768732655 0.0703052728955 0.0157261794635 0.0138760407031 0.0536540240518 0.0166512488437 0.0610545790934 0.0101757631822 0.0185013876041 0.0240518038853 0.0138760407031 0.0222016651249 0.0434782608696 0.0508788159112 0.118408880666 0.00555041628122 0.0296022201665 0.13506012951
35 0.0730804810361 0.00740055504163 0.0749306197965 0.0666049953747 0.0175763182239 0.0703052728955 0.0323774283071 0.0231267345051 0.0416281221092 0.0277520814061 0.00832562442183 0.0573543015726 0.0397779833488 0.0434782608696 0.0481036077706 0.114708603145 0.0684551341351 0.0203515263645 0.00277520814061 0.0194264569843 0.142460684551
36 0.0351526364477 0.00647548566142 0.161887141536 0.054579093432 0.00925069380204 0.0351526364477 0.0111008325624 0.0194264569843 0.0249768732655 0.0286771507863 0.00555041628122 0.095282146161 0.0268270120259 0.0249768732655 0.0286771507863 0.177613320999 0.0860314523589 0.0194264569843 0.00462534690102 0.00925069380204 0.13506012951
37 0.0989824236818 0.0194264569843 0.0342275670675 0.0462534690102 0.0333024976873 0.148936170213 0.0120259019426 0.0527289546716 0.0240518038853 0.0869565217391 0.00925069380204 0.0203515263645 0.0527289546716 0.0185013876041 0.0249768732655 0.0601295097132 0.0379278445883 0.0619796484736 0.0129509713228 0.0185013876041 0.125809435708
38 0.0906567992599 0.00555041628122 0.0869565217391 0.13691026827 0.0166512488437 0.0370027752081 0.0175763182239 0.0277520814061 0.0666049953747 0.0425531914894 0.00370027752081 0.04532839963 0.0286771507863 0.0518038852914 0.0462534690102 0.0703052728955 0.0416281221092 0.0360777058279 0.000925069380204 0.00740055504163 0.139685476411
39 0.0962072155412 0.00832562442183 0.122109158187 0.211840888067 0.00925069380204 0.0333024976873 0.0222016651249 0.0157261794635 0.0333024976873 0.0342275670675 0.00832562442183 0.0249768732655 0.0175763182239 0.0629047178538 0.0305272895467 0.059204440333 0.04532839963 0.0203515263645 0.000925069380204 0.00740055504163 0.13598519889
40 0.283071230342 0.0148011100833 0.0212765957447 0.0249768732655 0.0416281221092 0.0518038852914 0.00647548566142 0.0490286771508 0.00925069380204 0.141535615171 0.0148011100833 0.00925069380204 0.0120259019426 0.0166512488437 0.0231267345051 0.0305272895467 0.0305272895467 0.0693802035153 0.00370027752081 0.0101757631822 0.13598519889
41 0.0471785383904 0.0129509713228 0.0138760407031 0.0314523589269 0.054579093432 0.0212765957447 0.00555041628122 0.111933395005 0.0305272895467 0.240518038853 0.0379278445883 0.0157261794635 0.0194264569843 0.0222016651249 0.040703052729 0.0212765957447 0.0166512488437 0.0619796484736 0.0138760407031 0.0360777058279 0.144310823312
42 0.0897317298797 0.00925069380204 0.0869565217391 0.141535615171 0.0212765957447 0.0333024976873 0.0203515263645 0.0157261794635 0.0693802035153 0.0342275670675 0.00832562442183 0.0360777058279 0.0185013876041 0.0573543015726 0.0601295097132 0.0564292321924 0.0471785383904 0.0286771507863 0.00740055504163 0.0129509713228 0.145235892692
43 0.0897317298797 0.0101757631822 0.0360777058279 0.0518038852914 0.0370027752081 0.0249768732655 0.0277520814061 0.0786308973173 0.049953746531 0.123959296947 0.0323774283071 0.0175763182239 0.00832562442183 0.0370027752081 0.0481036077706 0.0342275670675 0.0360777058279 0.0508788159112 0.0120259019426 0.0360777058279 0.157261794635
44 0.0712765957447 0.0333487511563 0.0157724329325 0.0139222941721 0.0481498612396 0.00929694727105 0.0102220166512 0.130481036078 0.0166975023127 0.237789084181 0.0250231267345 0.00744680851064 0.0129972247919 0.0166975023127 0.0139222941721 0.0166975023127 0.0166975023127 0.0897779833488 0.00467160037003 0.0231729879741 0.185938945421
45 0.0777058279371 0.00647548566142 0.04532839963 0.0823311748381 0.0120259019426 0.0360777058279 0.0222016651249 0.0240518038853 0.0740055504163 0.054579093432 0.00740055504163 0.0379278445883 0.0194264569843 0.0629047178538 0.0832562442183 0.0730804810361 0.0296022201665 0.0314523589269 0.00370027752081 0.0212765957447 0.195189639223
46 0.0730804810361 0.00925069380204 0.0684551341351 0.0915818686401 0.0129509713228 0.040703052729 0.0249768732655 0.0222016651249 0.0675300647549 0.0351526364477 0.00370027752081 0.049953746531 0.0268270120259 0.0675300647549 0.0656799259944 0.0582793709528 0.049953746531 0.0296022201665 0.00370027752081 0.0111008325624 0.187789084181
47 0.0555041628122 0.00740055504163 0.0508788159112 0.0740055504163 0.0305272895467 0.0619796484736 0.0481036077706 0.0314523589269 0.054579093432 0.0555041628122 0.0101757631822 0.0582793709528 0.0333024976873 0.059204440333 0.063829787234 0.059204440333 0.040703052729 0.0296022201665 0.00925069380204 0.0157261794635 0.150786308973
48 0.0666049953747 0.00925069380204 0.0740055504163 0.0666049953747 0.00925069380204 0.0518038852914 0.0351526364477 0.0268270120259 0.0767807585569 0.0444033302498 0.0148011100833 0.0425531914894 0.0786308973173 0.0647548566142 0.0786308973173 0.0601295097132 0.0342275670675 0.0388529139685 0.00740055504163 0.00740055504163 0.111933395005
49 0.0851063829787 0.0194264569843 0.0222016651249 0.0203515263645 0.112858464385 0.0111008325624 0.0129509713228 0.0730804810361 0.0148011100833 0.0444033302498 0.00832562442183 0.0129509713228 0.233117483811 0.0111008325624 0.0175763182239 0.0249768732655 0.0231267345051 0.0758556891767 0.0148011100833 0.0721554116559 0.0897317298797
50 0.0675300647549 0.0101757631822 0.320999074931 0.0740055504163 0.0111008325624 0.04532839963 0.0323774283071 0.0138760407031 0.0314523589269 0.0203515263645 0.000925069380204 0.0527289546716 0.0185013876041 0.0425531914894 0.0397779833488 0.0721554116559 0.0240518038853 0.0249768732655 0.00462534690102 0.0111008325624 0.0814061054579
51 0.0740055504163 0.0314523589269 0.0129509713228 0.0101757631822 0.0314523589269 0.0185013876041 0.00647548566142 0.163737280296 0.00925069380204 0.263644773358 0.0342275670675 0.00370027752081 0.00277520814061 0.0111008325624 0.0101757631822 0.0148011100833 0.0249768732655 0.173913043478 0.00370027752081 0.0138760407031 0.0851063829787
52 0.0629047178538 0.0185013876041 0.0120259019426 0.0129509713228 0.04532839963 0.00647548566142 0.00185013876041 0.247918593895 0.0111008325624 0.178538390379 0.0277520814061 0.00925069380204 0.0129509713228 0.0101757631822 0.00832562442183 0.0175763182239 0.0148011100833 0.213691026827 0.00647548566142 0.00832562442183 0.0730804810361
53 0.0240518038853 0.00555041628122 0.00647548566142 0.0111008325624 0.114708603145 0.00462534690102 0.00462534690102 0.22664199815 0.00462534690102 0.268270120259 0.0203515263645 0.00277520814061 0.00647548566142 0.00185013876041 0.0111008325624 0.00832562442183 0.00925069380204 0.170212765957 0.0111008325624 0.0175763182239 0.0703052728955
54 0.0647548566142 0.0397779833488 0.00925069380204 0.0166512488437 0.0462534690102 0.0129509713228 0.00370027752081 0.185938945421 0.00740055504163 0.220166512488 0.0481036077706 0.00832562442183 0.00740055504163 0.00555041628122 0.00647548566142 0.0379278445883 0.0564292321924 0.139685476411 0.00740055504163 0.0129509713228 0.0629047178538
55 0.0518038852914 0.0129509713228 0.401480111008 0.0851063829787 0.00832562442183 0.054579093432 0.0111008325624 0.0166512488437 0.0120259019426 0.0231267345051 0.00185013876041 0.0767807585569 0.0148011100833 0.0194264569843 0.0203515263645 0.0666049953747 0.0212765957447 0.0166512488437 0.00185013876041 0.00740055504163 0.0758556891767
56 0.0684551341351 0.0259019426457 0.0425531914894 0.0425531914894 0.0277520814061 0.0222016651249 0.0222016651249 0.095282146161 0.0148011100833 0.148011100833 0.0434782608696 0.0166512488437 0.0323774283071 0.0212765957447 0.0259019426457 0.0647548566142 0.0434782608696 0.0832562442183 0.0222016651249 0.054579093432 0.0823311748381
57 0.0619796484736 0.00925069380204 0.123034227567 0.0712303422757 0.0268270120259 0.054579093432 0.0305272895467 0.0305272895467 0.0416281221092 0.054579093432 0.0277520814061 0.0656799259944 0.0259019426457 0.0462534690102 0.0619796484736 0.0693802035153 0.040703052729 0.0370027752081 0.00925069380204 0.0148011100833 0.0971322849214
58 0.0555041628122 0.0129509713228 0.0342275670675 0.0203515263645 0.0388529139685 0.0268270120259 0.0166512488437 0.0693802035153 0.0194264569843 0.217391304348 0.104532839963 0.0277520814061 0.0194264569843 0.0268270120259 0.0148011100833 0.0434782608696 0.0471785383904 0.059204440333 0.00740055504163 0.0222016651249 0.115633672525
59 0.0721554116559 0.0185013876041 0.0555041628122 0.0647548566142 0.0212765957447 0.0564292321924 0.0222016651249 0.0175763182239 0.0370027752081 0.0647548566142 0.0101757631822 0.0277520814061 0.200740055504 0.0222016651249 0.0314523589269 0.0703052728955 0.0434782608696 0.0305272895467 0.00185013876041 0.0101757631822 0.121184088807
60 0.0490286771508 0.00647548566142 0.146160962072 0.0777058279371 0.0111008325624 0.122109158187 0.0166512488437 0.0249768732655 0.0397779833488 0.0397779833488 0.00555041628122 0.04532839963 0.0370027752081 0.0342275670675 0.0444033302498 0.063829787234 0.0342275670675 0.0314523589269 0.00647548566142 0.00925069380204 0.154486586494
61 0.0619796484736 0.0138760407031 0.0601295097132 0.0619796484736 0.0286771507863 0.059204440333 0.00925069380204 0.0814061054579 0.0425531914894 0.0980573543016 0.0656799259944 0.0249768732655 0.0305272895467 0.0231267345051 0.0342275670675 0.04532839963 0.0323774283071 0.0564292321924 0.00740055504163 0.0249768732655 0.13783533765
62 0.063829787234 0.00925069380204 0.159111933395 0.0730804810361 0.0120259019426 0.0573543015726 0.0120259019426 0.0212765957447 0.0527289546716 0.0277520814061 0.00647548566142 0.0925069380204 0.0388529139685 0.0305272895467 0.0360777058279 0.103607770583 0.0397779833488 0.0240518038853 0.00185013876041 0.00925069380204 0.128584643848
63 0.106382978723 0.0120259019426 0.0434782608696 0.0397779833488 0.0120259019426 0.292321924144 0.00647548566142 0.0268270120259 0.0194264569843 0.0388529139685 0.0101757631822 0.0305272895467 0.0397779833488 0.0222016651249 0.0231267345051 0.0610545790934 0.0388529139685 0.0370027752081 0.0148011100833 0.0111008325624 0.113783533765
64 0.0629047178538 0.0148011100833 0.0333024976873 0.0508788159112 0.0758556891767 0.0194264569843 0.0157261794635 0.104532839963 0.0222016651249 0.166512488437 0.0222016651249 0.0120259019426 0.0268270120259 0.0277520814061 0.0360777058279 0.0314523589269 0.0388529139685 0.063829787234 0.0166512488437 0.0342275670675 0.123959296947
65 0.0860314523589 0.00462534690102 0.116558741906 0.161887141536 0.00925069380204 0.0360777058279 0.0194264569843 0.0166512488437 0.0555041628122 0.0379278445883 0.00832562442183 0.0434782608696 0.0277520814061 0.0647548566142 0.0444033302498 0.0675300647549 0.0481036077706 0.0194264569843 0.00370027752081 0.0138760407031 0.114708603145
66 0.0675300647549 0.0138760407031 0.0175763182239 0.0212765957447 0.0906567992599 0.0157261794635 0.0120259019426 0.0878815911193 0.0148011100833 0.235892691952 0.0240518038853 0.0185013876041 0.0129509713228 0.0203515263645 0.0342275670675 0.0249768732655 0.0360777058279 0.101757631822 0.0203515263645 0.0129509713228 0.116558741906
67 0.0962072155412 0.049953746531 0.00740055504163 0.0138760407031 0.0342275670675 0.0231267345051 0.0111008325624 0.13413506013 0.0111008325624 0.237742830712 0.0231267345051 0.00647548566142 0.0185013876041 0.0148011100833 0.0203515263645 0.0296022201665 0.0277520814061 0.0962072155412 0.00555041628122 0.0231267345051 0.115633672525
68 0.0814061054579 0.00185013876041 0.063829787234 0.105457909343 0.0148011100833 0.0305272895467 0.0222016651249 0.0286771507863 0.0971322849214 0.0296022201665 0.0129509713228 0.0351526364477 0.0148011100833 0.0601295097132 0.149861239593 0.0564292321924 0.0379278445883 0.0203515263645 0.00555041628122 0.0120259019426 0.119333950046
69 0.0925069380204 0.00832562442183 0.0434782608696 0.110083256244 0.0222016651249 0.0231267345051 0.0231267345051 0.0296022201665 0.0860314523589 0.0629047178538 0.0138760407031 0.0249768732655 0.00832562442183 0.0555041628122 0.095282146161 0.0518038852914 0.040703052729 0.0370027752081 0.0212765957447 0.0268270120259 0.123034227567
70 0.0481036077706 0.00370027752081 0.00740055504163 0.0111008325624 0.0434782608696 0.0111008325624 0.00740055504163 0.206290471785 0.00832562442183 0.288621646623 0.0351526364477 0.0101757631822 0.00740055504163 0.0194264569843 0.0231267345051 0.0203515263645 0.0166512488437 0.0851063829787 0.0138760407031 0.0138760407031 0.119333950046
71 0.0573543015726 0.00832562442183 0.0222016651249 0.0360777058279 0.0111008325624 0.0259019426457 0.0296022201665 0.0314523589269 0.148011100833 0.0564292321924 0.00832562442183 0.0481036077706 0.00740055504163 0.0518038852914 0.215541165587 0.0434782608696 0.0268270120259 0.0268270120259 0.000925069380204 0.0101757631822 0.13413506013
72 0.0795559666975 0.00370027752081 0.0462534690102 0.0980573543016 0.00740055504163 0.0323774283071 0.0249768732655 0.0175763182239 0.0758556891767 0.0490286771508 0.0101757631822 0.040703052729 0.0175763182239 0.0573543015726 0.0980573543016 0.0860314523589 0.0462534690102 0.0240518038853 0.00185013876041 0.00832562442183 0.174838112858
73 0.0481036077706 0.00555041628122 0.0573543015726 0.0527289546716 0.0175763182239 0.0277520814061 0.0471785383904 0.0360777058279 0.0471785383904 0.0823311748381 0.0203515263645 0.0370027752081 0.0203515263645 0.0360777058279 0.0610545790934 0.0518038852914 0.0444033302498 0.0351526364477 0.00555041628122 0.0185013876041 0.247918593895
74 0.0490286771508 0.0120259019426 0.0231267345051 0.059204440333 0.0129509713228 0.0490286771508 0.0240518038853 0.0111008325624 0.0397779833488 0.0388529139685 0.00832562442183 0.0342275670675 0.0693802035153 0.0240518038853 0.0379278445883 0.04532839963 0.0259019426457 0.0175763182239 0.00277520814061 0.0157261794635 0.399629972248
75 0.0536540240518 0.00925069380204 0.0277520814061 0.0564292321924 0.0101757631822 0.0314523589269 0.0286771507863 0.0268270120259 0.0379278445883 0.0536540240518 0.00740055504163 0.0259019426457 0.0286771507863 0.0277520814061 0.0536540240518 0.0397779833488 0.0268270120259 0.0231267345051 0.00370027752081 0.0120259019426 0.415356151711
76 0.04532839963 0.0138760407031 0.0388529139685 0.0416281221092 0.0370027752081 0.04532839963 0.0231267345051 0.0268270120259 0.0388529139685 0.0795559666975 0.0185013876041 0.0527289546716 0.0240518038853 0.0222016651249 0.0388529139685 0.0471785383904 0.049953746531 0.0296022201665 0.0166512488437 0.0360777058279 0.27382053654
77 0.0730804810361 0.0111008325624 0.0370027752081 0.04532839963 0.0222016651249 0.0360777058279 0.0240518038853 0.0259019426457 0.0601295097132 0.0434782608696 0.0129509713228 0.0416281221092 0.131359851989 0.0508788159112 0.0675300647549 0.0712303422757 0.0333024976873 0.0314523589269 0.00185013876041 0.0212765957447 0.158186864015
78 0.059204440333 0.0101757631822 0.0860314523589 0.063829787234 0.0203515263645 0.0721554116559 0.0397779833488 0.0194264569843 0.0582793709528 0.0314523589269 0.0101757631822 0.0647548566142 0.0490286771508 0.0527289546716 0.0610545790934 0.0675300647549 0.0481036077706 0.0175763182239 0.00370027752081 0.0157261794635 0.148936170213
79 0.0693802035153 0.0342275670675 0.0138760407031 0.0203515263645 0.0231267345051 0.0277520814061 0.0148011100833 0.13506012951 0.0194264569843 0.144310823312 0.0268270120259 0.0157261794635 0.0527289546716 0.0157261794635 0.0194264569843 0.0342275670675 0.0925069380204 0.100832562442 0.000925069380204 0.00647548566142 0.132284921369
80 0.0555041628122 0.00740055504163 0.0231267345051 0.0296022201665 0.0138760407031 0.0314523589269 0.0259019426457 0.0434782608696 0.0675300647549 0.0342275670675 0.00925069380204 0.0138760407031 0.312673450509 0.0388529139685 0.0610545790934 0.0416281221092 0.0342275670675 0.0434782608696 0.00277520814061 0.0175763182239 0.0925069380204
81 0.0333024976873 0.0101757631822 0.00647548566142 0.0175763182239 0.0601295097132 0.00832562442183 0.00647548566142 0.217391304348 0.0185013876041 0.144310823312 0.0157261794635 0.00370027752081 0.0138760407031 0.0111008325624 0.0268270120259 0.0194264569843 0.0471785383904 0.231267345051 0.00832562442183 0.0166512488437 0.0832562442183
82 0.0388529139685 0.00647548566142 0.00277520814061 0.00647548566142 0.0323774283071 0.0194264569843 0.00555041628122 0.31637372803 0.00925069380204 0.195189639223 0.0268270120259 0.00647548566142 0.0101757631822 0.00277520814061 0.00925069380204 0.00925069380204 0.0138760407031 0.18038852914 0.00647548566142 0.0138760407031 0.0878815911193
83 0.0888066604995 0.0111008325624 0.0101757631822 0.0157261794635 0.0851063829787 0.0370027752081 0.00370027752081 0.129509713228 0.00647548566142 0.208140610546 0.0508788159112 0.00462534690102 0.00370027752081 0.00277520814061 0.0157261794635 0.0259019426457 0.0148011100833 0.161887141536 0.0111008325624 0.0314523589269 0.0814061054579
84 0.0268270120259 0.0138760407031 0.00832562442183 0.0120259019426 0.0610545790934 0.0194264569843 0.00925069380204 0.159111933395 0.00647548566142 0.244218316374 0.0601295097132 0.00462534690102 0.00925069380204 0.0111008325624 0.0129509713228 0.0286771507863 0.0370027752081 0.144310823312 0.00740055504163 0.0351526364477 0.0888066604995
85 0.0962072155412 0.0268270120259 0.0314523589269 0.0277520814061 0.0101757631822 0.0666049953747 0.00740055504163 0.0360777058279 0.0185013876041 0.0462534690102 0.0148011100833 0.0388529139685 0.0175763182239 0.0185013876041 0.0166512488437 0.178538390379 0.162812210916 0.0721554116559 0.00647548566142 0.0111008325624 0.095282146161
86 0.115633672525 0.00555041628122 0.0832562442183 0.0721554116559 0.0120259019426 0.118408880666 0.0157261794635 0.0194264569843 0.0268270120259 0.0277520814061 0.0101757631822 0.059204440333 0.0619796484736 0.0240518038853 0.0323774283071 0.108233117484 0.0601295097132 0.0397779833488 0.00277520814061 0.0120259019426 0.0925069380204
87 0.049953746531 0.0101757631822 0.0869565217391 0.0823311748381 0.0314523589269 0.0518038852914 0.0360777058279 0.0194264569843 0.0518038852914 0.0471785383904 0.0101757631822 0.0610545790934 0.0416281221092 0.0508788159112 0.0629047178538 0.0860314523589 0.0471785383904 0.0314523589269 0.00370027752081 0.0360777058279 0.101757631822
88 0.0712303422757 0.00832562442183 0.0897317298797 0.0823311748381 0.0305272895467 0.0851063829787 0.0175763182239 0.0323774283071 0.0351526364477 0.0444033302498 0.0166512488437 0.0481036077706 0.063829787234 0.0351526364477 0.0379278445883 0.0777058279371 0.0610545790934 0.0360777058279 0.00647548566142 0.0166512488437 0.103607770583
89 0.0730804810361 0.00832562442183 0.143385753932 0.0878815911193 0.0148011100833 0.0555041628122 0.0203515263645 0.0222016651249 0.0360777058279 0.040703052729 0.00647548566142 0.059204440333 0.0333024976873 0.0481036077706 0.0536540240518 0.0878815911193 0.0656799259944 0.0212765957447 0.00462534690102 0.0101757631822 0.107308048104
90 0.0740055504163 0.00277520814061 0.0703052728955 0.0878815911193 0.0471785383904 0.0351526364477 0.0222016651249 0.0333024976873 0.0490286771508 0.0693802035153 0.00832562442183 0.0388529139685 0.0601295097132 0.0388529139685 0.0666049953747 0.0536540240518 0.040703052729 0.04532839963 0.00647548566142 0.0175763182239 0.132284921369
91 0.0675300647549 0.00462534690102 0.0934320074006 0.144310823312 0.0259019426457 0.0481036077706 0.0259019426457 0.0268270120259 0.0462534690102 0.0434782608696 0.00647548566142 0.0314523589269 0.0351526364477 0.040703052729 0.0490286771508 0.0703052728955 0.0360777058279 0.0416281221092 0.00555041628122 0.0111008325624 0.146160962072
92 0.0610545790934 0.00647548566142 0.0832562442183 0.0786308973173 0.0314523589269 0.0351526364477 0.0157261794635 0.0555041628122 0.0249768732655 0.0971322849214 0.0231267345051 0.0370027752081 0.0286771507863 0.0434782608696 0.0370027752081 0.0610545790934 0.0601295097132 0.0481036077706 0.00555041628122 0.0351526364477 0.131359851989
93 0.104532839963 0.0120259019426 0.0240518038853 0.0527289546716 0.0296022201665 0.0268270120259 0.0148011100833 0.0971322849214 0.0388529139685 0.118408880666 0.0259019426457 0.0148011100833 0.0212765957447 0.0240518038853 0.063829787234 0.0333024976873 0.040703052729 0.0943570767808 0.0129509713228 0.0240518038853 0.125809435708
94 0.0703052728955 0.00647548566142 0.0416281221092 0.0777058279371 0.0342275670675 0.0323774283071 0.0148011100833 0.0758556891767 0.0388529139685 0.123959296947 0.0212765957447 0.0296022201665 0.0268270120259 0.0490286771508 0.0693802035153 0.0582793709528 0.0259019426457 0.0703052728955 0.00370027752081 0.0203515263645 0.109158186864
95 0.0814061054579 0.00370027752081 0.049953746531 0.118408880666 0.0120259019426 0.0333024976873 0.0231267345051 0.0314523589269 0.0823311748381 0.0555041628122 0.0157261794635 0.0360777058279 0.0314523589269 0.0684551341351 0.103607770583 0.0518038852914 0.0360777058279 0.0249768732655 0.00555041628122 0.0185013876041 0.116558741906
96 0.189639222942 0.0444033302498 0.0222016651249 0.0268270120259 0.0305272895467 0.0527289546716 0.0212765957447 0.0462534690102 0.0296022201665 0.114708603145 0.0249768732655 0.0138760407031 0.00925069380204 0.0240518038853 0.0296022201665 0.0555041628122 0.0388529139685 0.0619796484736 0.0212765957447 0.0231267345051 0.119333950046
97 0.0444033302498 0.00832562442183 0.0240518038853 0.0240518038853 0.0684551341351 0.0203515263645 0.0212765957447 0.0925069380204 0.0314523589269 0.194264569843 0.0416281221092 0.0203515263645 0.0166512488437 0.0231267345051 0.049953746531 0.04532839963 0.0351526364477 0.0582793709528 0.0138760407031 0.049953746531 0.116558741906
98 0.0804810360777 0.00740055504163 0.0647548566142 0.108233117484 0.0129509713228 0.0481036077706 0.0268270120259 0.0296022201665 0.0814061054579 0.0416281221092 0.00925069380204 0.0647548566142 0.0185013876041 0.0527289546716 0.0971322849214 0.0647548566142 0.0305272895467 0.0185013876041 0.0157261794635 0.00647548566142 0.120259019426
99 0.166512488437 0.0203515263645 0.0333024976873 0.0434782608696 0.0231267345051 0.0351526364477 0.0259019426457 0.0508788159112 0.0342275670675 0.115633672525 0.0185013876041 0.0379278445883 0.0323774283071 0.0277520814061 0.0425531914894 0.0675300647549 0.0314523589269 0.0471785383904 0.00647548566142 0.0342275670675 0.105457909343
100 0.0397779833488 0.00462534690102 0.040703052729 0.0425531914894 0.0111008325624 0.390379278446 0.0259019426457 0.0166512488437 0.040703052729 0.0259019426457 0.00740055504163 0.0536540240518 0.0259019426457 0.0351526364477 0.0379278445883 0.0490286771508 0.0249768732655 0.0101757631822 0.00462534690102 0.0148011100833 0.0980573543016
101 0.222016651249 0.0323774283071 0.0268270120259 0.0222016651249 0.0471785383904 0.0388529139685 0.0111008325624 0.0888066604995 0.0166512488437 0.0740055504163 0.0222016651249 0.0268270120259 0.0351526364477 0.0111008325624 0.0212765957447 0.0314523589269 0.0249768732655 0.131359851989 0.00277520814061 0.0268270120259 0.0860314523589
102 0.0573543015726 0.0203515263645 0.143385753932 0.0314523589269 0.059204440333 0.0175763182239 0.0342275670675 0.0462534690102 0.0314523589269 0.049953746531 0.0194264569843 0.049953746531 0.0166512488437 0.0397779833488 0.0388529139685 0.0860314523589 0.0481036077706 0.0693802035153 0.00647548566142 0.0471785383904 0.0869565217391
103 0.0934320074006 0.0111008325624 0.189639222942 0.0555041628122 0.0203515263645 0.148936170213 0.0351526364477 0.0240518038853 0.0268270120259 0.0240518038853 0.00370027752081 0.0388529139685 0.0101757631822 0.0259019426457 0.0629047178538 0.054579093432 0.0240518038853 0.0333024976873 0.00462534690102 0.0360777058279 0.0767807585569
104 0.0203515263645 0.0434782608696 0.0111008325624 0.00740055504163 0.177613320999 0.0157261794635 0.0222016651249 0.0758556891767 0.00277520814061 0.0934320074006 0.0129509713228 0.00370027752081 0.00555041628122 0.0111008325624 0.0231267345051 0.0203515263645 0.0296022201665 0.108233117484 0.0222016651249 0.217391304348 0.0758556891767
105 0.0286771507863 0.0120259019426 0.00832562442183 0.0120259019426 0.0647548566142 0.00555041628122 0.0148011100833 0.205365402405 0.00370027752081 0.327474560592 0.0314523589269 0.0111008325624 0.00647548566142 0.00925069380204 0.0129509713228 0.0148011100833 0.0148011100833 0.129509713228 0.0138760407031 0.0120259019426 0.0610545790934
106 0.063829787234 0.0175763182239 0.0296022201665 0.0647548566142 0.0194264569843 0.0351526364477 0.0259019426457 0.059204440333 0.0397779833488 0.100832562442 0.0120259019426 0.0314523589269 0.0619796484736 0.0342275670675 0.049953746531 0.100832562442 0.0749306197965 0.0851063829787 0.00555041628122 0.0277520814061 0.0601295097132
107 0.04532839963 0.00555041628122 0.0231267345051 0.0388529139685 0.0240518038853 0.0222016651249 0.0185013876041 0.0305272895467 0.289546716004 0.0693802035153 0.0129509713228 0.0296022201665 0.0240518038853 0.0397779833488 0.100832562442 0.059204440333 0.0434782608696 0.0277520814061 0.0129509713228 0.0194264569843 0.0629047178538
108 0.0434782608696 0.00647548566142 0.0508788159112 0.0360777058279 0.0111008325624 0.0212765957447 0.0148011100833 0.00740055504163 0.0194264569843 0.0185013876041 0.00647548566142 0.040703052729 0.467160037003 0.0249768732655 0.0194264569843 0.0740055504163 0.0370027752081 0.0129509713228 0.000925069380204 0.0129509713228 0.0740055504163
109 0.0666049953747 0.0268270120259 0.0416281221092 0.0305272895467 0.0989824236818 0.0129509713228 0.00555041628122 0.110083256244 0.0175763182239 0.170212765957 0.0185013876041 0.0203515263645 0.0194264569843 0.0212765957447 0.00832562442183 0.0314523589269 0.0323774283071 0.109158186864 0.0185013876041 0.0434782608696 0.0962072155412
110 0.0416281221092 0.0120259019426 0.13413506013 0.063829787234 0.0222016651249 0.0379278445883 0.0203515263645 0.0240518038853 0.0397779833488 0.04532839963 0.0120259019426 0.0684551341351 0.0323774283071 0.0379278445883 0.059204440333 0.119333950046 0.0804810360777 0.0212765957447 0.00185013876041 0.0120259019426 0.113783533765
111 0.0860314523589 0.00462534690102 0.0536540240518 0.0693802035153 0.0259019426457 0.0286771507863 0.0166512488437 0.0527289546716 0.0573543015726 0.0749306197965 0.0166512488437 0.0305272895467 0.112858464385 0.0379278445883 0.0518038852914 0.040703052729 0.0416281221092 0.049953746531 0.00555041628122 0.0296022201665 0.112858464385
112 0.0888066604995 0.00370027752081 0.106382978723 0.140610545791 0.00832562442183 0.040703052729 0.0166512488437 0.0148011100833 0.054579093432 0.0388529139685 0.00832562442183 0.0481036077706 0.0259019426457 0.0462534690102 0.0527289546716 0.0897317298797 0.040703052729 0.0212765957447 0.00740055504163 0.00925069380204 0.13691026827
113 0.059204440333 0.00277520814061 0.0869565217391 0.152636447734 0.0101757631822 0.0166512488437 0.0240518038853 0.0333024976873 0.0536540240518 0.0601295097132 0.0185013876041 0.0231267345051 0.0138760407031 0.0712303422757 0.0555041628122 0.054579093432 0.0527289546716 0.040703052729 0.00555041628122 0.0194264569843 0.145235892692
114 0.0222016651249 0.00277520814061 0.00462534690102 0.00832562442183 0.0971322849214 0.00740055504163 0.00277520814061 0.111008325624 0.00647548566142 0.417206290472 0.0231267345051 0.00370027752081 0.00555041628122 0.0101757631822 0.00555041628122 0.0138760407031 0.0185013876041 0.0925069380204 0.00740055504163 0.00555041628122 0.13413506013
115 0.0740055504163 0.0101757631822 0.0185013876041 0.0582793709528 0.0351526364477 0.0166512488437 0.0194264569843 0.0666049953747 0.059204440333 0.123959296947 0.0166512488437 0.0286771507863 0.0120259019426 0.0314523589269 0.0675300647549 0.0342275670675 0.0323774283071 0.0730804810361 0.0111008325624 0.0351526364477 0.175763182239
116 0.0943570767808 0.00647548566142 0.059204440333 0.0943570767808 0.0111008325624 0.0323774283071 0.0231267345051 0.0185013876041 0.0601295097132 0.0351526364477 0.0120259019426 0.0471785383904 0.0129509713228 0.0619796484736 0.0851063829787 0.0749306197965 0.0444033302498 0.0212765957447 0.00277520814061 0.0101757631822 0.192414431082
117 0.149861239593 0.0212765957447 0.0129509713228 0.0379278445883 0.0157261794635 0.0222016651249 0.0111008325624 0.0536540240518 0.0508788159112 0.0832562442183 0.0203515263645 0.0111008325624 0.00277520814061 0.0259019426457 0.095282146161 0.0434782608696 0.0610545790934 0.0749306197965 0.00370027752081 0.0138760407031 0.188714153562
118 0.0259019426457 0.00832562442183 0.00462534690102 0.00555041628122 0.0305272895467 0.00555041628122 0.00555041628122 0.22941720629 0.00185013876041 0.258094357077 0.0444033302498 0.00462534690102 0.000925069380204 0.00925069380204 0.00462534690102 0.0120259019426 0.0175763182239 0.13413506013 0.00462534690102 0.00277520814061 0.189639222942
