POS A C D E F G H I K L M N P Q R S T V W Y -
1 0.00541027953111 0.0 0.00180342651037 0.00270513976555 0.00180342651037 0.00541027953111 0.0 0.00180342651037 0.00360685302074 0.00360685302074 0.00180342651037 0.0 0.00541027953111 0.00360685302074 0.00901713255185 0.0108205590622 0.00180342651037 0.000901713255185 0.0 0.0 0.940486925158
2 0.00811541929666 0.00180342651037 0.0207394048693 0.00811541929666 0.00180342651037 0.00991884580703 0.00270513976555 0.00450856627592 0.0108205590622 0.00991884580703 0.0126239855726 0.00811541929666 0.00631199278629 0.00721370604148 0.00991884580703 0.0153291253381 0.00450856627592 0.00631199278629 0.000901713255185 0.000901713255185 0.849413886384
3 0.0270513976555 0.000901713255185 0.02434625789 0.0351668169522 0.00541027953111 0.0180342651037 0.00631199278629 0.00901713255185 0.0441839495041 0.0180342651037 0.0333633904418 0.0333633904418 0.02434625789 0.0234445446348 0.034265103697 0.0297565374211 0.0225428313796 0.0108205590622 0.00180342651037 0.00631199278629 0.591523895401
4 0.0315599639315 0.00450856627592 0.0261496844004 0.0315599639315 0.00811541929666 0.0360685302074 0.0135256988278 0.0180342651037 0.0649233543733 0.0225428313796 0.0432822362489 0.0270513976555 0.0360685302074 0.0270513976555 0.0378719567178 0.0387736699729 0.0324616771867 0.0171325518485 0.00180342651037 0.00541027953111 0.476104598738
5 0.0378719567178 0.014427412083 0.0216411181244 0.0207394048693 0.014427412083 0.0225428313796 0.014427412083 0.0802524797115 0.0522993688007 0.0784490532011 0.0613165013526 0.0288548241659 0.0432822362489 0.0279531109107 0.04869251578 0.034265103697 0.0216411181244 0.034265103697 0.00270513976555 0.0279531109107 0.311992786294
6 0.0270513976555 0.0135256988278 0.0297565374211 0.0225428313796 0.00450856627592 0.0279531109107 0.0405770964833 0.0189359783589 0.125338142471 0.0387736699729 0.00901713255185 0.068530207394 0.0225428313796 0.0333633904418 0.143372407574 0.0802524797115 0.0721370604148 0.0261496844004 0.00180342651037 0.0108205590622 0.183047790803
7 0.0595130748422 0.0180342651037 0.00270513976555 0.00450856627592 0.0252479711452 0.00631199278629 0.00360685302074 0.271415689811 0.00631199278629 0.133453561767 0.0207394048693 0.00180342651037 0.00360685302074 0.00270513976555 0.00901713255185 0.0171325518485 0.0189359783589 0.250676284941 0.00541027953111 0.00721370604148 0.131650135257
8 0.0703336339044 0.0216411181244 0.00811541929666 0.00721370604148 0.0315599639315 0.00901713255185 0.00631199278629 0.09738503156 0.00631199278629 0.399458972047 0.0468890892696 0.00450856627592 0.00450856627592 0.00631199278629 0.00901713255185 0.0126239855726 0.0108205590622 0.0919747520289 0.00631199278629 0.0288548241659 0.120829576195
9 0.0279531109107 0.0126239855726 0.00901713255185 0.00450856627592 0.0333633904418 0.00721370604148 0.00631199278629 0.228133453562 0.00450856627592 0.242560865645 0.0207394048693 0.00270513976555 0.00360685302074 0.00811541929666 0.00631199278629 0.0153291253381 0.0117222723174 0.206492335437 0.00721370604148 0.0261496844004 0.115419296664
10 0.115419296664 0.0252479711452 0.00811541929666 0.00450856627592 0.0306582506763 0.0198376916141 0.00541027953111 0.186654643823 0.00360685302074 0.149684400361 0.014427412083 0.00811541929666 0.00541027953111 0.00360685302074 0.00991884580703 0.0153291253381 0.0225428313796 0.223624887286 0.00450856627592 0.0270513976555 0.116321009919
11 0.0477908025248 0.0171325518485 0.246167718665 0.150586113616 0.00541027953111 0.0676284941389 0.0333633904418 0.0162308385933 0.0225428313796 0.0207394048693 0.00721370604148 0.0351668169522 0.00541027953111 0.0198376916141 0.014427412083 0.092876465284 0.0441839495041 0.0225428313796 0.00270513976555 0.00721370604148 0.120829576195
12 0.058611361587 0.00991884580703 0.213706041479 0.0874661857529 0.00541027953111 0.0369702434626 0.0234445446348 0.00991884580703 0.0423805229937 0.0216411181244 0.00541027953111 0.082957619477 0.0739404869252 0.0270513976555 0.0423805229937 0.0847610459874 0.0279531109107 0.0153291253381 0.0 0.00721370604148 0.12353471596
13 0.0414788097385 0.0135256988278 0.214607754734 0.0802524797115 0.00991884580703 0.0279531109107 0.0297565374211 0.0153291253381 0.0441839495041 0.0252479711452 0.00631199278629 0.120829576195 0.0297565374211 0.0387736699729 0.0423805229937 0.0901713255185 0.0270513976555 0.0189359783589 0.00180342651037 0.00991884580703 0.111812443643
14 0.0784490532011 0.00991884580703 0.04869251578 0.0892696122633 0.0108205590622 0.0495942290352 0.0171325518485 0.0261496844004 0.0568079350766 0.0405770964833 0.00901713255185 0.0387736699729 0.137962128043 0.0405770964833 0.0550045085663 0.0676284941389 0.0495942290352 0.0396753832281 0.00450856627592 0.00811541929666 0.12173128945
15 0.0739404869252 0.00631199278629 0.0757439134355 0.09738503156 0.0288548241659 0.0333633904418 0.0261496844004 0.0676284941389 0.0450856627592 0.0694319206492 0.0225428313796 0.0405770964833 0.0234445446348 0.0288548241659 0.0387736699729 0.0703336339044 0.0550045085663 0.0568079350766 0.00360685302074 0.0162308385933 0.11992786294
16 0.0513976555455 0.00901713255185 0.0577096483318 0.0477908025248 0.0459873760144 0.0180342651037 0.0207394048693 0.0703336339044 0.0162308385933 0.127141568981 0.0288548241659 0.0532010820559 0.0171325518485 0.0378719567178 0.0459873760144 0.0513976555455 0.0541027953111 0.082957619477 0.0153291253381 0.0252479711452 0.12353471596
17 0.114517583408 0.034265103697 0.0153291253381 0.0207394048693 0.0171325518485 0.0378719567178 0.0189359783589 0.0595130748422 0.0315599639315 0.111812443643 0.014427412083 0.0252479711452 0.0126239855726 0.0495942290352 0.166816952209 0.0568079350766 0.0270513976555 0.0477908025248 0.00541027953111 0.0108205590622 0.12173128945
18 0.082957619477 0.00541027953111 0.0739404869252 0.12353471596 0.014427412083 0.0405770964833 0.0207394048693 0.0270513976555 0.0694319206492 0.0550045085663 0.0171325518485 0.0450856627592 0.0189359783589 0.0595130748422 0.0631199278629 0.0793507664563 0.0333633904418 0.0234445446348 0.00541027953111 0.0198376916141 0.12173128945
19 0.09738503156 0.00541027953111 0.0279531109107 0.0324616771867 0.0378719567178 0.0748422001803 0.02434625789 0.0622182146078 0.0324616771867 0.152389540126 0.02434625789 0.0207394048693 0.0153291253381 0.0378719567178 0.0541027953111 0.0450856627592 0.0414788097385 0.0613165013526 0.00901713255185 0.0198376916141 0.12353471596
20 0.0378719567178 0.00811541929666 0.00541027953111 0.0117222723174 0.0522993688007 0.00721370604148 0.00450856627592 0.141568981064 0.00901713255185 0.321911632101 0.0568079350766 0.00811541929666 0.00541027953111 0.00901713255185 0.00991884580703 0.0135256988278 0.0369702434626 0.0964833183048 0.0135256988278 0.0198376916141 0.130748422002
21 0.0937781785392 0.0180342651037 0.0216411181244 0.0802524797115 0.0108205590622 0.0360685302074 0.0198376916141 0.034265103697 0.101893597836 0.0450856627592 0.0126239855726 0.0288548241659 0.0126239855726 0.0604147880974 0.100991884581 0.0847610459874 0.04869251578 0.0495942290352 0.00270513976555 0.0162308385933 0.120829576195
22 0.0766456266907 0.00450856627592 0.0757439134355 0.0946798917944 0.00901713255185 0.0333633904418 0.0297565374211 0.0288548241659 0.0739404869252 0.0351668169522 0.0135256988278 0.0631199278629 0.0189359783589 0.0658250676285 0.0847610459874 0.0757439134355 0.0468890892696 0.0225428313796 0.00721370604148 0.0135256988278 0.126239855726
23 0.09738503156 0.0189359783589 0.00721370604148 0.0315599639315 0.0432822362489 0.0162308385933 0.0162308385933 0.100090171326 0.0297565374211 0.173128944995 0.0432822362489 0.0153291253381 0.00541027953111 0.0351668169522 0.0315599639315 0.0423805229937 0.0333633904418 0.0793507664563 0.0117222723174 0.0495942290352 0.119026149684
24 0.0441839495041 0.0162308385933 0.00450856627592 0.00991884580703 0.0910730387737 0.00631199278629 0.00541027953111 0.0865644724977 0.0162308385933 0.430117222723 0.0315599639315 0.00450856627592 0.00631199278629 0.00541027953111 0.0117222723174 0.0171325518485 0.014427412083 0.0649233543733 0.00721370604148 0.00721370604148 0.119026149684
25 0.0874661857529 0.0108205590622 0.0432822362489 0.131650135257 0.0189359783589 0.0450856627592 0.0225428313796 0.0207394048693 0.0694319206492 0.0396753832281 0.0108205590622 0.0513976555455 0.0261496844004 0.04869251578 0.0901713255185 0.0721370604148 0.0450856627592 0.0216411181244 0.00180342651037 0.00991884580703 0.132551848512
26 0.0811541929666 0.00360685302074 0.0613165013526 0.0883678990081 0.0270513976555 0.0405770964833 0.0306582506763 0.0162308385933 0.0739404869252 0.0351668169522 0.0108205590622 0.0369702434626 0.0234445446348 0.0640216411181 0.0874661857529 0.0847610459874 0.0279531109107 0.0180342651037 0.00631199278629 0.0135256988278 0.16862037872
27 0.0739404869252 0.00991884580703 0.0360685302074 0.0595130748422 0.0423805229937 0.0306582506763 0.0288548241659 0.0450856627592 0.0297565374211 0.127141568981 0.0216411181244 0.0423805229937 0.0270513976555 0.0387736699729 0.0288548241659 0.0658250676285 0.0333633904418 0.0270513976555 0.0306582506763 0.0432822362489 0.157799819657
28 0.0378719567178 0.00991884580703 0.0613165013526 0.0432822362489 0.0297565374211 0.31650135257 0.0234445446348 0.0207394048693 0.0351668169522 0.0261496844004 0.00270513976555 0.0513976555455 0.0333633904418 0.0360685302074 0.0378719567178 0.0432822362489 0.0117222723174 0.0162308385933 0.00360685302074 0.0189359783589 0.140667267809
29 0.0640216411181 0.0234445446348 0.0261496844004 0.0333633904418 0.137060414788 0.0207394048693 0.0270513976555 0.0802524797115 0.0153291253381 0.0811541929666 0.0225428313796 0.0117222723174 0.0162308385933 0.0153291253381 0.0180342651037 0.0216411181244 0.0189359783589 0.0649233543733 0.0333633904418 0.124436429216 0.14427412083
30 0.0432822362489 0.00811541929666 0.034265103697 0.0613165013526 0.014427412083 0.0216411181244 0.02434625789 0.0207394048693 0.0369702434626 0.034265103697 0.00450856627592 0.0306582506763 0.0126239855726 0.0360685302074 0.0405770964833 0.0387736699729 0.0315599639315 0.0270513976555 0.00180342651037 0.0117222723174 0.465284039675
31 0.0450856627592 0.014427412083 0.0532010820559 0.0748422001803 0.0216411181244 0.0207394048693 0.014427412083 0.0577096483318 0.0387736699729 0.0513976555455 0.00811541929666 0.0396753832281 0.0135256988278 0.0495942290352 0.0387736699729 0.0504959422904 0.0459873760144 0.0658250676285 0.00270513976555 0.0126239855726 0.280432822362
32 0.0541027953111 0.0414788097385 0.00721370604148 0.0153291253381 0.0306582506763 0.014427412083 0.0126239855726 0.142470694319 0.00901713255185 0.104598737601 0.0117222723174 0.00450856627592 0.0360685302074 0.0198376916141 0.0162308385933 0.0333633904418 0.0459873760144 0.229936880072 0.00541027953111 0.0270513976555 0.137962128043
33 0.0541027953111 0.0153291253381 0.0595130748422 0.0604147880974 0.0387736699729 0.0568079350766 0.0261496844004 0.0676284941389 0.0378719567178 0.0703336339044 0.0162308385933 0.0216411181244 0.00631199278629 0.0414788097385 0.0477908025248 0.0522993688007 0.0640216411181 0.0811541929666 0.00901713255185 0.0261496844004 0.146979260595
34 0.0676284941389 0.0396753832281 0.0288548241659 0.0667267808837 0.0414788097385 0.0198376916141 0.0297565374211 0.0775473399459 0.02434625789 0.0667267808837 0.0108205590622 0.0234445446348 0.0261496844004 0.0405770964833 0.0378719567178 0.0550045085663 0.0775473399459 0.0937781785392 0.0108205590622 0.0225428313796 0.138863841298
35 0.19296663661 0.0658250676285 0.0153291253381 0.0234445446348 0.0793507664563 0.0198376916141 0.0135256988278 0.0477908025248 0.0153291253381 0.0604147880974 0.0126239855726 0.0162308385933 0.0216411181244 0.0117222723174 0.0252479711452 0.0459873760144 0.0568079350766 0.112714156898 0.00631199278629 0.0270513976555 0.129846708747
36 0.0793507664563 0.00811541929666 0.0874661857529 0.0658250676285 0.0126239855726 0.0595130748422 0.0315599639315 0.0261496844004 0.0414788097385 0.0315599639315 0.00991884580703 0.0541027953111 0.0369702434626 0.0423805229937 0.0504959422904 0.108205590622 0.0739404869252 0.0171325518485 0.00541027953111 0.0216411181244 0.136158701533
37 0.0333633904418 0.0108205590622 0.171325518485 0.0559062218215 0.00991884580703 0.0387736699729 0.0108205590622 0.0198376916141 0.0270513976555 0.0279531109107 0.00631199278629 0.0946798917944 0.02434625789 0.0261496844004 0.0270513976555 0.166816952209 0.0901713255185 0.0162308385933 0.00450856627592 0.0108205590622 0.127141568981
38 0.100090171326 0.014427412083 0.0306582506763 0.0532010820559 0.0324616771867 0.146979260595 0.00991884580703 0.0513976555455 0.0279531109107 0.0874661857529 0.014427412083 0.0180342651037 0.0577096483318 0.0180342651037 0.0297565374211 0.058611361587 0.0351668169522 0.0631199278629 0.0117222723174 0.0189359783589 0.11992786294
39 0.0820559062218 0.00450856627592 0.092876465284 0.14427412083 0.0198376916141 0.0378719567178 0.0162308385933 0.0261496844004 0.0703336339044 0.0378719567178 0.00270513976555 0.0423805229937 0.0324616771867 0.0550045085663 0.0504959422904 0.0694319206492 0.0369702434626 0.0414788097385 0.00180342651037 0.00541027953111 0.129846708747
40 0.0964833183048 0.00901713255185 0.119026149684 0.201082055906 0.00991884580703 0.0378719567178 0.0216411181244 0.0153291253381 0.0306582506763 0.0351668169522 0.014427412083 0.0279531109107 0.0162308385933 0.0703336339044 0.0288548241659 0.0622182146078 0.0450856627592 0.0234445446348 0.00270513976555 0.00631199278629 0.126239855726
41 0.275022542831 0.0162308385933 0.0234445446348 0.0288548241659 0.0387736699729 0.0477908025248 0.00450856627592 0.0477908025248 0.0108205590622 0.155996393147 0.00811541929666 0.00901713255185 0.0126239855726 0.014427412083 0.0225428313796 0.0261496844004 0.0360685302074 0.0721370604148 0.00541027953111 0.00991884580703 0.134355275023
42 0.0559062218215 0.0153291253381 0.014427412083 0.0306582506763 0.04869251578 0.0216411181244 0.00541027953111 0.116321009919 0.0261496844004 0.234445446348 0.0378719567178 0.0153291253381 0.0153291253381 0.0270513976555 0.0360685302074 0.0234445446348 0.0207394048693 0.0658250676285 0.0126239855726 0.0315599639315 0.145175834085
43 0.092876465284 0.00901713255185 0.0766456266907 0.135256988278 0.0171325518485 0.0306582506763 0.0207394048693 0.0135256988278 0.0649233543733 0.0369702434626 0.00631199278629 0.0405770964833 0.0234445446348 0.0604147880974 0.0613165013526 0.0595130748422 0.0477908025248 0.0315599639315 0.00991884580703 0.0126239855726 0.148782687106
44 0.0982867448151 0.014427412083 0.0351668169522 0.0541027953111 0.0315599639315 0.02434625789 0.0279531109107 0.0775473399459 0.0423805229937 0.133453561767 0.0297565374211 0.0171325518485 0.00811541929666 0.0351668169522 0.0468890892696 0.0369702434626 0.02434625789 0.0450856627592 0.0180342651037 0.0369702434626 0.162308385933
45 0.0811541929666 0.0279531109107 0.0126239855726 0.0189359783589 0.0477908025248 0.0108205590622 0.0108205590622 0.127141568981 0.0180342651037 0.229035166817 0.0252479711452 0.00811541929666 0.00991884580703 0.014427412083 0.014427412083 0.0189359783589 0.0225428313796 0.082957619477 0.00811541929666 0.0252479711452 0.185752930568
46 0.0703336339044 0.00631199278629 0.0450856627592 0.0775473399459 0.0153291253381 0.0405770964833 0.0207394048693 0.0171325518485 0.068530207394 0.0613165013526 0.00901713255185 0.0414788097385 0.0198376916141 0.0622182146078 0.0856627592426 0.0847610459874 0.0279531109107 0.0306582506763 0.00270513976555 0.0198376916141 0.19296663661
47 0.0667267808837 0.00901713255185 0.0640216411181 0.0991884580703 0.0153291253381 0.0432822362489 0.0189359783589 0.0171325518485 0.0667267808837 0.0351668169522 0.00631199278629 0.0405770964833 0.0225428313796 0.07303877367 0.0739404869252 0.0667267808837 0.0513976555455 0.0288548241659 0.00541027953111 0.0117222723174 0.183949504058
48 0.0640216411181 0.00811541929666 0.0441839495041 0.0757439134355 0.0297565374211 0.0658250676285 0.0423805229937 0.0297565374211 0.0441839495041 0.0541027953111 0.00991884580703 0.0559062218215 0.034265103697 0.0649233543733 0.0721370604148 0.0613165013526 0.0414788097385 0.02434625789 0.00901713255185 0.0198376916141 0.148782687106
49 0.0622182146078 0.0117222723174 0.0712353471596 0.0640216411181 0.0126239855726 0.0550045085663 0.0306582506763 0.0279531109107 0.07303877367 0.0423805229937 0.0135256988278 0.0459873760144 0.0856627592426 0.0613165013526 0.0766456266907 0.0622182146078 0.0378719567178 0.034265103697 0.00901713255185 0.0108205590622 0.111812443643
50 0.0847610459874 0.0207394048693 0.0234445446348 0.014427412083 0.0991884580703 0.0108205590622 0.00991884580703 0.0748422001803 0.0171325518485 0.0459873760144 0.00811541929666 0.014427412083 0.234445446348 0.0135256988278 0.0189359783589 0.0225428313796 0.0234445446348 0.0802524797115 0.0117222723174 0.0757439134355 0.0955816050496
51 0.0676284941389 0.00901713255185 0.324616771867 0.0757439134355 0.0117222723174 0.0513976555455 0.0288548241659 0.0108205590622 0.0261496844004 0.02434625789 0.00270513976555 0.0532010820559 0.0225428313796 0.0360685302074 0.0387736699729 0.0658250676285 0.0279531109107 0.0207394048693 0.00270513976555 0.00901713255185 0.0901713255185
52 0.0739404869252 0.02434625789 0.0126239855726 0.0108205590622 0.034265103697 0.0153291253381 0.00631199278629 0.182146077547 0.00901713255185 0.255184851217 0.0315599639315 0.00360685302074 0.00360685302074 0.00901713255185 0.00901713255185 0.0171325518485 0.0333633904418 0.163210099188 0.00811541929666 0.00901713255185 0.0883678990081
53 0.0604147880974 0.0153291253381 0.0108205590622 0.0135256988278 0.0405770964833 0.00721370604148 0.00360685302074 0.233543733093 0.00991884580703 0.185752930568 0.0261496844004 0.00991884580703 0.00991884580703 0.00901713255185 0.00811541929666 0.0198376916141 0.0126239855726 0.226330027051 0.00721370604148 0.014427412083 0.0757439134355
54 0.0225428313796 0.00541027953111 0.00631199278629 0.0108205590622 0.105500450857 0.00450856627592 0.00360685302074 0.226330027051 0.00541027953111 0.273219116321 0.0207394048693 0.00270513976555 0.00721370604148 0.00180342651037 0.0117222723174 0.0108205590622 0.00901713255185 0.171325518485 0.0117222723174 0.0198376916141 0.0694319206492
55 0.0658250676285 0.0351668169522 0.00811541929666 0.0171325518485 0.0441839495041 0.0162308385933 0.00541027953111 0.183949504058 0.00811541929666 0.22091974752 0.0414788097385 0.00811541929666 0.00901713255185 0.00811541929666 0.00811541929666 0.0414788097385 0.058611361587 0.137962128043 0.00631199278629 0.0126239855726 0.0631199278629
56 0.0504959422904 0.0117222723174 0.403065825068 0.0802524797115 0.00901713255185 0.0513976555455 0.0135256988278 0.014427412083 0.0135256988278 0.0216411181244 0.00270513976555 0.0757439134355 0.0162308385933 0.0207394048693 0.0234445446348 0.0712353471596 0.0198376916141 0.0162308385933 0.00180342651037 0.00631199278629 0.0766456266907
57 0.0748422001803 0.0279531109107 0.0351668169522 0.0450856627592 0.0324616771867 0.0252479711452 0.0189359783589 0.104598737601 0.0153291253381 0.14607754734 0.0333633904418 0.0162308385933 0.0288548241659 0.0216411181244 0.0261496844004 0.0604147880974 0.0468890892696 0.0811541929666 0.02434625789 0.0550045085663 0.0802524797115
58 0.0703336339044 0.00991884580703 0.120829576195 0.0739404869252 0.0315599639315 0.0513976555455 0.0288548241659 0.0333633904418 0.0387736699729 0.0495942290352 0.0225428313796 0.0577096483318 0.0270513976555 0.0550045085663 0.0631199278629 0.07303877367 0.0324616771867 0.034265103697 0.00721370604148 0.0180342651037 0.100991884581
59 0.0522993688007 0.00811541929666 0.0315599639315 0.0216411181244 0.0441839495041 0.0315599639315 0.0189359783589 0.0649233543733 0.0252479711452 0.238954012624 0.092876465284 0.0216411181244 0.0171325518485 0.02434625789 0.0180342651037 0.0522993688007 0.0468890892696 0.0495942290352 0.00721370604148 0.0153291253381 0.117222723174
60 0.0703336339044 0.0153291253381 0.0649233543733 0.0631199278629 0.0189359783589 0.0568079350766 0.0207394048693 0.0216411181244 0.0423805229937 0.0676284941389 0.00811541929666 0.0297565374211 0.19657348963 0.0216411181244 0.0261496844004 0.07303877367 0.0378719567178 0.0360685302074 0.00180342651037 0.0108205590622 0.116321009919
61 0.0459873760144 0.00721370604148 0.148782687106 0.0640216411181 0.0108205590622 0.120829576195 0.0162308385933 0.0279531109107 0.0450856627592 0.0333633904418 0.00631199278629 0.0495942290352 0.0414788097385 0.0297565374211 0.0459873760144 0.0721370604148 0.0351668169522 0.0261496844004 0.00631199278629 0.0108205590622 0.155996393147
62 0.0622182146078 0.014427412083 0.0495942290352 0.0640216411181 0.0315599639315 0.0631199278629 0.0108205590622 0.0793507664563 0.0396753832281 0.0919747520289 0.0640216411181 0.0288548241659 0.0270513976555 0.0234445446348 0.0306582506763 0.0541027953111 0.0360685302074 0.0667267808837 0.0108205590622 0.0198376916141 0.131650135257
63 0.0640216411181 0.00541027953111 0.166816952209 0.0775473399459 0.0153291253381 0.0559062218215 0.0153291253381 0.0207394048693 0.0559062218215 0.0297565374211 0.00631199278629 0.092876465284 0.0378719567178 0.0297565374211 0.0369702434626 0.092876465284 0.0414788097385 0.0180342651037 0.00270513976555 0.00811541929666 0.126239855726
64 0.102795311091 0.0117222723174 0.0369702434626 0.0378719567178 0.0153291253381 0.280432822362 0.00721370604148 0.0360685302074 0.0180342651037 0.0423805229937 0.0117222723174 0.0315599639315 0.0396753832281 0.0279531109107 0.0288548241659 0.0568079350766 0.0369702434626 0.0351668169522 0.0153291253381 0.0135256988278 0.113615870153
65 0.0522993688007 0.0135256988278 0.0306582506763 0.0495942290352 0.0775473399459 0.0180342651037 0.014427412083 0.109107303877 0.02434625789 0.156898106402 0.0216411181244 0.0126239855726 0.0279531109107 0.0297565374211 0.0387736699729 0.034265103697 0.0477908025248 0.0595130748422 0.0162308385933 0.0423805229937 0.122633002705
66 0.0919747520289 0.00541027953111 0.112714156898 0.160504959423 0.0117222723174 0.0297565374211 0.0207394048693 0.0171325518485 0.0504959422904 0.0378719567178 0.0117222723174 0.0369702434626 0.0297565374211 0.0631199278629 0.0432822362489 0.0694319206492 0.04869251578 0.0189359783589 0.00541027953111 0.0153291253381 0.119026149684
67 0.0649233543733 0.0126239855726 0.0153291253381 0.0225428313796 0.0964833183048 0.0153291253381 0.0171325518485 0.0847610459874 0.0162308385933 0.233543733093 0.0189359783589 0.0189359783589 0.0126239855726 0.0126239855726 0.0315599639315 0.0252479711452 0.0522993688007 0.0991884580703 0.0207394048693 0.0171325518485 0.111812443643
68 0.100090171326 0.0559062218215 0.00721370604148 0.014427412083 0.0288548241659 0.0252479711452 0.00901713255185 0.129846708747 0.014427412083 0.226330027051 0.0270513976555 0.00450856627592 0.0180342651037 0.0162308385933 0.0261496844004 0.0324616771867 0.0261496844004 0.0964833183048 0.00811541929666 0.0189359783589 0.114517583408
69 0.0838593327322 0.00270513976555 0.058611361587 0.110910730388 0.0126239855726 0.0360685302074 0.0225428313796 0.0288548241659 0.100991884581 0.0306582506763 0.0117222723174 0.0324616771867 0.014427412083 0.0631199278629 0.145175834085 0.0613165013526 0.0360685302074 0.0189359783589 0.00541027953111 0.00901713255185 0.114517583408
70 0.0883678990081 0.00721370604148 0.0387736699729 0.100991884581 0.0216411181244 0.0279531109107 0.0225428313796 0.02434625789 0.0883678990081 0.0694319206492 0.0153291253381 0.0288548241659 0.0117222723174 0.0721370604148 0.0865644724977 0.0513976555455 0.0432822362489 0.034265103697 0.0216411181244 0.0252479711452 0.11992786294
71 0.0441839495041 0.00450856627592 0.00721370604148 0.00991884580703 0.0333633904418 0.00991884580703 0.00811541929666 0.19477006312 0.00811541929666 0.306582506763 0.0405770964833 0.0126239855726 0.00631199278629 0.014427412083 0.0216411181244 0.0153291253381 0.0162308385933 0.0991884580703 0.0126239855726 0.0135256988278 0.120829576195
72 0.0568079350766 0.00901713255185 0.0270513976555 0.0360685302074 0.0153291253381 0.0261496844004 0.0288548241659 0.0279531109107 0.140667267809 0.0522993688007 0.00901713255185 0.0423805229937 0.0108205590622 0.0504959422904 0.213706041479 0.0468890892696 0.02434625789 0.0288548241659 0.00541027953111 0.00991884580703 0.137962128043
73 0.0865644724977 0.00450856627592 0.0423805229937 0.100991884581 0.00631199278629 0.0405770964833 0.0234445446348 0.0171325518485 0.0784490532011 0.0432822362489 0.0117222723174 0.0396753832281 0.0225428313796 0.0676284941389 0.0865644724977 0.0811541929666 0.0351668169522 0.0261496844004 0.00180342651037 0.00901713255185 0.174932371506
74 0.0423805229937 0.00450856627592 0.0513976555455 0.0613165013526 0.0153291253381 0.0288548241659 0.0459873760144 0.0450856627592 0.0414788097385 0.0856627592426 0.0153291253381 0.0459873760144 0.0207394048693 0.0369702434626 0.0577096483318 0.04869251578 0.0333633904418 0.034265103697 0.00721370604148 0.0171325518485 0.260595130748
75 0.0468890892696 0.00991884580703 0.0252479711452 0.0559062218215 0.0108205590622 0.0604147880974 0.0225428313796 0.0108205590622 0.034265103697 0.0360685302074 0.00631199278629 0.034265103697 0.0622182146078 0.0225428313796 0.0387736699729 0.0459873760144 0.0225428313796 0.0189359783589 0.00180342651037 0.0180342651037 0.41568981064
76 0.0550045085663 0.00991884580703 0.0333633904418 0.0432822362489 0.0108205590622 0.0351668169522 0.0207394048693 0.0225428313796 0.0468890892696 0.0468890892696 0.00631199278629 0.0297565374211 0.0360685302074 0.0279531109107 0.0577096483318 0.0405770964833 0.0297565374211 0.0252479711452 0.00541027953111 0.0135256988278 0.403065825068
77 0.0468890892696 0.00991884580703 0.0414788097385 0.0405770964833 0.0360685302074 0.0405770964833 0.0261496844004 0.0261496844004 0.0324616771867 0.0865644724977 0.0207394048693 0.0550045085663 0.0279531109107 0.02434625789 0.0378719567178 0.0423805229937 0.0459873760144 0.0351668169522 0.0207394048693 0.0396753832281 0.263300270514
78 0.068530207394 0.0117222723174 0.0423805229937 0.0432822362489 0.0225428313796 0.0369702434626 0.0225428313796 0.0279531109107 0.0550045085663 0.0396753832281 0.014427412083 0.0360685302074 0.143372407574 0.0432822362489 0.0640216411181 0.0721370604148 0.0378719567178 0.034265103697 0.00270513976555 0.0180342651037 0.163210099188
79 0.0604147880974 0.0126239855726 0.0919747520289 0.0550045085663 0.0216411181244 0.07303877367 0.0450856627592 0.0162308385933 0.0513976555455 0.0297565374211 0.00721370604148 0.0613165013526 0.0504959422904 0.0477908025248 0.0667267808837 0.07303877367 0.0423805229937 0.0162308385933 0.00270513976555 0.0162308385933 0.158701532913
80 0.0802524797115 0.0270513976555 0.0153291253381 0.0162308385933 0.0252479711452 0.0288548241659 0.0135256988278 0.119026149684 0.0162308385933 0.160504959423 0.0324616771867 0.0162308385933 0.0522993688007 0.0153291253381 0.0216411181244 0.0360685302074 0.0847610459874 0.105500450857 0.00180342651037 0.00360685302074 0.128043282236
81 0.0504959422904 0.00811541929666 0.0225428313796 0.0270513976555 0.014427412083 0.0297565374211 0.02434625789 0.0387736699729 0.0721370604148 0.0432822362489 0.00901713255185 0.0198376916141 0.300270513977 0.0414788097385 0.0658250676285 0.0423805229937 0.0333633904418 0.0468890892696 0.00180342651037 0.0162308385933 0.0919747520289
82 0.0378719567178 0.00901713255185 0.00631199278629 0.0162308385933 0.0640216411181 0.00811541929666 0.00631199278629 0.238052299369 0.0162308385933 0.139765554554 0.0225428313796 0.00450856627592 0.0117222723174 0.00991884580703 0.0207394048693 0.0153291253381 0.0396753832281 0.223624887286 0.0117222723174 0.0180342651037 0.0802524797115
83 0.0351668169522 0.00721370604148 0.00360685302074 0.00631199278629 0.0369702434626 0.0153291253381 0.00541027953111 0.311992786294 0.00631199278629 0.177637511271 0.0315599639315 0.00631199278629 0.00811541929666 0.00450856627592 0.00991884580703 0.00811541929666 0.0171325518485 0.203787195672 0.00541027953111 0.0126239855726 0.0865644724977
84 0.0937781785392 0.0126239855726 0.00811541929666 0.0171325518485 0.0856627592426 0.034265103697 0.00360685302074 0.119026149684 0.00541027953111 0.211000901713 0.0495942290352 0.00450856627592 0.00450856627592 0.00270513976555 0.0117222723174 0.02434625789 0.0180342651037 0.177637511271 0.00901713255185 0.02434625789 0.082957619477
85 0.0288548241659 0.0162308385933 0.00991884580703 0.0126239855726 0.0640216411181 0.0180342651037 0.00901713255185 0.160504959423 0.00721370604148 0.222723174031 0.0613165013526 0.00721370604148 0.00631199278629 0.014427412083 0.0108205590622 0.0288548241659 0.0441839495041 0.140667267809 0.0126239855726 0.0333633904418 0.0910730387737
86 0.104598737601 0.0279531109107 0.0315599639315 0.0288548241659 0.0117222723174 0.0694319206492 0.00631199278629 0.0450856627592 0.0198376916141 0.0477908025248 0.0135256988278 0.034265103697 0.0153291253381 0.014427412083 0.0126239855726 0.169522091975 0.158701532913 0.0712353471596 0.00631199278629 0.0126239855726 0.0982867448151
87 0.108205590622 0.00541027953111 0.0910730387737 0.0766456266907 0.0126239855726 0.12173128945 0.0126239855726 0.014427412083 0.0270513976555 0.0252479711452 0.00811541929666 0.0604147880974 0.0522993688007 0.0234445446348 0.0297565374211 0.115419296664 0.0622182146078 0.0360685302074 0.00360685302074 0.0117222723174 0.101893597836
88 0.0504959422904 0.00991884580703 0.0847610459874 0.0847610459874 0.0270513976555 0.0459873760144 0.0288548241659 0.0225428313796 0.0477908025248 0.0550045085663 0.00721370604148 0.0550045085663 0.0441839495041 0.0432822362489 0.0703336339044 0.0811541929666 0.058611361587 0.0270513976555 0.00270513976555 0.0405770964833 0.112714156898
89 0.0703336339044 0.00901713255185 0.0865644724977 0.0811541929666 0.0288548241659 0.092876465284 0.0207394048693 0.0279531109107 0.0360685302074 0.0541027953111 0.0126239855726 0.0441839495041 0.0640216411181 0.0315599639315 0.0306582506763 0.0757439134355 0.0640216411181 0.0315599639315 0.00721370604148 0.0153291253381 0.115419296664
90 0.0550045085663 0.00991884580703 0.143372407574 0.0892696122633 0.0162308385933 0.0495942290352 0.0252479711452 0.0216411181244 0.0387736699729 0.0351668169522 0.00721370604148 0.0577096483318 0.0324616771867 0.0550045085663 0.0513976555455 0.0982867448151 0.0504959422904 0.0297565374211 0.00450856627592 0.0117222723174 0.117222723174
91 0.0667267808837 0.00180342651037 0.068530207394 0.0874661857529 0.0387736699729 0.0360685302074 0.0225428313796 0.0378719567178 0.0432822362489 0.07303877367 0.0108205590622 0.0396753832281 0.0613165013526 0.0396753832281 0.0640216411181 0.0613165013526 0.0405770964833 0.0450856627592 0.00541027953111 0.0189359783589 0.137060414788
92 0.0811541929666 0.00450856627592 0.0937781785392 0.138863841298 0.0234445446348 0.0468890892696 0.0225428313796 0.02434625789 0.0459873760144 0.0459873760144 0.00360685302074 0.0324616771867 0.0378719567178 0.0432822362489 0.0441839495041 0.0640216411181 0.0387736699729 0.0351668169522 0.00631199278629 0.0108205590622 0.155996393147
93 0.0532010820559 0.00450856627592 0.0802524797115 0.0793507664563 0.0297565374211 0.0387736699729 0.0180342651037 0.0495942290352 0.0261496844004 0.107303877367 0.02434625789 0.0315599639315 0.02434625789 0.0459873760144 0.0387736699729 0.058611361587 0.0604147880974 0.0360685302074 0.00721370604148 0.0387736699729 0.146979260595
94 0.110009017133 0.0135256988278 0.0252479711452 0.0477908025248 0.0306582506763 0.0234445446348 0.014427412083 0.0991884580703 0.0360685302074 0.115419296664 0.0234445446348 0.0162308385933 0.0189359783589 0.0252479711452 0.0613165013526 0.034265103697 0.0369702434626 0.0874661857529 0.00901713255185 0.0261496844004 0.145175834085
95 0.0712353471596 0.00270513976555 0.0360685302074 0.0766456266907 0.0360685302074 0.0297565374211 0.0180342651037 0.0658250676285 0.0351668169522 0.112714156898 0.02434625789 0.0306582506763 0.02434625789 0.0504959422904 0.0721370604148 0.0522993688007 0.034265103697 0.0766456266907 0.00450856627592 0.014427412083 0.131650135257
96 0.0838593327322 0.00270513976555 0.04869251578 0.113615870153 0.00811541929666 0.0360685302074 0.0225428313796 0.0270513976555 0.0847610459874 0.058611361587 0.0189359783589 0.0369702434626 0.0270513976555 0.0739404869252 0.103697024346 0.0532010820559 0.0279531109107 0.0261496844004 0.00360685302074 0.014427412083 0.128043282236
97 0.19296663661 0.0432822362489 0.0225428313796 0.0306582506763 0.0396753832281 0.04869251578 0.0207394048693 0.0495942290352 0.0279531109107 0.105500450857 0.0225428313796 0.014427412083 0.0135256988278 0.0207394048693 0.0315599639315 0.0640216411181 0.0333633904418 0.058611361587 0.0171325518485 0.0225428313796 0.11992786294
98 0.0369702434626 0.00811541929666 0.0279531109107 0.0252479711452 0.0766456266907 0.0216411181244 0.0207394048693 0.100090171326 0.0315599639315 0.189359783589 0.0360685302074 0.0216411181244 0.0189359783589 0.0288548241659 0.0441839495041 0.0459873760144 0.0306582506763 0.0577096483318 0.0135256988278 0.0477908025248 0.116321009919
99 0.0784490532011 0.00811541929666 0.0568079350766 0.115419296664 0.0135256988278 0.0559062218215 0.0297565374211 0.0333633904418 0.0712353471596 0.0513976555455 0.00811541929666 0.058611361587 0.0171325518485 0.0568079350766 0.100991884581 0.0622182146078 0.0234445446348 0.0198376916141 0.0153291253381 0.00901713255185 0.114517583408
100 0.161406672678 0.0207394048693 0.0387736699729 0.0405770964833 0.0261496844004 0.0288548241659 0.0207394048693 0.0577096483318 0.034265103697 0.125338142471 0.0153291253381 0.0450856627592 0.0324616771867 0.0288548241659 0.0414788097385 0.0721370604148 0.0279531109107 0.0532010820559 0.00360685302074 0.0288548241659 0.0964833183048
101 0.0432822362489 0.00631199278629 0.0369702434626 0.0414788097385 0.0126239855726 0.394048692516 0.0261496844004 0.0153291253381 0.0414788097385 0.0279531109107 0.00991884580703 0.04869251578 0.0270513976555 0.034265103697 0.0423805229937 0.0468890892696 0.0261496844004 0.00811541929666 0.00631199278629 0.0162308385933 0.0883678990081
102 0.223624887286 0.0306582506763 0.0234445446348 0.0171325518485 0.0432822362489 0.0423805229937 0.00991884580703 0.0919747520289 0.0171325518485 0.0757439134355 0.0207394048693 0.0279531109107 0.0306582506763 0.0153291253381 0.0225428313796 0.0306582506763 0.0216411181244 0.139765554554 0.00450856627592 0.0252479711452 0.0856627592426
103 0.058611361587 0.0162308385933 0.151487826871 0.0315599639315 0.0513976555455 0.0180342651037 0.0396753832281 0.04869251578 0.0369702434626 0.0559062218215 0.0171325518485 0.04869251578 0.0189359783589 0.0414788097385 0.0360685302074 0.0712353471596 0.0459873760144 0.0712353471596 0.00631199278629 0.0477908025248 0.0865644724977
104 0.100090171326 0.00811541929666 0.193868349865 0.0595130748422 0.0252479711452 0.14607754734 0.0324616771867 0.0234445446348 0.0270513976555 0.0234445446348 0.00270513976555 0.034265103697 0.00811541929666 0.0261496844004 0.0513976555455 0.0577096483318 0.0333633904418 0.0315599639315 0.00270513976555 0.0333633904418 0.0793507664563
105 0.0180342651037 0.0423805229937 0.0135256988278 0.00811541929666 0.162308385933 0.0162308385933 0.0189359783589 0.0739404869252 0.00541027953111 0.0955816050496 0.014427412083 0.00360685302074 0.00541027953111 0.014427412083 0.0207394048693 0.0207394048693 0.0315599639315 0.118124436429 0.0207394048693 0.221821460775 0.0739404869252
106 0.0234445446348 0.0108205590622 0.00901713255185 0.0135256988278 0.0631199278629 0.00811541929666 0.0153291253381 0.214607754734 0.00450856627592 0.315599639315 0.0324616771867 0.0108205590622 0.00901713255185 0.00991884580703 0.0108205590622 0.0153291253381 0.014427412083 0.130748422002 0.0126239855726 0.014427412083 0.0613165013526
107 0.0721370604148 0.0189359783589 0.0270513976555 0.0631199278629 0.0234445446348 0.0324616771867 0.0297565374211 0.0694319206492 0.0369702434626 0.0874661857529 0.0162308385933 0.0288548241659 0.07303877367 0.0333633904418 0.0423805229937 0.101893597836 0.0703336339044 0.082957619477 0.00541027953111 0.0270513976555 0.0577096483318
108 0.0414788097385 0.00541027953111 0.0234445446348 0.0432822362489 0.0270513976555 0.0216411181244 0.0207394048693 0.0261496844004 0.277727682597 0.0703336339044 0.014427412083 0.0279531109107 0.0234445446348 0.0414788097385 0.115419296664 0.0559062218215 0.0405770964833 0.0261496844004 0.014427412083 0.0189359783589 0.0640216411181
109 0.0495942290352 0.00450856627592 0.0568079350766 0.0315599639315 0.014427412083 0.0189359783589 0.0180342651037 0.00631199278629 0.02434625789 0.0207394048693 0.00450856627592 0.0423805229937 0.455365193868 0.0270513976555 0.0198376916141 0.0721370604148 0.0351668169522 0.014427412083 0.000901713255185 0.00901713255185 0.0739404869252
110 0.0676284941389 0.02434625789 0.0441839495041 0.0351668169522 0.100991884581 0.0126239855726 0.00901713255185 0.114517583408 0.0153291253381 0.164111812444 0.0180342651037 0.0198376916141 0.0189359783589 0.0180342651037 0.00901713255185 0.034265103697 0.0405770964833 0.103697024346 0.0135256988278 0.0432822362489 0.092876465284
111 0.0477908025248 0.00991884580703 0.137962128043 0.0604147880974 0.0207394048693 0.0414788097385 0.0225428313796 0.0207394048693 0.034265103697 0.0414788097385 0.00901713255185 0.0721370604148 0.034265103697 0.0414788097385 0.0522993688007 0.115419296664 0.0883678990081 0.02434625789 0.00180342651037 0.0135256988278 0.110009017133
112 0.082957619477 0.00541027953111 0.0504959422904 0.0694319206492 0.0306582506763 0.0270513976555 0.0234445446348 0.0504959422904 0.0513976555455 0.0775473399459 0.0207394048693 0.0306582506763 0.108205590622 0.0279531109107 0.0504959422904 0.0577096483318 0.0477908025248 0.0432822362489 0.00360685302074 0.0297565374211 0.110910730388
113 0.0892696122633 0.00360685302074 0.0982867448151 0.140667267809 0.0108205590622 0.0369702434626 0.0234445446348 0.0225428313796 0.0495942290352 0.0423805229937 0.00901713255185 0.0477908025248 0.0297565374211 0.0432822362489 0.0477908025248 0.0820559062218 0.0423805229937 0.02434625789 0.00450856627592 0.00721370604148 0.14427412083
114 0.058611361587 0.00270513976555 0.0883678990081 0.162308385933 0.0135256988278 0.0189359783589 0.0162308385933 0.0315599639315 0.04869251578 0.0504959422904 0.0180342651037 0.0252479711452 0.014427412083 0.0676284941389 0.0658250676285 0.0613165013526 0.0468890892696 0.0432822362489 0.00270513976555 0.0171325518485 0.14607754734
115 0.0234445446348 0.00360685302074 0.00631199278629 0.00541027953111 0.0874661857529 0.00901713255185 0.00270513976555 0.113615870153 0.00811541929666 0.426510369702 0.0225428313796 0.00541027953111 0.00721370604148 0.00991884580703 0.00631199278629 0.0135256988278 0.0162308385933 0.0865644724977 0.00631199278629 0.00631199278629 0.133453561767
116 0.082957619477 0.00811541929666 0.0216411181244 0.0541027953111 0.0270513976555 0.0216411181244 0.014427412083 0.0676284941389 0.0676284941389 0.125338142471 0.0126239855726 0.0252479711452 0.0135256988278 0.0324616771867 0.0703336339044 0.0306582506763 0.0351668169522 0.0712353471596 0.0117222723174 0.0378719567178 0.16862037872
117 0.0937781785392 0.00811541929666 0.0613165013526 0.09738503156 0.0117222723174 0.0369702434626 0.0288548241659 0.0207394048693 0.0522993688007 0.0423805229937 0.0108205590622 0.0405770964833 0.014427412083 0.0658250676285 0.0748422001803 0.0712353471596 0.0423805229937 0.0270513976555 0.00360685302074 0.0108205590622 0.184851217313
118 0.14427412083 0.0270513976555 0.0108205590622 0.034265103697 0.0153291253381 0.0189359783589 0.00721370604148 0.0595130748422 0.0504959422904 0.082957619477 0.0198376916141 0.0108205590622 0.00360685302074 0.0234445446348 0.100991884581 0.0477908025248 0.0649233543733 0.0775473399459 0.00360685302074 0.0117222723174 0.184851217313
