POS A C D E F G H I K L M N P Q R S T V W Y -
1 0.0 0.0 0.000784929356358 0.000784929356358 0.0 0.000784929356358 0.0 0.0 0.00863422291994 0.0 0.0 0.000784929356358 0.0 0.0 0.00156985871272 0.0 0.000784929356358 0.0 0.0 0.0 0.985871271586
2 0.000824175824176 3.92464678179e-05 0.00160910518053 0.00710361067504 0.00160910518053 0.0392857142857 3.92464678179e-05 0.000824175824176 0.0110282574568 0.00474882260597 0.00239403453689 0.00945839874411 0.000824175824176 0.00160910518053 0.00160910518053 0.0133830455259 0.00553375196232 0.000824175824176 3.92464678179e-05 0.000824175824176 0.896389324961
3 0.0173076923077 3.92464678179e-05 0.0125981161695 0.0275117739403 0.00317896389325 0.0102433281005 0.00474882260597 0.00710361067504 0.0479199372057 0.00631868131868 0.000824175824176 0.0196624803768 0.00553375196232 0.0118131868132 0.0141679748823 0.0133830455259 0.0204474097331 0.0188775510204 0.00160910518053 0.000824175824176 0.755886970173
4 0.037715855573 0.00239403453689 0.0141679748823 0.0298665620094 0.0102433281005 0.0165227629513 0.00553375196232 0.0125981161695 0.0251569858713 0.0290816326531 0.00474882260597 0.0149529042386 0.0306514913658 0.0141679748823 0.0275117739403 0.0369309262166 0.0447802197802 0.0235871271586 0.00710361067504 0.0078885400314 0.604395604396
5 0.0267660910518 0.000863422291994 0.0134222919937 0.0471742543171 0.0550235478807 0.0236263736264 0.00400313971743 0.0715070643642 0.0220565149137 0.064442700157 0.0110675039246 0.0063579277865 0.0149921507064 0.0189167974882 0.0189167974882 0.0173469387755 0.033830455259 0.0565934065934 0.0142072213501 0.0487441130298 0.430141287284
6 0.037715855573 0.00317896389325 0.0322213500785 0.0730376766091 0.0102433281005 0.0118131868132 0.0141679748823 0.0196624803768 0.07068288854 0.0337912087912 0.00160910518053 0.0251569858713 0.0526295133438 0.0369309262166 0.0494897959184 0.0581240188383 0.0895211930926 0.026726844584 0.00474882260597 0.00945839874411 0.339089481947
7 0.210400313972 0.0400706436421 0.00945839874411 0.0078885400314 0.0133830455259 0.179788069074 0.00553375196232 0.0204474097331 0.00553375196232 0.0173076923077 0.00867346938776 0.00553375196232 0.00710361067504 0.00160910518053 0.00396389324961 0.0125981161695 0.0196624803768 0.108359497645 0.00553375196232 0.0298665620094 0.287284144427
8 0.0211930926217 0.0 0.0164835164835 0.0557299843014 0.0117739403454 0.0408163265306 0.0125588697017 0.0565149136578 0.110675039246 0.0345368916797 0.00627943485086 0.00784929356358 0.0156985871272 0.0368916797488 0.105180533752 0.0251177394035 0.125588697017 0.0769230769231 0.00156985871272 0.0211930926217 0.217425431711
9 0.030612244898 0.0102040816327 0.0133437990581 0.00470957613815 0.0149136577708 0.0125588697017 0.00313971742543 0.105965463108 0.00784929356358 0.0620094191523 0.0094191522763 0.00863422291994 0.0235478806907 0.00784929356358 0.0141287284144 0.0133437990581 0.0102040816327 0.478021978022 0.00235478806907 0.00706436420722 0.160125588697
10 0.0824175824176 0.00313971742543 0.0321821036107 0.0949764521193 0.00784929356358 0.0180533751962 0.0094191522763 0.0777080062794 0.0518053375196 0.0682888540031 0.00313971742543 0.021978021978 0.0180533751962 0.0149136577708 0.0243328100471 0.0353218210361 0.120094191523 0.165620094192 0.00392464678179 0.0125588697017 0.134222919937
11 0.0604395604396 0.0204081632653 0.0235478806907 0.0627943485086 0.0204081632653 0.0353218210361 0.0384615384615 0.00863422291994 0.112244897959 0.0117739403454 0.00313971742543 0.0235478806907 0.00235478806907 0.0494505494505 0.184458398744 0.111459968603 0.0274725274725 0.0094191522763 0.00863422291994 0.0604395604396 0.125588697017
12 0.0408163265306 0.0156985871272 0.00470957613815 0.00313971742543 0.0102040816327 0.00235478806907 0.00470957613815 0.149136577708 0.000784929356358 0.00706436420722 0.00784929356358 0.00156985871272 0.00156985871272 0.00235478806907 0.00313971742543 0.00549450549451 0.0141287284144 0.594976452119 0.0102040816327 0.00706436420722 0.113029827316
13 0.0384615384615 0.00156985871272 0.0156985871272 0.0117739403454 0.0266875981162 0.0235478806907 0.0353218210361 0.211930926217 0.0172684458399 0.0957613814757 0.00392464678179 0.0125588697017 0.0196232339089 0.0094191522763 0.030612244898 0.0463108320251 0.0510204081633 0.195447409733 0.00784929356358 0.0431711145997 0.102040816327
14 0.0156985871272 0.0 0.696232339089 0.0180533751962 0.000784929356358 0.010989010989 0.00235478806907 0.0 0.00392464678179 0.00235478806907 0.0 0.0204081632653 0.00627943485086 0.00706436420722 0.00549450549451 0.0981161695447 0.0141287284144 0.0 0.0 0.000784929356358 0.0973312401884
15 0.0612244897959 0.000784929356358 0.0117739403454 0.00549450549451 0.00235478806907 0.756671899529 0.00235478806907 0.00156985871272 0.00313971742543 0.000784929356358 0.0 0.00235478806907 0.0188383045526 0.00235478806907 0.00392464678179 0.0156985871272 0.00706436420722 0.00549450549451 0.00156985871272 0.00156985871272 0.0949764521193
16 0.0188383045526 0.00706436420722 0.67896389325 0.0125588697017 0.00156985871272 0.0408163265306 0.00706436420722 0.00156985871272 0.00313971742543 0.00549450549451 0.00313971742543 0.0384615384615 0.0 0.010989010989 0.0141287284144 0.041601255887 0.0156985871272 0.00549450549451 0.0 0.0 0.0934065934066
17 0.0164835164835 0.00470957613815 0.00784929356358 0.0102040816327 0.00156985871272 0.0156985871272 0.00470957613815 0.00784929356358 0.0094191522763 0.0117739403454 0.00470957613815 0.0125588697017 0.0 0.010989010989 0.0502354788069 0.104395604396 0.616169544741 0.0149136577708 0.0 0.00313971742543 0.0926216640502
18 0.0298273155416 0.00627943485086 0.0 0.0 0.171114599686 0.00313971742543 0.0 0.241758241758 0.000784929356358 0.234693877551 0.0204081632653 0.0 0.0133437990581 0.000784929356358 0.0 0.00156985871272 0.00784929356358 0.148351648352 0.00470957613815 0.0211930926217 0.094191522763
19 0.0227629513344 0.00235478806907 0.0620094191523 0.0926216640502 0.00706436420722 0.00627943485086 0.0172684458399 0.0588697017268 0.106750392465 0.0431711145997 0.00706436420722 0.0141287284144 0.000784929356358 0.0282574568289 0.159340659341 0.0282574568289 0.0910518053375 0.109105180534 0.0227629513344 0.0259026687598 0.094191522763
20 0.0580847723705 0.030612244898 0.00863422291994 0.00313971742543 0.0643642072214 0.00549450549451 0.000784929356358 0.151491365777 0.000784929356358 0.19387755102 0.0180533751962 0.00235478806907 0.00156985871272 0.00313971742543 0.00235478806907 0.00863422291994 0.0211930926217 0.299843014129 0.00392464678179 0.010989010989 0.110675039246
21 0.0596546310832 0.00470957613815 0.0596546310832 0.0620094191523 0.0156985871272 0.0572998430141 0.0188383045526 0.0345368916797 0.0784929356358 0.0737833594976 0.0164835164835 0.0368916797488 0.00549450549451 0.0290423861852 0.105180533752 0.0604395604396 0.0557299843014 0.0376766091052 0.00706436420722 0.0376766091052 0.143642072214
22 0.0447409733124 0.0180533751962 0.0863422291994 0.021978021978 0.0243328100471 0.0470957613815 0.0188383045526 0.0886970172684 0.0211930926217 0.0894819466248 0.0149136577708 0.0353218210361 0.021978021978 0.0094191522763 0.0282574568289 0.0470957613815 0.0408163265306 0.0651491365777 0.00549450549451 0.021978021978 0.248822605965
23 0.0321821036107 0.00235478806907 0.102825745683 0.0400313971743 0.00470957613815 0.0690737833595 0.0117739403454 0.0133437990581 0.0376766091052 0.0243328100471 0.0 0.0729984301413 0.0769230769231 0.0274725274725 0.0172684458399 0.0463108320251 0.0251177394035 0.0125588697017 0.00156985871272 0.00863422291994 0.37284144427
24 0.0133437990581 0.00313971742543 0.0541601255887 0.0408163265306 0.00392464678179 0.247252747253 0.010989010989 0.00784929356358 0.0494505494505 0.0094191522763 0.000784929356358 0.0510204081633 0.0384615384615 0.0180533751962 0.0235478806907 0.032967032967 0.0204081632653 0.0133437990581 0.00156985871272 0.00235478806907 0.357142857143
25 0.0313971742543 0.0117739403454 0.0408163265306 0.0706436420722 0.0094191522763 0.0549450549451 0.0196232339089 0.0149136577708 0.0957613814757 0.0266875981162 0.0094191522763 0.0384615384615 0.0180533751962 0.0557299843014 0.052590266876 0.0337519623234 0.0494505494505 0.0298273155416 0.0 0.00627943485086 0.330455259027
26 0.0282574568289 0.0 0.0266875981162 0.0832025117739 0.0117739403454 0.13579277865 0.0117739403454 0.0321821036107 0.0729984301413 0.0400313971743 0.00863422291994 0.0337519623234 0.0321821036107 0.0408163265306 0.0690737833595 0.0494505494505 0.0714285714286 0.0376766091052 0.00470957613815 0.0094191522763 0.200156985871
27 0.0298273155416 0.00156985871272 0.0196232339089 0.105965463108 0.0368916797488 0.0204081632653 0.0196232339089 0.112244897959 0.052590266876 0.0698587127159 0.0172684458399 0.00784929356358 0.00706436420722 0.0706436420722 0.085557299843 0.0156985871272 0.0722135007849 0.109105180534 0.00627943485086 0.0408163265306 0.0989010989011
28 0.0227629513344 0.000784929356358 0.0133437990581 0.032967032967 0.0094191522763 0.0102040816327 0.0196232339089 0.0235478806907 0.179748822606 0.0266875981162 0.00706436420722 0.032967032967 0.0353218210361 0.0266875981162 0.217425431711 0.063579277865 0.149136577708 0.0361067503925 0.00156985871272 0.010989010989 0.0800627943485
29 0.0282574568289 0.00549450549451 0.0 0.00235478806907 0.0572998430141 0.00627943485086 0.00156985871272 0.255102040816 0.0 0.112244897959 0.0172684458399 0.0 0.0 0.0 0.000784929356358 0.00549450549451 0.00549450549451 0.420722135008 0.00156985871272 0.0235478806907 0.0565149136578
30 0.0156985871272 0.00470957613815 0.00784929356358 0.00863422291994 0.00392464678179 0.0094191522763 0.0211930926217 0.0102040816327 0.0235478806907 0.0172684458399 0.00470957613815 0.0102040816327 0.00156985871272 0.0321821036107 0.701726844584 0.0251177394035 0.0156985871272 0.0251177394035 0.000784929356358 0.00627943485086 0.0541601255887
31 0.00863422291994 0.00313971742543 0.000784929356358 0.000784929356358 0.0800627943485 0.000784929356358 0.00156985871272 0.0910518053375 0.00235478806907 0.638932496075 0.0313971742543 0.00392464678179 0.00784929356358 0.0 0.0 0.00156985871272 0.00156985871272 0.0478806907378 0.0 0.0290423861852 0.0486656200942
32 0.233908948195 0.010989010989 0.0164835164835 0.0243328100471 0.0392464678179 0.0117739403454 0.0172684458399 0.096546310832 0.010989010989 0.174254317111 0.0117739403454 0.0196232339089 0.00470957613815 0.0227629513344 0.030612244898 0.0682888540031 0.0164835164835 0.0502354788069 0.0125588697017 0.0800627943485 0.0470957613815
33 0.0337519623234 0.032967032967 0.0565149136578 0.021978021978 0.0164835164835 0.612244897959 0.0149136577708 0.00235478806907 0.00392464678179 0.0353218210361 0.00784929356358 0.0431711145997 0.000784929356358 0.00392464678179 0.00627943485086 0.0345368916797 0.00235478806907 0.00156985871272 0.00392464678179 0.0180533751962 0.0470957613815
34 0.0156985871272 0.0094191522763 0.000784929356358 0.0 0.0180533751962 0.000784929356358 0.000784929356358 0.530612244898 0.0 0.0737833594976 0.0156985871272 0.0 0.00235478806907 0.0 0.0 0.00392464678179 0.00863422291994 0.26295133438 0.0 0.0102040816327 0.0463108320251
35 0.0337519623234 0.000784929356358 0.57535321821 0.0502354788069 0.00235478806907 0.00470957613815 0.00470957613815 0.0094191522763 0.0313971742543 0.00863422291994 0.00235478806907 0.0777080062794 0.00156985871272 0.0376766091052 0.0510204081633 0.0188383045526 0.0164835164835 0.0156985871272 0.00313971742543 0.00470957613815 0.0494505494505
36 0.410518053375 0.0604395604396 0.000784929356358 0.00235478806907 0.00706436420722 0.0094191522763 0.000784929356358 0.0156985871272 0.00313971742543 0.021978021978 0.00470957613815 0.00392464678179 0.0188383045526 0.00235478806907 0.00470957613815 0.0620094191523 0.284144427002 0.0337519623234 0.00313971742543 0.00313971742543 0.0470957613815
37 0.0313971742543 0.0117739403454 0.00706436420722 0.00784929356358 0.00863422291994 0.00313971742543 0.00313971742543 0.00706436420722 0.00470957613815 0.0251177394035 0.00627943485086 0.0117739403454 0.767660910518 0.00313971742543 0.010989010989 0.0125588697017 0.0149136577708 0.0141287284144 0.00156985871272 0.000784929356358 0.0463108320251
38 0.0321821036107 0.0 0.052590266876 0.633437990581 0.00156985871272 0.0180533751962 0.00392464678179 0.00392464678179 0.0251177394035 0.0117739403454 0.00313971742543 0.0125588697017 0.0290423861852 0.0298273155416 0.043956043956 0.030612244898 0.0125588697017 0.00706436420722 0.0 0.00156985871272 0.0470957613815
39 0.0408163265306 0.00313971742543 0.0125588697017 0.0204081632653 0.0149136577708 0.0251177394035 0.00313971742543 0.0918367346939 0.0737833594976 0.154631083203 0.043956043956 0.0149136577708 0.0494505494505 0.0117739403454 0.0580847723705 0.0769230769231 0.128728414443 0.0565149136578 0.00784929356358 0.0156985871272 0.0957613814757
40 0.0714285714286 0.00627943485086 0.0769230769231 0.0368916797488 0.0149136577708 0.148351648352 0.0321821036107 0.00549450549451 0.0832025117739 0.0117739403454 0.00156985871272 0.0510204081633 0.0353218210361 0.0211930926217 0.0675039246468 0.0627943485086 0.0431711145997 0.0368916797488 0.00470957613815 0.0251177394035 0.163265306122
41 0.0282574568289 0.0 0.0368916797488 0.0376766091052 0.0188383045526 0.0486656200942 0.0627943485086 0.00627943485086 0.0706436420722 0.0141287284144 0.00706436420722 0.0204081632653 0.0211930926217 0.108320251177 0.074568288854 0.043956043956 0.0313971742543 0.0172684458399 0.00470957613815 0.0243328100471 0.322605965463
42 0.0431711145997 0.00627943485086 0.0384615384615 0.0455259026688 0.0172684458399 0.0541601255887 0.0094191522763 0.0094191522763 0.0510204081633 0.0125588697017 0.00470957613815 0.0313971742543 0.106750392465 0.0211930926217 0.0541601255887 0.0518053375196 0.0510204081633 0.0227629513344 0.00235478806907 0.00706436420722 0.359497645212
43 0.0510204081633 0.0706436420722 0.0572998430141 0.0266875981162 0.00156985871272 0.0808477237049 0.00470957613815 0.00784929356358 0.0431711145997 0.0102040816327 0.00313971742543 0.0533751962323 0.0133437990581 0.0243328100471 0.0518053375196 0.0400313971743 0.0266875981162 0.010989010989 0.00156985871272 0.00627943485086 0.414442700157
44 0.0313971742543 0.0494505494505 0.0251177394035 0.0313971742543 0.00784929356358 0.0792778649922 0.0133437990581 0.0125588697017 0.0769230769231 0.0211930926217 0.0102040816327 0.0290423861852 0.0251177394035 0.0211930926217 0.041601255887 0.0251177394035 0.0337519623234 0.0172684458399 0.00313971742543 0.0102040816327 0.434850863422
45 0.0376766091052 0.0172684458399 0.0447409733124 0.0510204081633 0.00784929356358 0.041601255887 0.00392464678179 0.0102040816327 0.0612244897959 0.0227629513344 0.00470957613815 0.0196232339089 0.113029827316 0.0313971742543 0.0431711145997 0.0361067503925 0.0204081632653 0.021978021978 0.000784929356358 0.0094191522763 0.401098901099
46 0.0839874411303 0.00470957613815 0.0580847723705 0.085557299843 0.00235478806907 0.0682888540031 0.0102040816327 0.0235478806907 0.0337519623234 0.0353218210361 0.00627943485086 0.0227629513344 0.0408163265306 0.0376766091052 0.0251177394035 0.043956043956 0.0298273155416 0.0651491365777 0.00313971742543 0.00784929356358 0.311616954474
47 0.0274725274725 0.00235478806907 0.0400313971743 0.224489795918 0.0125588697017 0.0259026687598 0.0094191522763 0.0125588697017 0.0345368916797 0.0211930926217 0.0125588697017 0.0156985871272 0.0117739403454 0.208006279435 0.0376766091052 0.0188383045526 0.0266875981162 0.0125588697017 0.0604395604396 0.0376766091052 0.147566718995
48 0.0957613814757 0.0863422291994 0.0431711145997 0.0769230769231 0.0164835164835 0.0156985871272 0.010989010989 0.0125588697017 0.0400313971743 0.0188383045526 0.00156985871272 0.0227629513344 0.284144427002 0.032967032967 0.043956043956 0.0290423861852 0.0235478806907 0.0172684458399 0.00235478806907 0.0204081632653 0.105180533752
49 0.030612244898 0.109105180534 0.0102040816327 0.0149136577708 0.17032967033 0.0698587127159 0.0274725274725 0.0180533751962 0.0156985871272 0.0996860282575 0.0164835164835 0.00470957613815 0.00470957613815 0.0141287284144 0.0251177394035 0.010989010989 0.00784929356358 0.0164835164835 0.0729984301413 0.167189952904 0.0934065934066
50 0.248822605965 0.0 0.00549450549451 0.00863422291994 0.0156985871272 0.501569858713 0.00156985871272 0.00392464678179 0.00470957613815 0.00392464678179 0.000784929356358 0.00784929356358 0.00470957613815 0.00863422291994 0.0094191522763 0.0572998430141 0.0102040816327 0.00549450549451 0.00470957613815 0.0243328100471 0.0722135007849
51 0.0729984301413 0.0 0.0729984301413 0.120879120879 0.0259026687598 0.0180533751962 0.0149136577708 0.0392464678179 0.114599686028 0.0596546310832 0.0204081632653 0.0321821036107 0.0502354788069 0.0824175824176 0.0902668759812 0.0266875981162 0.0259026687598 0.0361067503925 0.0172684458399 0.0188383045526 0.0604395604396
52 0.149921507064 0.00156985871272 0.043956043956 0.308477237049 0.00313971742543 0.00549450549451 0.0102040816327 0.0180533751962 0.10125588697 0.0392464678179 0.0141287284144 0.0211930926217 0.0102040816327 0.0996860282575 0.0627943485086 0.0180533751962 0.0204081632653 0.0243328100471 0.00706436420722 0.00549450549451 0.0353218210361
53 0.698587127159 0.00784929356358 0.00470957613815 0.00313971742543 0.00313971742543 0.0243328100471 0.000784929356358 0.00784929356358 0.00156985871272 0.00549450549451 0.00392464678179 0.00549450549451 0.00313971742543 0.00392464678179 0.00235478806907 0.160125588697 0.0102040816327 0.0156985871272 0.00235478806907 0.00156985871272 0.0337519623234
54 0.0808477237049 0.00235478806907 0.00706436420722 0.0172684458399 0.0141287284144 0.0141287284144 0.00706436420722 0.0141287284144 0.251962323391 0.0518053375196 0.0102040816327 0.00706436420722 0.00235478806907 0.0337519623234 0.21978021978 0.0808477237049 0.126373626374 0.00784929356358 0.00784929356358 0.0156985871272 0.0274725274725
55 0.146781789639 0.000784929356358 0.135007849294 0.160910518053 0.0188383045526 0.0141287284144 0.0243328100471 0.0117739403454 0.074568288854 0.0345368916797 0.00706436420722 0.0620094191523 0.0 0.0957613814757 0.0659340659341 0.0408163265306 0.0470957613815 0.0164835164835 0.00470957613815 0.010989010989 0.0274725274725
56 0.160949764521 0.00474882260597 0.00474882260597 0.0306514913658 0.248861852433 0.0110282574568 0.0330062794349 0.0102433281005 0.0275117739403 0.0479199372057 0.0125981161695 0.0110282574568 0.000824175824176 0.0243720565149 0.0871664050235 0.0125981161695 0.0243720565149 0.0251569858713 0.0667582417582 0.136616954474 0.0188383045526
57 0.0973704866562 0.00160910518053 3.92464678179e-05 0.00239403453689 0.0196624803768 0.00396389324961 0.000824175824176 0.0212323390895 3.92464678179e-05 0.546350078493 0.0361459968603 0.0259419152276 0.000824175824176 0.00317896389325 0.000824175824176 0.0149529042386 0.109929356358 0.0973704866562 0.000824175824176 3.92464678179e-05 0.0164835164835
58 0.090306122449 0.00945839874411 0.0228021978022 0.141326530612 0.00396389324961 0.0173076923077 0.0118131868132 0.0314364207221 0.158594976452 0.0298665620094 0.0110282574568 0.0228021978022 3.92464678179e-05 0.0698979591837 0.193131868132 0.0738226059655 0.0581240188383 0.0314364207221 0.000824175824176 0.00710361067504 0.0149136577708
59 0.0832417582418 0.00396389324961 0.109929356358 0.129552590267 0.00396389324961 0.0439952904239 0.00867346938776 0.00945839874411 0.144466248038 0.0196624803768 0.00396389324961 0.0714678178964 0.00396389324961 0.0808869701727 0.0848116169545 0.123273155416 0.0353610675039 0.0102433281005 0.00396389324961 0.00710361067504 0.0180533751962
60 0.0259419152276 0.00474882260597 0.00317896389325 0.0165227629513 0.0557692307692 0.00317896389325 0.0228021978022 0.0612637362637 0.0620486656201 0.365816326531 0.0565541601256 0.0282967032967 0.000824175824176 0.0353610675039 0.081671899529 0.0078885400314 0.0275117739403 0.0188775510204 0.0282967032967 0.0290816326531 0.0643642072214
61 0.0455651491366 0.0322213500785 0.00239403453689 0.00317896389325 0.0243720565149 0.000824175824176 0.00239403453689 0.147605965463 0.00396389324961 0.399568288854 0.0173076923077 0.00396389324961 0.00239403453689 0.00553375196232 0.00631868131868 0.00631868131868 0.0361459968603 0.182927786499 0.00710361067504 0.00631868131868 0.063579277865
62 0.032967032967 0.00863422291994 0.0133437990581 0.0282574568289 0.00549450549451 0.0149136577708 0.00313971742543 0.0141287284144 0.0368916797488 0.063579277865 0.0094191522763 0.0164835164835 0.0690737833595 0.0141287284144 0.0211930926217 0.0266875981162 0.0243328100471 0.0321821036107 0.00235478806907 0.00470957613815 0.55808477237
63 0.0824568288854 0.000824175824176 0.0408555729984 0.0840266875981 0.0204474097331 0.0675431711146 0.0165227629513 0.0455651491366 0.0620486656201 0.127982731554 0.015737833595 0.0777472527473 0.037715855573 0.0463500784929 0.0730376766091 0.0408555729984 0.0212323390895 0.0424254317111 0.00317896389325 0.0141679748823 0.0792778649922
64 0.0808869701727 0.00317896389325 0.059693877551 0.0204474097331 0.00396389324961 0.388579277865 0.0228021978022 0.00317896389325 0.0463500784929 0.0180926216641 0.00317896389325 0.0887362637363 0.0078885400314 0.0722527472527 0.0526295133438 0.0392857142857 0.0259419152276 0.00710361067504 0.00160910518053 0.0078885400314 0.0463108320251
65 0.0345761381476 0.00239403453689 0.0345761381476 0.0549843014129 0.00553375196232 0.0848116169545 0.0243720565149 0.00239403453689 0.251216640502 0.00553375196232 0.00553375196232 0.0298665620094 0.0149529042386 0.0769623233909 0.194701726845 0.0534144427002 0.0518445839874 0.00867346938776 0.00239403453689 0.00553375196232 0.0557299843014
66 0.0463500784929 0.00160910518053 0.0840266875981 0.109144427002 0.0110282574568 0.0196624803768 0.0196624803768 0.0243720565149 0.102080062794 0.015737833595 0.00474882260597 0.0581240188383 0.0636185243328 0.059693877551 0.100510204082 0.0722527472527 0.117778649922 0.0432103610675 0.00710361067504 0.0125981161695 0.0266875981162
67 0.0432103610675 0.0102433281005 0.00553375196232 0.00239403453689 0.0259419152276 0.00474882260597 3.92464678179e-05 0.192346938776 0.00631868131868 0.0934458398744 0.00474882260597 0.00317896389325 0.0078885400314 0.00631868131868 0.00631868131868 0.0102433281005 0.00867346938776 0.541640502355 0.00474882260597 0.00474882260597 0.0172684458399
68 0.0330062794349 0.00239403453689 0.0424254317111 0.110714285714 0.0345761381476 0.0173076923077 0.0173076923077 0.0369309262166 0.0675431711146 0.0408555729984 0.0125981161695 0.0220172684458 0.00396389324961 0.0534144427002 0.126412872841 0.0612637362637 0.15467032967 0.0573390894819 0.0275117739403 0.0620486656201 0.0156985871272
69 0.026726844584 0.138186813187 0.000824175824176 0.00239403453689 0.059693877551 0.0078885400314 3.92464678179e-05 0.179788069074 0.00474882260597 0.300667189953 0.0173076923077 0.00160910518053 0.00160910518053 0.00396389324961 0.00474882260597 0.00474882260597 0.00867346938776 0.198626373626 0.00317896389325 0.0133830455259 0.0211930926217
70 0.0345761381476 0.00239403453689 0.0573390894819 0.20647566719 0.0188775510204 0.0118131868132 0.0196624803768 0.0432103610675 0.0777472527473 0.0400706436421 0.00553375196232 0.0212323390895 0.00474882260597 0.0753924646782 0.101295133438 0.0518445839874 0.0895211930926 0.0910910518053 0.0078885400314 0.0173076923077 0.021978021978
71 0.0510596546311 0.0149529042386 0.0243720565149 0.0306514913658 0.0958006279435 0.0204474097331 0.00553375196232 0.0871664050235 0.0235871271586 0.0950156985871 0.0078885400314 0.0102433281005 0.0691130298273 0.0243720565149 0.0385007849294 0.0471350078493 0.0534144427002 0.117778649922 0.00710361067504 0.0589089481947 0.116954474097
72 0.0408555729984 0.000824175824176 0.233163265306 0.0918759811617 0.0125981161695 0.0392857142857 0.015737833595 0.0510596546311 0.0235871271586 0.0581240188383 0.0078885400314 0.0275117739403 0.0243720565149 0.0228021978022 0.0275117739403 0.0369309262166 0.0361459968603 0.0730376766091 0.00553375196232 0.0173076923077 0.153846153846
73 0.0094191522763 0.000784929356358 0.0235478806907 0.0251177394035 0.00313971742543 0.0266875981162 0.00784929356358 0.0102040816327 0.0353218210361 0.00549450549451 0.00156985871272 0.0133437990581 0.0455259026688 0.0141287284144 0.0211930926217 0.0227629513344 0.0133437990581 0.010989010989 0.00156985871272 0.00863422291994 0.699372056515
74 0.043956043956 0.00235478806907 0.0290423861852 0.0384615384615 0.00313971742543 0.0706436420722 0.00470957613815 0.0196232339089 0.0274725274725 0.0282574568289 0.00156985871272 0.0298273155416 0.0368916797488 0.0290423861852 0.0337519623234 0.0345368916797 0.0337519623234 0.0408163265306 0.00706436420722 0.0141287284144 0.470957613815
75 0.0431711145997 0.0 0.063579277865 0.0675039246468 0.00549450549451 0.0518053375196 0.0117739403454 0.0243328100471 0.0321821036107 0.0149136577708 0.00706436420722 0.0243328100471 0.0361067503925 0.0431711145997 0.0274725274725 0.0376766091052 0.0408163265306 0.021978021978 0.00156985871272 0.0243328100471 0.420722135008
76 0.0604788069074 0.00317896389325 0.104434850863 0.07931711146 0.00553375196232 0.174293563579 0.0196624803768 0.015737833595 0.0824568288854 0.0298665620094 0.00945839874411 0.0337912087912 0.0275117739403 0.0392857142857 0.0722527472527 0.0722527472527 0.0447802197802 0.0243720565149 3.92464678179e-05 0.0165227629513 0.0847723704867
77 0.0447802197802 0.00553375196232 0.0251569858713 0.0392857142857 0.0322213500785 0.026726844584 0.0125981161695 0.0455651491366 0.118563579278 0.0408555729984 0.0141679748823 0.0228021978022 0.0392857142857 0.0447802197802 0.164089481947 0.037715855573 0.123273155416 0.0840266875981 0.00474882260597 0.0251569858713 0.0486656200942
78 0.0204474097331 0.00396389324961 0.657810047096 0.0322213500785 0.00396389324961 0.0691130298273 0.00239403453689 0.0078885400314 0.0298665620094 0.00945839874411 0.00239403453689 0.0259419152276 0.0180926216641 0.0110282574568 0.015737833595 0.0212323390895 0.0235871271586 0.00945839874411 0.000824175824176 0.00631868131868 0.0282574568289
79 0.0447802197802 0.000824175824176 0.0400706436421 0.0314364207221 0.0078885400314 0.0369309262166 0.0275117739403 0.0149529042386 0.188422291994 0.0125981161695 0.00474882260597 0.0361459968603 0.037715855573 0.0667582417582 0.252001569859 0.0675431711146 0.0392857142857 0.0259419152276 0.0078885400314 0.0243720565149 0.0321821036107
80 0.0228021978022 0.00160910518053 0.0322213500785 0.0196624803768 0.0832417582418 0.0306514913658 0.026726844584 0.00867346938776 0.0188775510204 0.0110282574568 0.00396389324961 0.0479199372057 0.0102433281005 0.0259419152276 0.0204474097331 0.0353610675039 0.0259419152276 0.0102433281005 0.0251569858713 0.499254317111 0.0400313971743
81 0.0180533751962 0.00313971742543 0.0973312401884 0.0211930926217 0.0125588697017 0.594191522763 0.0149136577708 0.00235478806907 0.0353218210361 0.00235478806907 0.00156985871272 0.063579277865 0.0094191522763 0.0259026687598 0.0259026687598 0.0282574568289 0.00784929356358 0.00470957613815 0.000784929356358 0.00156985871272 0.0290423861852
82 0.021978021978 0.00549450549451 0.0133437990581 0.0204081632653 0.00470957613815 0.0125588697017 0.0125588697017 0.0102040816327 0.0149136577708 0.0125588697017 0.00784929356358 0.0337519623234 0.010989010989 0.0156985871272 0.692307692308 0.0156985871272 0.0266875981162 0.021978021978 0.00470957613815 0.0094191522763 0.0321821036107
83 0.0596546310832 0.0141287284144 0.0149136577708 0.0266875981162 0.0572998430141 0.0094191522763 0.0156985871272 0.0996860282575 0.0243328100471 0.231554160126 0.021978021978 0.0164835164835 0.0384615384615 0.0274725274725 0.0211930926217 0.0345368916797 0.0894819466248 0.0989010989011 0.0235478806907 0.0518053375196 0.0227629513344
84 0.010989010989 0.00706436420722 0.00392464678179 0.0117739403454 0.0266875981162 0.00235478806907 0.00784929356358 0.113029827316 0.00470957613815 0.434850863422 0.0141287284144 0.00549450549451 0.0274725274725 0.0094191522763 0.0156985871272 0.0172684458399 0.0243328100471 0.21114599686 0.00549450549451 0.0227629513344 0.0235478806907
85 0.4568288854 0.0463108320251 0.0 0.00549450549451 0.00392464678179 0.240973312402 0.00156985871272 0.00313971742543 0.000784929356358 0.0149136577708 0.00392464678179 0.000784929356358 0.00156985871272 0.00392464678179 0.0565149136578 0.0313971742543 0.0117739403454 0.085557299843 0.0 0.00470957613815 0.0259026687598
86 0.032967032967 0.00706436420722 0.0572998430141 0.0627943485086 0.0353218210361 0.00549450549451 0.0541601255887 0.0549450549451 0.0361067503925 0.0486656200942 0.00784929356358 0.030612244898 0.00627943485086 0.0321821036107 0.0722135007849 0.052590266876 0.0934065934066 0.0706436420722 0.030612244898 0.194662480377 0.0141287284144
87 0.0290423861852 0.138147566719 0.00156985871272 0.00235478806907 0.0149136577708 0.00392464678179 0.0 0.163265306122 0.00156985871272 0.14442700157 0.0172684458399 0.00156985871272 0.00627943485086 0.00156985871272 0.00156985871272 0.00235478806907 0.00627943485086 0.446624803768 0.00235478806907 0.00156985871272 0.0133437990581
88 0.0282574568289 0.00313971742543 0.0149136577708 0.032967032967 0.155416012559 0.00784929356358 0.0196232339089 0.041601255887 0.030612244898 0.0572998430141 0.0172684458399 0.0102040816327 0.00470957613815 0.0211930926217 0.0620094191523 0.0455259026688 0.0627943485086 0.0510204081633 0.105965463108 0.214285714286 0.0133437990581
89 0.0918367346939 0.0235478806907 0.0196232339089 0.010989010989 0.032967032967 0.010989010989 0.0337519623234 0.0863422291994 0.0235478806907 0.199372056515 0.0141287284144 0.0290423861852 0.0172684458399 0.0149136577708 0.0502354788069 0.0376766091052 0.0565149136578 0.178178963893 0.00156985871272 0.0478806907378 0.0196232339089
90 0.0431711145997 0.000784929356358 0.251177394035 0.0714285714286 0.00392464678179 0.196232339089 0.0094191522763 0.00549450549451 0.0470957613815 0.0117739403454 0.00313971742543 0.115384615385 0.0557299843014 0.0298273155416 0.0321821036107 0.0478806907378 0.0180533751962 0.0094191522763 0.00313971742543 0.00470957613815 0.0400313971743
91 0.0345368916797 0.00470957613815 0.10125588697 0.0604395604396 0.00549450549451 0.401883830455 0.0102040816327 0.00156985871272 0.0722135007849 0.00706436420722 0.00313971742543 0.0753532182104 0.0117739403454 0.0211930926217 0.0431711145997 0.0376766091052 0.0274725274725 0.00863422291994 0.00470957613815 0.00784929356358 0.0596546310832
92 0.0400706436421 3.92464678179e-05 0.0306514913658 0.0785321821036 0.00474882260597 0.0604788069074 0.0149529042386 0.059693877551 0.0958006279435 0.0659733124019 0.015737833595 0.026726844584 0.00867346938776 0.0691130298273 0.120133437991 0.0204474097331 0.11385400314 0.0973704866562 0.00396389324961 0.0165227629513 0.0565149136578
93 0.00549450549451 0.0266875981162 0.305337519623 0.0298273155416 0.041601255887 0.00313971742543 0.00863422291994 0.0094191522763 0.00392464678179 0.103610675039 0.0345368916797 0.182888540031 0.0235478806907 0.00549450549451 0.0102040816327 0.116169544741 0.0266875981162 0.0117739403454 0.0180533751962 0.0125588697017 0.0204081632653
94 0.0368916797488 0.00313971742543 0.00784929356358 0.000784929356358 0.0533751962323 0.0 0.00235478806907 0.204866562009 0.000784929356358 0.328885400314 0.00863422291994 0.000784929356358 0.00627943485086 0.00156985871272 0.0 0.00313971742543 0.00627943485086 0.268445839874 0.00784929356358 0.0447409733124 0.0133437990581
95 0.160125588697 0.00706436420722 0.0094191522763 0.0180533751962 0.0 0.167189952904 0.00156985871272 0.00235478806907 0.00235478806907 0.00156985871272 0.000784929356358 0.394034536892 0.00313971742543 0.085557299843 0.00549450549451 0.108320251177 0.0149136577708 0.00156985871272 0.0 0.000784929356358 0.0156985871272
96 0.150706436421 0.0125588697017 0.0400313971743 0.214285714286 0.0117739403454 0.0235478806907 0.0172684458399 0.0266875981162 0.0510204081633 0.135007849294 0.00784929356358 0.0141287284144 0.00313971742543 0.0659340659341 0.0667189952904 0.0376766091052 0.0313971742543 0.0463108320251 0.000784929356358 0.0251177394035 0.0180533751962
97 0.120094191523 0.00156985871272 0.0376766091052 0.229984301413 0.0188383045526 0.0141287284144 0.0274725274725 0.0313971742543 0.0486656200942 0.0957613814757 0.0298273155416 0.00863422291994 0.00235478806907 0.0753532182104 0.0502354788069 0.0282574568289 0.0478806907378 0.0400313971743 0.0463108320251 0.0282574568289 0.0172684458399
98 0.0235478806907 0.000784929356358 0.000784929356358 0.00392464678179 0.00156985871272 0.00235478806907 0.000784929356358 0.0580847723705 0.000784929356358 0.538461538462 0.251962323391 0.0 0.000784929356358 0.0455259026688 0.000784929356358 0.00706436420722 0.00392464678179 0.0392464678179 0.0 0.000784929356358 0.0188383045526
99 0.0353218210361 0.00470957613815 0.0 0.0 0.000784929356358 0.00156985871272 0.0 0.193092621664 0.00470957613815 0.302197802198 0.0117739403454 0.000784929356358 0.0 0.00313971742543 0.00470957613815 0.00313971742543 0.010989010989 0.404238618524 0.0 0.000784929356358 0.0180533751962
100 0.124803767661 0.00156985871272 0.0266875981162 0.1852433281 0.00313971742543 0.0227629513344 0.00313971742543 0.00549450549451 0.151491365777 0.0251177394035 0.0094191522763 0.0196232339089 0.0 0.0572998430141 0.224489795918 0.0847723704867 0.0180533751962 0.0117739403454 0.00156985871272 0.00392464678179 0.0196232339089
101 0.147566718995 0.00235478806907 0.0502354788069 0.182888540031 0.00470957613815 0.0321821036107 0.0188383045526 0.00627943485086 0.0659340659341 0.041601255887 0.0102040816327 0.10989010989 0.0 0.0918367346939 0.0777080062794 0.0934065934066 0.0259026687598 0.0094191522763 0.000784929356358 0.00706436420722 0.0211930926217
102 0.00549450549451 0.000784929356358 0.00863422291994 0.00392464678179 0.0 0.927786499215 0.0 0.0 0.0117739403454 0.0 0.0 0.00392464678179 0.00313971742543 0.00235478806907 0.00156985871272 0.00627943485086 0.000784929356358 0.000784929356358 0.000784929356358 0.0 0.021978021978
103 0.0392464678179 0.00627943485086 0.00470957613815 0.00706436420722 0.0839874411303 0.00549450549451 0.0572998430141 0.010989010989 0.00627943485086 0.358712715856 0.0541601255887 0.0133437990581 0.0 0.0180533751962 0.00549450549451 0.00706436420722 0.00470957613815 0.0141287284144 0.0957613814757 0.182103610675 0.0251177394035
104 0.751177394035 0.00784929356358 0.000784929356358 0.0 0.000784929356358 0.085557299843 0.00156985871272 0.00313971742543 0.00156985871272 0.00706436420722 0.00313971742543 0.0 0.000784929356358 0.0 0.00156985871272 0.0266875981162 0.0156985871272 0.0627943485086 0.0 0.00235478806907 0.0274725274725
105 0.0259026687598 0.0094191522763 0.0102040816327 0.0533751962323 0.032967032967 0.00470957613815 0.0180533751962 0.0423861852433 0.0816326530612 0.0572998430141 0.0156985871272 0.0117739403454 0.00706436420722 0.0361067503925 0.180533751962 0.021978021978 0.0455259026688 0.0879120879121 0.0800627943485 0.0353218210361 0.142072213501
106 0.109105180534 0.0141287284144 0.0133437990581 0.0196232339089 0.0298273155416 0.00235478806907 0.0133437990581 0.0447409733124 0.00627943485086 0.0620094191523 0.00706436420722 0.00627943485086 0.074568288854 0.00235478806907 0.0172684458399 0.0125588697017 0.0298273155416 0.224489795918 0.0204081632653 0.0376766091052 0.252747252747
107 0.0949764521193 0.00627943485086 0.0470957613815 0.0211930926217 0.0298273155416 0.0164835164835 0.0290423861852 0.0172684458399 0.0290423861852 0.0384615384615 0.00863422291994 0.0384615384615 0.0117739403454 0.0172684458399 0.0423861852433 0.0384615384615 0.0321821036107 0.0447409733124 0.00706436420722 0.0996860282575 0.32967032967
108 0.0282574568289 0.00313971742543 0.0282574568289 0.032967032967 0.041601255887 0.0204081632653 0.00549450549451 0.0133437990581 0.0180533751962 0.0164835164835 0.00549450549451 0.0180533751962 0.0321821036107 0.0156985871272 0.0494505494505 0.0235478806907 0.0290423861852 0.0204081632653 0.041601255887 0.131868131868 0.42464678179
109 0.0667189952904 0.0 0.0612244897959 0.0337519623234 0.0266875981162 0.0313971742543 0.0313971742543 0.0580847723705 0.0455259026688 0.0266875981162 0.00706436420722 0.0141287284144 0.0690737833595 0.0172684458399 0.0478806907378 0.041601255887 0.0423861852433 0.0824175824176 0.00706436420722 0.0235478806907 0.266091051805
110 0.041601255887 0.00235478806907 0.0392464678179 0.0313971742543 0.0447409733124 0.0290423861852 0.0211930926217 0.0235478806907 0.0298273155416 0.0204081632653 0.00627943485086 0.0188383045526 0.0164835164835 0.0204081632653 0.0274725274725 0.0588697017268 0.0196232339089 0.0227629513344 0.0313971742543 0.216640502355 0.277864992151
111 0.0486656200942 0.00706436420722 0.0494505494505 0.043956043956 0.0172684458399 0.0604395604396 0.0141287284144 0.0172684458399 0.0384615384615 0.032967032967 0.00235478806907 0.0282574568289 0.103610675039 0.0290423861852 0.0588697017268 0.0737833594976 0.0518053375196 0.0188383045526 0.000784929356358 0.021978021978 0.281004709576
112 0.0486656200942 0.0094191522763 0.0518053375196 0.0282574568289 0.010989010989 0.0557299843014 0.0141287284144 0.0133437990581 0.0572998430141 0.0361067503925 0.00549450549451 0.030612244898 0.127943485086 0.0447409733124 0.0431711145997 0.0572998430141 0.0290423861852 0.0156985871272 0.00156985871272 0.0204081632653 0.298273155416
113 0.0368916797488 0.00235478806907 0.0816326530612 0.052590266876 0.0133437990581 0.0502354788069 0.0196232339089 0.00549450549451 0.0486656200942 0.0133437990581 0.00392464678179 0.125588697017 0.0384615384615 0.0235478806907 0.0400313971743 0.0502354788069 0.0196232339089 0.00549450549451 0.00235478806907 0.0361067503925 0.330455259027
114 0.0376766091052 0.0141287284144 0.0510204081633 0.0266875981162 0.0384615384615 0.0243328100471 0.0149136577708 0.0156985871272 0.032967032967 0.0549450549451 0.010989010989 0.0298273155416 0.0337519623234 0.021978021978 0.0211930926217 0.0588697017268 0.0643642072214 0.0353218210361 0.00392464678179 0.0384615384615 0.370486656201
115 0.0659340659341 0.00392464678179 0.0580847723705 0.0502354788069 0.00549450549451 0.0282574568289 0.010989010989 0.00784929356358 0.108320251177 0.0290423861852 0.00863422291994 0.0259026687598 0.063579277865 0.0243328100471 0.052590266876 0.0729984301413 0.041601255887 0.0149136577708 0.00313971742543 0.00549450549451 0.318681318681
116 0.0235478806907 0.0313971742543 0.0368916797488 0.0313971742543 0.0494505494505 0.0274725274725 0.0274725274725 0.0188383045526 0.032967032967 0.0533751962323 0.0102040816327 0.0204081632653 0.0149136577708 0.0196232339089 0.0470957613815 0.0274725274725 0.0180533751962 0.0204081632653 0.00784929356358 0.211930926217 0.269230769231
117 0.0863422291994 0.0211930926217 0.0337519623234 0.0337519623234 0.0235478806907 0.0353218210361 0.0251177394035 0.0282574568289 0.0400313971743 0.0698587127159 0.0141287284144 0.0172684458399 0.0149136577708 0.0368916797488 0.0784929356358 0.0588697017268 0.0321821036107 0.0313971742543 0.0117739403454 0.052590266876 0.25431711146
118 0.0800627943485 0.00313971742543 0.110675039246 0.0989010989011 0.00392464678179 0.0533751962323 0.0164835164835 0.00235478806907 0.0675039246468 0.0196232339089 0.00549450549451 0.0447409733124 0.0533751962323 0.0541601255887 0.0368916797488 0.0580847723705 0.0345368916797 0.0133437990581 0.00313971742543 0.00784929356358 0.232339089482
119 0.105965463108 0.0141287284144 0.0604395604396 0.125588697017 0.00706436420722 0.0243328100471 0.0125588697017 0.021978021978 0.0627943485086 0.0478806907378 0.00784929356358 0.0188383045526 0.0251177394035 0.0612244897959 0.0989010989011 0.0368916797488 0.0243328100471 0.0243328100471 0.00549450549451 0.021978021978 0.192307692308
