POS A C D E F G H I K L M N P Q R S T V W Y -
1 0.000914913083257 0.0 0.000914913083257 0.000914913083257 0.0 0.00274473924977 0.0 0.00548947849954 0.00182982616651 0.0155535224154 0.0219579139982 0.0173833485819 0.0064043915828 0.000914913083257 0.0 0.00274473924977 0.0 0.00274473924977 0.0 0.000914913083257 0.91857273559
2 0.0192131747484 0.000914913083257 0.0265324794145 0.0311070448307 0.000914913083257 0.00914913083257 0.0109789569991 0.0109789569991 0.0128087831656 0.00823421774931 0.0329368709973 0.0247026532479 0.0466605672461 0.0173833485819 0.0137236962489 0.0375114364135 0.0164684354986 0.00914913083257 0.0 0.00182982616651 0.668801463861
3 0.0201280878317 0.0 0.0713632204941 0.0393412625801 0.0064043915828 0.132662397072 0.0109789569991 0.00548947849954 0.0347666971638 0.0118938700823 0.0201280878317 0.0475754803294 0.0457456541629 0.0173833485819 0.0274473924977 0.0375114364135 0.0375114364135 0.00457456541629 0.000914913083257 0.0100640439158 0.418115279048
4 0.0485361390668 0.0183440073193 0.0576852698994 0.0467063129003 0.0293229643184 0.0311527904849 0.0256633119854 0.0155992680695 0.0366422689844 0.0220036596523 0.0210887465691 0.0293229643184 0.0311527904849 0.0220036596523 0.0320677035682 0.0512808783166 0.0787282708143 0.0256633119854 0.04945105215 0.0256633119854 0.301921317475
5 0.0329368709973 0.0109789569991 0.00365965233303 0.00548947849954 0.0420860018298 0.0064043915828 0.00823421774931 0.128087831656 0.00914913083257 0.179322964318 0.0292772186642 0.00914913083257 0.0155535224154 0.0100640439158 0.0146386093321 0.0128087831656 0.0439158279963 0.138151875572 0.0301921317475 0.0494053064959 0.220494053065
6 0.0301921317475 0.0118938700823 0.0182982616651 0.0292772186642 0.0118938700823 0.00548947849954 0.0384263494968 0.0878316559927 0.167429094236 0.0448307410796 0.0064043915828 0.0265324794145 0.00457456541629 0.0201280878317 0.0439158279963 0.0311070448307 0.0951509606587 0.134492223239 0.0064043915828 0.0247026532479 0.161024702653
7 0.0631290027447 0.060384263495 0.0 0.00548947849954 0.0558096980787 0.00731930466606 0.000914913083257 0.232387923147 0.000914913083257 0.153705397987 0.0182982616651 0.00457456541629 0.00182982616651 0.0 0.00365965233303 0.00365965233303 0.0064043915828 0.20494053065 0.0155535224154 0.0201280878317 0.140896614822
8 0.0484903934126 0.00457456541629 0.00457456541629 0.00914913083257 0.170173833486 0.00731930466606 0.0210430009149 0.0219579139982 0.00823421774931 0.0128087831656 0.0064043915828 0.138151875572 0.00274473924977 0.0128087831656 0.0100640439158 0.0237877401647 0.0210430009149 0.0109789569991 0.0393412625801 0.292772186642 0.133577310156
9 0.0301921317475 0.0475754803294 0.0064043915828 0.0064043915828 0.0704483074108 0.0118938700823 0.000914913083257 0.0731930466606 0.00365965233303 0.0228728270814 0.0146386093321 0.000914913083257 0.00365965233303 0.00365965233303 0.00274473924977 0.0722781335773 0.342177493138 0.153705397987 0.00182982616651 0.00548947849954 0.125343092406
10 0.0293229643184 0.00827996340348 0.690805123513 0.0146843549863 0.00096065873742 0.0210887465691 0.0146843549863 0.00462031107045 0.01010978957 0.00279048490393 0.00645013723696 0.0247483989021 0.00370539798719 0.00187557182068 0.0110247026532 0.0201738334858 0.00827996340348 0.00370539798719 4.57456541629e-05 0.00279048490393 0.119853613907
11 0.209515096066 0.00365965233303 0.00274473924977 0.0064043915828 0.000914913083257 0.529734675206 0.00365965233303 0.00182982616651 0.00365965233303 0.00457456541629 0.00457456541629 0.0118938700823 0.00365965233303 0.00182982616651 0.0137236962489 0.0292772186642 0.0210430009149 0.0228728270814 0.0 0.00365965233303 0.12076852699
12 0.153705397987 0.0173833485819 0.00365965233303 0.00457456541629 0.00823421774931 0.0567246111619 0.0064043915828 0.0118938700823 0.0064043915828 0.0164684354986 0.00274473924977 0.00914913083257 0.0100640439158 0.00457456541629 0.0109789569991 0.493138151876 0.028362305581 0.0256175663312 0.00274473924977 0.00731930466606 0.119853613907
13 0.0650045745654 0.100686184812 0.0119396157365 0.00827996340348 0.0833028362306 0.0247483989021 0.0165141811528 0.0210887465691 0.0576852698994 0.038472095151 0.0155992680695 0.00462031107045 0.00736505032022 0.00919487648673 0.0403019213175 0.0897072278134 0.0366422689844 0.0732387923147 0.0595150960659 0.0650045745654 0.171088746569
14 0.0247483989021 0.0146843549863 0.0576852698994 0.0293229643184 0.0293229643184 0.0146843549863 0.0403019213175 0.0549405306496 0.0851326623971 0.077813357731 0.01010978957 0.0558554437328 0.0155992680695 0.0256633119854 0.116239707228 0.0686642268984 0.0439615736505 0.0311527904849 0.00187557182068 0.0265782250686 0.175663311985
15 0.0467063129003 0.00919487648673 0.0348124428179 0.0567703568161 0.00462031107045 0.106175663312 0.0293229643184 0.0201738334858 0.0787282708143 0.0247483989021 0.00370539798719 0.0732387923147 0.0860475754803 0.0357273559012 0.0467063129003 0.0787282708143 0.0293229643184 0.038472095151 0.00827996340348 0.0201738334858 0.168344007319
16 0.0320677035682 0.00553522415371 0.0622598353156 0.0549405306496 0.00827996340348 0.0714089661482 0.0256633119854 0.0110247026532 0.0604300091491 0.0192589204026 0.00553522415371 0.161985361391 0.0274931381519 0.0338975297347 0.0393870082342 0.0787282708143 0.0329826166514 0.0201738334858 0.00553522415371 0.0146843549863 0.228728270814
17 0.0466605672461 0.00731930466606 0.0393412625801 0.0365965233303 0.0064043915828 0.126258005489 0.0164684354986 0.00548947849954 0.0466605672461 0.0173833485819 0.00182982616651 0.0439158279963 0.0814272644099 0.0365965233303 0.0393412625801 0.0741079597438 0.0713632204941 0.0118938700823 0.00274473924977 0.0064043915828 0.281793229643
18 0.0329368709973 0.00548947849954 0.0375114364135 0.0292772186642 0.00823421774931 0.225983531565 0.0164684354986 0.00914913083257 0.0539798719122 0.0237877401647 0.00823421774931 0.0530649588289 0.0173833485819 0.028362305581 0.0585544373285 0.0521500457457 0.0311070448307 0.0128087831656 0.00548947849954 0.0064043915828 0.28362305581
19 0.0667886550778 0.0146386093321 0.0247026532479 0.0365965233303 0.0182982616651 0.0484903934126 0.0247026532479 0.0393412625801 0.0823421774931 0.035681610247 0.0100640439158 0.0247026532479 0.0594693504117 0.035681610247 0.0786825251601 0.0585544373285 0.0338517840805 0.0594693504117 0.00365965233303 0.0137236962489 0.230558096981
20 0.195791399817 0.0210430009149 0.0128087831656 0.0155535224154 0.0155535224154 0.174748398902 0.00823421774931 0.0411710887466 0.0192131747484 0.0237877401647 0.0247026532479 0.0219579139982 0.00823421774931 0.00548947849954 0.0237877401647 0.0878316559927 0.0558096980787 0.0695333943275 0.00274473924977 0.0192131747484 0.152790484904
21 0.131747483989 0.0118938700823 0.00731930466606 0.0118938700823 0.0064043915828 0.494967978042 0.00457456541629 0.0064043915828 0.0173833485819 0.0064043915828 0.00182982616651 0.0155535224154 0.00457456541629 0.00823421774931 0.0228728270814 0.0695333943275 0.0228728270814 0.0192131747484 0.00731930466606 0.00823421774931 0.12076852699
22 0.143641354071 0.0567246111619 0.00182982616651 0.00365965233303 0.064043915828 0.0256175663312 0.00914913083257 0.114364135407 0.0118938700823 0.0576395242452 0.0210430009149 0.00182982616651 0.00274473924977 0.00548947849954 0.0100640439158 0.0503202195791 0.0338517840805 0.0805123513266 0.0988106129918 0.0878316559927 0.118938700823
23 0.227813357731 0.0064043915828 0.0064043915828 0.00731930466606 0.00274473924977 0.487648673376 0.0 0.0064043915828 0.00365965233303 0.00457456541629 0.00365965233303 0.00274473924977 0.0064043915828 0.00731930466606 0.0237877401647 0.0539798719122 0.0118938700823 0.0210430009149 0.00182982616651 0.00274473924977 0.111619396157
24 0.137236962489 0.0347666971638 0.00182982616651 0.000914913083257 0.0814272644099 0.111619396157 0.0 0.0978956999085 0.000914913083257 0.0375114364135 0.0109789569991 0.000914913083257 0.00457456541629 0.000914913083257 0.0064043915828 0.0274473924977 0.0146386093321 0.177493138152 0.0768526989936 0.0658737419945 0.109789569991
25 0.106129917658 0.0210430009149 0.000914913083257 0.00365965233303 0.0530649588289 0.0128087831656 0.00914913083257 0.145471180238 0.0100640439158 0.0786825251601 0.0128087831656 0.00365965233303 0.000914913083257 0.00731930466606 0.00548947849954 0.0247026532479 0.0347666971638 0.270814272644 0.0219579139982 0.0631290027447 0.113449222324
26 0.0759377859103 0.0347666971638 0.00914913083257 0.00731930466606 0.0695333943275 0.0494053064959 0.00914913083257 0.171088746569 0.0100640439158 0.141811527905 0.0137236962489 0.00457456541629 0.00365965233303 0.00731930466606 0.0237877401647 0.0329368709973 0.0182982616651 0.140896614822 0.032021957914 0.032021957914 0.112534309241
27 0.0265324794145 0.0164684354986 0.00823421774931 0.0484903934126 0.035681610247 0.0420860018298 0.0219579139982 0.0420860018298 0.0457456541629 0.0530649588289 0.00914913083257 0.0155535224154 0.0484903934126 0.0338517840805 0.183897529735 0.0430009149131 0.0439158279963 0.0978956999085 0.0155535224154 0.0594693504117 0.108874656908
28 0.032021957914 0.0118938700823 0.183897529735 0.035681610247 0.0274473924977 0.0420860018298 0.032021957914 0.0311070448307 0.0329368709973 0.0292772186642 0.00365965233303 0.0896614821592 0.0347666971638 0.0329368709973 0.0365965233303 0.0841720036597 0.0448307410796 0.0237877401647 0.0164684354986 0.0539798719122 0.12076852699
29 0.0292772186642 0.0064043915828 0.105215004575 0.0585544373285 0.0128087831656 0.180237877402 0.0265324794145 0.0118938700823 0.0448307410796 0.0210430009149 0.00457456541629 0.092406221409 0.0667886550778 0.0338517840805 0.0384263494968 0.0612991765782 0.0448307410796 0.0146386093321 0.00365965233303 0.00914913083257 0.133577310156
30 0.035681610247 0.00457456541629 0.0731930466606 0.067703568161 0.00731930466606 0.260750228728 0.028362305581 0.0109789569991 0.0539798719122 0.0182982616651 0.0064043915828 0.0567246111619 0.0228728270814 0.0384263494968 0.0375114364135 0.0594693504117 0.032021957914 0.0164684354986 0.00548947849954 0.00457456541629 0.159194876487
31 0.0384263494968 0.0137236962489 0.0457456541629 0.0832570905764 0.0558096980787 0.0365965233303 0.0402561756633 0.0384263494968 0.0521500457457 0.0411710887466 0.0192131747484 0.0219579139982 0.0237877401647 0.0411710887466 0.0530649588289 0.0612991765782 0.0466605672461 0.067703568161 0.0430009149131 0.0155535224154 0.161024702653
32 0.035681610247 0.0173833485819 0.0219579139982 0.0631290027447 0.0365965233303 0.0228728270814 0.0219579139982 0.0951509606587 0.0411710887466 0.0814272644099 0.0137236962489 0.0247026532479 0.060384263495 0.0301921317475 0.0512351326624 0.0457456541629 0.0329368709973 0.107959743824 0.0201280878317 0.0292772186642 0.146386093321
33 0.0612991765782 0.0155535224154 0.0173833485819 0.0448307410796 0.0311070448307 0.0466605672461 0.028362305581 0.0786825251601 0.0704483074108 0.110704483074 0.0201280878317 0.0256175663312 0.00914913083257 0.0301921317475 0.0686184812443 0.0439158279963 0.0420860018298 0.0539798719122 0.0201280878317 0.0466605672461 0.134492223239
34 0.0896614821592 0.0109789569991 0.0301921317475 0.0795974382434 0.0228728270814 0.0841720036597 0.0375114364135 0.032021957914 0.035681610247 0.0521500457457 0.0173833485819 0.0786825251601 0.0182982616651 0.0457456541629 0.0530649588289 0.064043915828 0.0521500457457 0.0430009149131 0.0100640439158 0.0146386093321 0.128087831656
35 0.0887465690759 0.0219579139982 0.0109789569991 0.0301921317475 0.122598353156 0.0430009149131 0.0219579139982 0.0768526989936 0.0329368709973 0.0860018298262 0.0228728270814 0.0146386093321 0.0118938700823 0.0228728270814 0.0311070448307 0.0548947849954 0.0439158279963 0.0558096980787 0.0311070448307 0.0548947849954 0.12076852699
36 0.126258005489 0.0146386093321 0.0173833485819 0.0292772186642 0.0311070448307 0.0786825251601 0.0292772186642 0.0155535224154 0.0612991765782 0.0393412625801 0.00823421774931 0.0210430009149 0.0201280878317 0.0311070448307 0.0539798719122 0.201280878317 0.0365965233303 0.0247026532479 0.0109789569991 0.0402561756633 0.108874656908
37 0.0576395242452 0.0173833485819 0.0182982616651 0.0420860018298 0.0311070448307 0.148215919488 0.0164684354986 0.0338517840805 0.0686184812443 0.0768526989936 0.00823421774931 0.0192131747484 0.0576395242452 0.0265324794145 0.0795974382434 0.0576395242452 0.0311070448307 0.0521500457457 0.0192131747484 0.0256175663312 0.112534309241
38 0.0530649588289 0.0201280878317 0.032021957914 0.032021957914 0.0301921317475 0.0759377859103 0.0210430009149 0.0539798719122 0.0567246111619 0.103385178408 0.0164684354986 0.0338517840805 0.0686184812443 0.0192131747484 0.0466605672461 0.0814272644099 0.0420860018298 0.0494053064959 0.00274473924977 0.035681610247 0.125343092406
39 0.0411710887466 0.0256175663312 0.0457456541629 0.0832570905764 0.0393412625801 0.0576395242452 0.0247026532479 0.0548947849954 0.0347666971638 0.12076852699 0.0100640439158 0.0292772186642 0.0695333943275 0.0201280878317 0.0567246111619 0.0548947849954 0.0411710887466 0.0622140896615 0.00548947849954 0.0256175663312 0.0969807868253
40 0.0540256175663 0.01010978957 0.0567703568161 0.0567703568161 0.0311527904849 0.157410795974 0.0357273559012 0.0210887465691 0.045791399817 0.0375571820677 0.00736505032022 0.045791399817 0.0887923147301 0.0329826166514 0.0485361390668 0.0576852698994 0.0485361390668 0.0201738334858 0.00279048490393 0.017429094236 0.12351326624
41 0.0612991765782 0.0347666971638 0.0512351326624 0.0612991765782 0.0265324794145 0.0530649588289 0.0384263494968 0.0558096980787 0.0475754803294 0.0530649588289 0.0118938700823 0.0512351326624 0.0439158279963 0.0338517840805 0.0439158279963 0.0530649588289 0.0494053064959 0.0631290027447 0.00731930466606 0.0274473924977 0.131747483989
42 0.109789569991 0.0466605672461 0.0182982616651 0.0247026532479 0.0146386093321 0.0585544373285 0.0347666971638 0.0247026532479 0.0311070448307 0.0585544373285 0.0201280878317 0.0292772186642 0.0484903934126 0.0649588289113 0.035681610247 0.0988106129918 0.107044830741 0.0448307410796 0.0146386093321 0.0237877401647 0.0905763952425
43 0.0192131747484 0.0137236962489 0.0887465690759 0.0256175663312 0.00731930466606 0.0237877401647 0.0219579139982 0.0100640439158 0.0155535224154 0.0146386093321 0.0064043915828 0.0759377859103 0.0155535224154 0.0100640439158 0.0192131747484 0.268984446478 0.269899359561 0.00365965233303 0.00182982616651 0.00548947849954 0.0823421774931
44 0.117108874657 0.00365965233303 0.00457456541629 0.0182982616651 0.00548947849954 0.0164684354986 0.0109789569991 0.104300091491 0.0128087831656 0.0182982616651 0.00365965233303 0.185727355901 0.0759377859103 0.0173833485819 0.0164684354986 0.156450137237 0.0256175663312 0.11527904849 0.0 0.00731930466606 0.0841720036597
45 0.035681610247 0.0064043915828 0.0237877401647 0.0265324794145 0.0933211344922 0.0192131747484 0.035681610247 0.0365965233303 0.0164684354986 0.106129917658 0.0192131747484 0.195791399817 0.0137236962489 0.0832570905764 0.0192131747484 0.0347666971638 0.0585544373285 0.032021957914 0.00182982616651 0.060384263495 0.0814272644099
46 0.0631290027447 0.00823421774931 0.0612991765782 0.12351326624 0.0237877401647 0.0228728270814 0.0329368709973 0.0475754803294 0.028362305581 0.0411710887466 0.0274473924977 0.0128087831656 0.00731930466606 0.0814272644099 0.108874656908 0.0338517840805 0.0768526989936 0.0777676120769 0.0146386093321 0.0292772186642 0.0768526989936
47 0.518755718207 0.0247026532479 0.00274473924977 0.00731930466606 0.0064043915828 0.0914913083257 0.00274473924977 0.0100640439158 0.0128087831656 0.060384263495 0.0393412625801 0.00274473924977 0.00914913083257 0.00182982616651 0.0173833485819 0.0457456541629 0.0375114364135 0.0430009149131 0.0 0.00274473924977 0.0631290027447
48 0.013769441903 0.00187557182068 0.0165141811528 0.783211344922 4.57456541629e-05 0.0146843549863 0.00462031107045 0.00462031107045 0.0320677035682 0.00919487648673 0.00096065873742 0.00553522415371 0.00370539798719 0.0119396157365 0.00462031107045 0.00553522415371 0.0110247026532 0.01010978957 0.00187557182068 0.00370539798719 0.060384263495
49 0.129917657823 0.0155535224154 0.000914913083257 0.0137236962489 0.0384263494968 0.00731930466606 0.00274473924977 0.100640439158 0.00365965233303 0.384263494968 0.0420860018298 0.000914913083257 0.00365965233303 0.00823421774931 0.00365965233303 0.0128087831656 0.0301921317475 0.0539798719122 0.0109789569991 0.0786825251601 0.0576395242452
50 0.0814272644099 0.0182982616651 0.00457456541629 0.0869167429094 0.0338517840805 0.0128087831656 0.0274473924977 0.0576395242452 0.0347666971638 0.166514181153 0.0695333943275 0.0118938700823 0.00274473924977 0.0512351326624 0.0585544373285 0.035681610247 0.0466605672461 0.0713632204941 0.0237877401647 0.0530649588289 0.0512351326624
51 0.68252516011 0.00731930466606 0.00365965233303 0.00457456541629 0.00182982616651 0.139981701738 0.00182982616651 0.00457456541629 0.00274473924977 0.00457456541629 0.00365965233303 0.000914913083257 0.0064043915828 0.00182982616651 0.00274473924977 0.0393412625801 0.0201280878317 0.0228728270814 0.0 0.000914913083257 0.0475754803294
52 0.102470265325 0.0457456541629 0.00365965233303 0.00457456541629 0.0292772186642 0.00731930466606 0.00182982616651 0.311985361391 0.0 0.221408966148 0.0393412625801 0.00365965233303 0.000914913083257 0.000914913083257 0.00182982616651 0.00731930466606 0.0118938700823 0.155535224154 0.000914913083257 0.00365965233303 0.0457456541629
53 0.0713632204941 0.0192131747484 0.0118938700823 0.028362305581 0.0274473924977 0.0137236962489 0.0182982616651 0.142726440988 0.0585544373285 0.23879231473 0.0164684354986 0.0192131747484 0.000914913083257 0.0219579139982 0.0722781335773 0.0274473924977 0.0347666971638 0.0631290027447 0.0155535224154 0.0548947849954 0.0430009149131
54 0.0832570905764 0.0137236962489 0.0365965233303 0.128087831656 0.035681610247 0.0137236962489 0.0539798719122 0.032021957914 0.0887465690759 0.108874656908 0.0503202195791 0.0329368709973 0.00457456541629 0.0475754803294 0.0686184812443 0.0292772186642 0.0301921317475 0.0274473924977 0.0301921317475 0.0439158279963 0.0402561756633
55 0.523330283623 0.0210430009149 0.00457456541629 0.00731930466606 0.00365965233303 0.228728270814 0.000914913083257 0.00731930466606 0.0 0.0265324794145 0.00274473924977 0.00457456541629 0.0 0.00274473924977 0.00731930466606 0.0402561756633 0.0292772186642 0.0448307410796 0.00182982616651 0.000914913083257 0.0420860018298
56 0.035681610247 0.0100640439158 0.000914913083257 0.00365965233303 0.0311070448307 0.0 0.00548947849954 0.139981701738 0.00274473924977 0.52516010979 0.0530649588289 0.000914913083257 0.00274473924977 0.00182982616651 0.00274473924977 0.0064043915828 0.0137236962489 0.11527904849 0.0 0.0064043915828 0.0420860018298
57 0.0311070448307 0.0100640439158 0.0475754803294 0.180237877402 0.0064043915828 0.0228728270814 0.0274473924977 0.0192131747484 0.142726440988 0.067703568161 0.0109789569991 0.0347666971638 0.00365965233303 0.0988106129918 0.119853613907 0.0667886550778 0.0301921317475 0.0182982616651 0.00457456541629 0.0137236962489 0.0430009149131
58 0.0704483074108 0.0173833485819 0.0219579139982 0.0247026532479 0.0411710887466 0.00731930466606 0.0457456541629 0.0823421774931 0.0448307410796 0.159194876487 0.0365965233303 0.0173833485819 0.000914913083257 0.0375114364135 0.0631290027447 0.060384263495 0.0521500457457 0.0521500457457 0.0622140896615 0.0530649588289 0.0494053064959
59 0.329414455627 0.0375571820677 0.00645013723696 0.00462031107045 0.0512808783166 0.0229185727356 0.0146843549863 0.101601097896 0.00187557182068 0.152836230558 0.0265782250686 0.00736505032022 0.00370539798719 0.00370539798719 0.0110247026532 0.0183440073193 0.0430466605672 0.0924519670631 0.00553522415371 0.00919487648673 0.0558096980787
60 0.064043915828 0.0128087831656 0.0265324794145 0.0494053064959 0.0173833485819 0.0292772186642 0.0311070448307 0.060384263495 0.0914913083257 0.109789569991 0.0192131747484 0.0375114364135 0.0704483074108 0.0521500457457 0.0713632204941 0.0475754803294 0.0365965233303 0.0530649588289 0.035681610247 0.0146386093321 0.0695333943275
61 0.0448307410796 0.0137236962489 0.0622140896615 0.0649588289113 0.0109789569991 0.179322964318 0.0237877401647 0.0128087831656 0.0750228728271 0.0301921317475 0.00823421774931 0.0795974382434 0.0539798719122 0.0466605672461 0.0805123513266 0.0667886550778 0.0301921317475 0.0173833485819 0.0064043915828 0.00914913083257 0.0832570905764
62 0.0503202195791 0.0237877401647 0.0722781335773 0.0301921317475 0.0759377859103 0.0686184812443 0.0265324794145 0.0768526989936 0.0274473924977 0.0768526989936 0.0128087831656 0.0567246111619 0.060384263495 0.0173833485819 0.0411710887466 0.0439158279963 0.0338517840805 0.0576395242452 0.0201280878317 0.0548947849954 0.0722781335773
63 0.0466605672461 0.0301921317475 0.0548947849954 0.0567246111619 0.0173833485819 0.0430009149131 0.035681610247 0.0128087831656 0.104300091491 0.0292772186642 0.0100640439158 0.0466605672461 0.0228728270814 0.0759377859103 0.126258005489 0.0841720036597 0.096065873742 0.0329368709973 0.00274473924977 0.0100640439158 0.0612991765782
64 0.0274473924977 0.0128087831656 0.0567246111619 0.0741079597438 0.00731930466606 0.0256175663312 0.0649588289113 0.0164684354986 0.131747483989 0.0118938700823 0.00548947849954 0.0969807868253 0.0887465690759 0.0420860018298 0.117108874657 0.0795974382434 0.0631290027447 0.0292772186642 0.00457456541629 0.0100640439158 0.0338517840805
65 0.0576395242452 0.00823421774931 0.00823421774931 0.00274473924977 0.0384263494968 0.0109789569991 0.00365965233303 0.232387923147 0.00365965233303 0.228728270814 0.0173833485819 0.00365965233303 0.00365965233303 0.00365965233303 0.00548947849954 0.00823421774931 0.0274473924977 0.272644098811 0.00823421774931 0.0192131747484 0.035681610247
66 0.0384263494968 0.0182982616651 0.0237877401647 0.0658737419945 0.0274473924977 0.0 0.0466605672461 0.16010978957 0.028362305581 0.0841720036597 0.0146386093321 0.0420860018298 0.0064043915828 0.0274473924977 0.0393412625801 0.0228728270814 0.11527904849 0.161024702653 0.0219579139982 0.0219579139982 0.0338517840805
67 0.0155535224154 0.0210430009149 0.00274473924977 0.00274473924977 0.0805123513266 0.00182982616651 0.00274473924977 0.441903019213 0.00365965233303 0.143641354071 0.0128087831656 0.000914913083257 0.00274473924977 0.00457456541629 0.0064043915828 0.00548947849954 0.00548947849954 0.20494053065 0.000914913083257 0.00731930466606 0.032021957914
68 0.0420860018298 0.0338517840805 0.0064043915828 0.144556267155 0.141811527905 0.0109789569991 0.0411710887466 0.0430009149131 0.0430009149131 0.0914913083257 0.0128087831656 0.0118938700823 0.00274473924977 0.0219579139982 0.0622140896615 0.0137236962489 0.00365965233303 0.0658737419945 0.0173833485819 0.155535224154 0.0338517840805
69 0.0301921317475 0.0420860018298 0.00182982616651 0.0064043915828 0.00548947849954 0.0695333943275 0.0128087831656 0.0301921317475 0.00365965233303 0.0347666971638 0.0210430009149 0.00914913083257 0.00274473924977 0.00274473924977 0.00823421774931 0.269899359561 0.360475754803 0.0347666971638 0.00457456541629 0.0137236962489 0.035681610247
70 0.0064043915828 0.00274473924977 0.767612076853 0.0201280878317 0.000914913083257 0.0100640439158 0.0109789569991 0.00274473924977 0.00823421774931 0.00274473924977 0.00182982616651 0.0402561756633 0.00548947849954 0.000914913083257 0.0164684354986 0.0347666971638 0.0164684354986 0.0064043915828 0.0 0.00548947849954 0.0393412625801
71 0.032021957914 0.12351326624 0.0182982616651 0.0109789569991 0.0109789569991 0.00457456541629 0.0064043915828 0.00365965233303 0.0 0.0164684354986 0.00182982616651 0.129917657823 0.00548947849954 0.00365965233303 0.00365965233303 0.539798719122 0.0064043915828 0.0064043915828 0.0 0.0192131747484 0.0567246111619
72 0.0548947849954 0.00731930466606 0.0301921317475 0.0741079597438 0.00731930466606 0.0128087831656 0.00914913083257 0.0247026532479 0.144556267155 0.117108874657 0.0265324794145 0.0247026532479 0.00914913083257 0.174748398902 0.0805123513266 0.0622140896615 0.0539798719122 0.0164684354986 0.00457456541629 0.0064043915828 0.0585544373285
73 0.113449222324 0.000914913083257 0.035681610247 0.0411710887466 0.0411710887466 0.0301921317475 0.0137236962489 0.0256175663312 0.0155535224154 0.0860018298262 0.0173833485819 0.0475754803294 0.0201280878317 0.0301921317475 0.0201280878317 0.126258005489 0.0695333943275 0.0448307410796 0.0118938700823 0.145471180238 0.0631290027447
74 0.247026532479 0.0192131747484 0.00182982616651 0.00457456541629 0.0109789569991 0.00914913083257 0.0 0.0841720036597 0.0 0.167429094236 0.0192131747484 0.00914913083257 0.000914913083257 0.000914913083257 0.00274473924977 0.0512351326624 0.0375114364135 0.264409881061 0.000914913083257 0.00182982616651 0.0667886550778
75 0.064043915828 0.0219579139982 0.00365965233303 0.0118938700823 0.0265324794145 0.00548947849954 0.00274473924977 0.24153705398 0.0155535224154 0.190301921317 0.0274473924977 0.0064043915828 0.00365965233303 0.0146386093321 0.0146386093321 0.0173833485819 0.0201280878317 0.233302836231 0.00365965233303 0.028362305581 0.0466605672461
76 0.0494053064959 0.00365965233303 0.102470265325 0.0768526989936 0.00457456541629 0.0484903934126 0.028362305581 0.0100640439158 0.113449222324 0.0292772186642 0.0173833485819 0.117108874657 0.00457456541629 0.104300091491 0.0878316559927 0.0759377859103 0.0384263494968 0.0118938700823 0.00457456541629 0.0192131747484 0.0521500457457
77 0.159194876487 0.0484903934126 0.0146386093321 0.0201280878317 0.0210430009149 0.0777676120769 0.0256175663312 0.0512351326624 0.028362305581 0.0795974382434 0.0375114364135 0.0329368709973 0.000914913083257 0.067703568161 0.0311070448307 0.0942360475755 0.0548947849954 0.0430009149131 0.0192131747484 0.0219579139982 0.0704483074108
78 0.0466605672461 0.0164684354986 0.000914913083257 0.00365965233303 0.0594693504117 0.00457456541629 0.0064043915828 0.229643183898 0.00182982616651 0.31473010064 0.0530649588289 0.00365965233303 0.00548947849954 0.00457456541629 0.00457456541629 0.0109789569991 0.0164684354986 0.125343092406 0.00914913083257 0.0155535224154 0.0667886550778
79 0.064043915828 0.0146386093321 0.032021957914 0.0475754803294 0.0109789569991 0.0274473924977 0.0256175663312 0.0155535224154 0.0869167429094 0.0466605672461 0.0100640439158 0.139981701738 0.0109789569991 0.0878316559927 0.0713632204941 0.0814272644099 0.11527904849 0.0182982616651 0.00457456541629 0.0118938700823 0.0768526989936
80 0.0347666971638 0.0100640439158 0.0594693504117 0.0548947849954 0.00823421774931 0.114364135407 0.0219579139982 0.0128087831656 0.11527904849 0.0164684354986 0.00365965233303 0.0969807868253 0.0064043915828 0.0347666971638 0.0759377859103 0.105215004575 0.0365965233303 0.0128087831656 0.0 0.0118938700823 0.167429094236
81 0.0201280878317 0.00823421774931 0.0219579139982 0.0100640439158 0.0219579139982 0.0265324794145 0.0182982616651 0.0100640439158 0.0256175663312 0.028362305581 0.00457456541629 0.0173833485819 0.0210430009149 0.0182982616651 0.0384263494968 0.0228728270814 0.0137236962489 0.0100640439158 0.11802378774 0.0274473924977 0.51692589204
82 0.0274931381519 0.0110247026532 0.0110247026532 0.00919487648673 0.01010978957 0.017429094236 0.00553522415371 0.0558554437328 0.017429094236 0.106175663312 0.0220036596523 0.00462031107045 0.0165141811528 0.0110247026532 0.0229185727356 0.0201738334858 0.01010978957 0.0302378774016 0.00096065873742 0.017429094236 0.572735590119
83 0.0256175663312 0.00274473924977 0.032021957914 0.0494053064959 0.0109789569991 0.0182982616651 0.0182982616651 0.0064043915828 0.0311070448307 0.0173833485819 0.0064043915828 0.0247026532479 0.0439158279963 0.0201280878317 0.0247026532479 0.035681610247 0.0237877401647 0.0128087831656 0.00914913083257 0.0109789569991 0.575480329369
84 0.0146386093321 0.00182982616651 0.0164684354986 0.0329368709973 0.00182982616651 0.0631290027447 0.00914913083257 0.0118938700823 0.060384263495 0.0192131747484 0.00274473924977 0.032021957914 0.0164684354986 0.0100640439158 0.0375114364135 0.0329368709973 0.0237877401647 0.0164684354986 0.00274473924977 0.0064043915828 0.587374199451
85 0.00274473924977 0.00548947849954 0.0064043915828 0.0064043915828 0.0109789569991 0.00731930466606 0.0109789569991 0.0118938700823 0.0128087831656 0.0109789569991 0.00365965233303 0.0128087831656 0.0128087831656 0.00457456541629 0.0118938700823 0.0100640439158 0.0064043915828 0.00823421774931 0.189387008234 0.0137236962489 0.64043915828
86 0.0329368709973 0.00457456541629 0.0128087831656 0.0448307410796 0.00548947849954 0.00457456541629 0.00823421774931 0.0118938700823 0.0649588289113 0.0182982616651 0.0064043915828 0.00823421774931 0.00731930466606 0.0247026532479 0.0365965233303 0.0265324794145 0.0109789569991 0.0109789569991 0.0 0.00274473924977 0.656907593779
87 0.0292772186642 0.000914913083257 0.0311070448307 0.0219579139982 0.00457456541629 0.0064043915828 0.00914913083257 0.00914913083257 0.0457456541629 0.0182982616651 0.0064043915828 0.0118938700823 0.0182982616651 0.0256175663312 0.0530649588289 0.0201280878317 0.0182982616651 0.00548947849954 0.00274473924977 0.0064043915828 0.655077767612
88 0.0182982616651 0.00274473924977 0.0109789569991 0.0173833485819 0.00457456541629 0.0237877401647 0.00823421774931 0.00914913083257 0.0375114364135 0.00731930466606 0.000914913083257 0.0896614821592 0.0064043915828 0.0164684354986 0.0521500457457 0.0192131747484 0.0118938700823 0.00548947849954 0.00365965233303 0.00365965233303 0.650503202196
89 0.028362305581 0.00457456541629 0.0530649588289 0.0448307410796 0.00457456541629 0.180237877402 0.0100640439158 0.00365965233303 0.0274473924977 0.0118938700823 0.00182982616651 0.0475754803294 0.0411710887466 0.0164684354986 0.0311070448307 0.035681610247 0.0155535224154 0.0128087831656 0.00274473924977 0.00731930466606 0.419030192132
90 0.0201280878317 0.00457456541629 0.00914913083257 0.00731930466606 0.0622140896615 0.0100640439158 0.00731930466606 0.0137236962489 0.0109789569991 0.0256175663312 0.0109789569991 0.0064043915828 0.0219579139982 0.0118938700823 0.0173833485819 0.0228728270814 0.0164684354986 0.0064043915828 0.214089661482 0.0521500457457 0.448307410796
91 0.0311070448307 0.0064043915828 0.0201280878317 0.0375114364135 0.0064043915828 0.0237877401647 0.0100640439158 0.0420860018298 0.101555352242 0.0558096980787 0.0228728270814 0.0146386093321 0.0292772186642 0.0347666971638 0.109789569991 0.0247026532479 0.0494053064959 0.0393412625801 0.000914913083257 0.00457456541629 0.334858188472
92 0.0338517840805 0.0155535224154 0.0274473924977 0.0219579139982 0.0064043915828 0.0146386093321 0.00457456541629 0.0210430009149 0.0612991765782 0.0173833485819 0.00823421774931 0.0484903934126 0.0247026532479 0.0219579139982 0.0475754803294 0.0448307410796 0.0933211344922 0.0182982616651 0.00182982616651 0.00548947849954 0.461116193962
93 0.0750228728271 0.00457456541629 0.00823421774931 0.0155535224154 0.00548947849954 0.0338517840805 0.0100640439158 0.0146386093321 0.0558096980787 0.0228728270814 0.00823421774931 0.0274473924977 0.0347666971638 0.0311070448307 0.0494053064959 0.0951509606587 0.028362305581 0.0164684354986 0.00182982616651 0.00731930466606 0.453796889296
94 0.0292772186642 0.00548947849954 0.0713632204941 0.0237877401647 0.00731930466606 0.0411710887466 0.0137236962489 0.00731930466606 0.0484903934126 0.0164684354986 0.000914913083257 0.0402561756633 0.0274473924977 0.0219579139982 0.0457456541629 0.092406221409 0.0347666971638 0.0128087831656 0.00182982616651 0.00731930466606 0.450137236962
95 0.0274473924977 0.0100640439158 0.0228728270814 0.028362305581 0.0100640439158 0.182067703568 0.0137236962489 0.0173833485819 0.0384263494968 0.0164684354986 0.00457456541629 0.0384263494968 0.0201280878317 0.0247026532479 0.028362305581 0.035681610247 0.0173833485819 0.0118938700823 0.000914913083257 0.00914913083257 0.441903019213
96 0.0210430009149 0.00182982616651 0.0155535224154 0.0631290027447 0.00731930466606 0.0512351326624 0.0256175663312 0.0164684354986 0.0850869167429 0.0155535224154 0.00365965233303 0.0375114364135 0.0182982616651 0.0466605672461 0.0548947849954 0.0622140896615 0.0466605672461 0.0219579139982 0.00365965233303 0.0128087831656 0.388838060384
97 0.0329368709973 0.00548947849954 0.0539798719122 0.0439158279963 0.0228728270814 0.0494053064959 0.0247026532479 0.0265324794145 0.0384263494968 0.0576395242452 0.0109789569991 0.0201280878317 0.150045745654 0.0237877401647 0.035681610247 0.0457456541629 0.0247026532479 0.0256175663312 0.00182982616651 0.028362305581 0.277218664227
98 0.0475754803294 0.0173833485819 0.0164684354986 0.0237877401647 0.0137236962489 0.0201280878317 0.0347666971638 0.102470265325 0.028362305581 0.0805123513266 0.00823421774931 0.0100640439158 0.0301921317475 0.0201280878317 0.0375114364135 0.0457456541629 0.0494053064959 0.155535224154 0.0100640439158 0.0128087831656 0.235132662397
99 0.0887465690759 0.00548947849954 0.0237877401647 0.0567246111619 0.00457456541629 0.028362305581 0.0173833485819 0.0384263494968 0.102470265325 0.0567246111619 0.0100640439158 0.0219579139982 0.0667886550778 0.035681610247 0.0658737419945 0.0558096980787 0.0338517840805 0.0466605672461 0.0064043915828 0.0173833485819 0.216834400732
100 0.0265324794145 0.0109789569991 0.0347666971638 0.0311070448307 0.032021957914 0.032021957914 0.0750228728271 0.0457456541629 0.0137236962489 0.0695333943275 0.0192131747484 0.188472095151 0.0064043915828 0.0109789569991 0.0192131747484 0.0713632204941 0.035681610247 0.0256175663312 0.0064043915828 0.0530649588289 0.192131747484
101 0.0896614821592 0.0146386093321 0.0192131747484 0.0274473924977 0.0109789569991 0.0420860018298 0.0311070448307 0.0301921317475 0.0667886550778 0.0576395242452 0.00731930466606 0.0311070448307 0.0402561756633 0.0695333943275 0.101555352242 0.0612991765782 0.0329368709973 0.0338517840805 0.00823421774931 0.0201280878317 0.204025617566
102 0.067703568161 0.00823421774931 0.138151875572 0.126258005489 0.0164684354986 0.0420860018298 0.0292772186642 0.0256175663312 0.0585544373285 0.0365965233303 0.0155535224154 0.0411710887466 0.060384263495 0.0439158279963 0.0612991765782 0.0704483074108 0.0420860018298 0.0237877401647 0.00914913083257 0.0155535224154 0.067703568161
103 0.0365965233303 0.0137236962489 0.0128087831656 0.0448307410796 0.0521500457457 0.0064043915828 0.0109789569991 0.182982616651 0.0210430009149 0.300091491308 0.0164684354986 0.00457456541629 0.00731930466606 0.028362305581 0.0219579139982 0.0182982616651 0.028362305581 0.060384263495 0.0118938700823 0.0494053064959 0.0713632204941
104 0.0475754803294 0.0164684354986 0.00457456541629 0.0064043915828 0.0667886550778 0.00365965233303 0.0164684354986 0.134492223239 0.0265324794145 0.168344007319 0.0347666971638 0.00548947849954 0.00182982616651 0.0146386093321 0.0384263494968 0.0247026532479 0.0210430009149 0.108874656908 0.134492223239 0.0576395242452 0.0667886550778
105 0.0667886550778 0.00823421774931 0.0612991765782 0.109789569991 0.0109789569991 0.0192131747484 0.0274473924977 0.0219579139982 0.113449222324 0.0512351326624 0.0182982616651 0.0558096980787 0.0100640439158 0.0988106129918 0.129917657823 0.0622140896615 0.0329368709973 0.0192131747484 0.00548947849954 0.0137236962489 0.0631290027447
106 0.0869167429094 0.0128087831656 0.0814272644099 0.139066788655 0.0173833485819 0.0109789569991 0.0201280878317 0.0338517840805 0.0860018298262 0.0750228728271 0.0164684354986 0.0274473924977 0.0109789569991 0.0667886550778 0.0905763952425 0.0631290027447 0.0365965233303 0.0265324794145 0.00823421774931 0.0228728270814 0.0667886550778
107 0.0786825251601 0.0347666971638 0.00365965233303 0.00274473924977 0.0375114364135 0.00365965233303 0.00548947849954 0.316559926807 0.000914913083257 0.226898444648 0.028362305581 0.00914913083257 0.00365965233303 0.00457456541629 0.0155535224154 0.0146386093321 0.0329368709973 0.0951509606587 0.00731930466606 0.0192131747484 0.0585544373285
108 0.060384263495 0.0137236962489 0.0631290027447 0.0475754803294 0.0228728270814 0.0118938700823 0.0484903934126 0.0585544373285 0.0777676120769 0.105215004575 0.0210430009149 0.032021957914 0.00823421774931 0.0649588289113 0.117108874657 0.0329368709973 0.0311070448307 0.0576395242452 0.032021957914 0.0274473924977 0.0658737419945
109 0.0869167429094 0.0118938700823 0.0814272644099 0.150960658737 0.0192131747484 0.0301921317475 0.0311070448307 0.0155535224154 0.0933211344922 0.0384263494968 0.00823421774931 0.0512351326624 0.0064043915828 0.0521500457457 0.0878316559927 0.0777676120769 0.0457456541629 0.0192131747484 0.00548947849954 0.0137236962489 0.0731930466606
110 0.067703568161 0.0247026532479 0.00914913083257 0.0329368709973 0.0439158279963 0.0100640439158 0.0173833485819 0.0786825251601 0.0329368709973 0.326623970723 0.0329368709973 0.0128087831656 0.00457456541629 0.0329368709973 0.0494053064959 0.0292772186642 0.0274473924977 0.0430009149131 0.0228728270814 0.0265324794145 0.0741079597438
111 0.0805123513266 0.0301921317475 0.0128087831656 0.028362305581 0.028362305581 0.0128087831656 0.0109789569991 0.100640439158 0.0539798719122 0.242451967063 0.0484903934126 0.0192131747484 0.00823421774931 0.028362305581 0.0420860018298 0.0521500457457 0.032021957914 0.0612991765782 0.0109789569991 0.0173833485819 0.0786825251601
112 0.0594693504117 0.0109789569991 0.0631290027447 0.096065873742 0.00823421774931 0.0301921317475 0.0228728270814 0.0146386093321 0.103385178408 0.0375114364135 0.0128087831656 0.060384263495 0.0228728270814 0.0759377859103 0.146386093321 0.0832570905764 0.032021957914 0.0219579139982 0.00457456541629 0.0118938700823 0.0814272644099
113 0.0466605672461 0.0155535224154 0.0503202195791 0.0914913083257 0.0109789569991 0.0704483074108 0.0301921317475 0.0210430009149 0.099725526075 0.0594693504117 0.0146386093321 0.0548947849954 0.0192131747484 0.0667886550778 0.103385178408 0.0850869167429 0.0365965233303 0.0192131747484 0.00457456541629 0.0128087831656 0.0869167429094
114 0.0238334858188 0.0192589204026 0.017429094236 0.0265782250686 0.13362305581 0.0439615736505 0.0567703568161 0.0668344007319 0.0412168344007 0.124473924977 0.0220036596523 0.0393870082342 0.0146843549863 0.0146843549863 0.0878774016468 0.0247483989021 0.0293229643184 0.0531107044831 0.0293229643184 0.0220036596523 0.108874656908
115 0.0265324794145 0.0137236962489 0.0713632204941 0.0988106129918 0.0128087831656 0.0439158279963 0.0329368709973 0.0201280878317 0.0914913083257 0.0375114364135 0.00548947849954 0.0841720036597 0.0484903934126 0.0503202195791 0.0786825251601 0.0942360475755 0.0576395242452 0.0301921317475 0.00457456541629 0.0155535224154 0.0814272644099
116 0.0228728270814 0.0457456541629 0.00457456541629 0.00548947849954 0.0594693504117 0.00365965233303 0.0137236962489 0.194876486734 0.0109789569991 0.112534309241 0.00914913083257 0.00274473924977 0.0155535224154 0.00182982616651 0.0137236962489 0.0201280878317 0.0457456541629 0.298261665142 0.0247026532479 0.0228728270814 0.0713632204941
117 0.0338517840805 0.0137236962489 0.0375114364135 0.100640439158 0.0265324794145 0.0146386093321 0.0411710887466 0.0292772186642 0.0805123513266 0.0411710887466 0.0109789569991 0.035681610247 0.00274473924977 0.0494053064959 0.107959743824 0.109789569991 0.110704483074 0.0521500457457 0.0064043915828 0.0228728270814 0.0722781335773
118 0.0201280878317 0.0064043915828 0.00365965233303 0.00365965233303 0.247026532479 0.0100640439158 0.00182982616651 0.169258920403 0.00274473924977 0.195791399817 0.0173833485819 0.00274473924977 0.00731930466606 0.00182982616651 0.00365965233303 0.00914913083257 0.0109789569991 0.150045745654 0.0375114364135 0.0228728270814 0.0759377859103
