POS A C D E F G H I K L M N P Q R S T V W Y -
1 0.0 0.0 0.0 0.000780031201248 0.0 0.000780031201248 0.0 0.0 0.0101404056162 0.0 0.0 0.000780031201248 0.0 0.0 0.0015600624025 0.0 0.000780031201248 0.0 0.0 0.0 0.985179407176
2 0.0015600624025 0.0 0.0015600624025 0.00624024960998 0.000780031201248 0.0390015600624 0.0 0.0 0.0109204368175 0.00390015600624 0.00234009360374 0.00468018720749 0.0 0.0015600624025 0.00234009360374 0.0117004680187 0.00780031201248 0.0015600624025 0.0 0.000780031201248 0.903276131045
3 0.0148205928237 0.0 0.0117004680187 0.0312012480499 0.00390015600624 0.0117004680187 0.00468018720749 0.00780031201248 0.0452418096724 0.00546021840874 0.0 0.0195007800312 0.00546021840874 0.0163806552262 0.01248049922 0.0101404056162 0.0210608424337 0.0171606864275 0.0015600624025 0.000780031201248 0.758970358814
4 0.0319812792512 0.00234009360374 0.015600624025 0.0319812792512 0.0117004680187 0.0132605304212 0.00312012480499 0.01248049922 0.0296411856474 0.0280811232449 0.00546021840874 0.0132605304212 0.0296411856474 0.0179407176287 0.0249609984399 0.0374414976599 0.0530421216849 0.0226209048362 0.00702028081123 0.00858034321373 0.59984399376
5 0.0304212168487 0.000780031201248 0.0163806552262 0.0483619344774 0.0561622464899 0.0234009360374 0.00312012480499 0.0717628705148 0.0210608424337 0.0647425897036 0.00858034321373 0.00702028081123 0.0179407176287 0.0171606864275 0.0195007800312 0.015600624025 0.0319812792512 0.0569422776911 0.015600624025 0.0514820592824 0.421996879875
6 0.0397815912637 0.00234009360374 0.0319812792512 0.0764430577223 0.0109204368175 0.01248049922 0.0140405616225 0.0202808112324 0.0702028081123 0.0351014040562 0.00234009360374 0.0288611544462 0.0553822152886 0.0382215288612 0.0483619344774 0.0585023400936 0.0936037441498 0.0280811232449 0.00390015600624 0.00780031201248 0.321372854914
7 0.209048361934 0.0405616224649 0.00780031201248 0.00780031201248 0.0148205928237 0.191107644306 0.00468018720749 0.0226209048362 0.00624024960998 0.0179407176287 0.00780031201248 0.00468018720749 0.00546021840874 0.0015600624025 0.00468018720749 0.0132605304212 0.0195007800312 0.109984399376 0.00702028081123 0.0304212168487 0.273010920437
8 0.0210608424337 0.0 0.0171606864275 0.0569422776911 0.0148205928237 0.0413416536661 0.0117004680187 0.0616224648986 0.11232449298 0.0335413416537 0.00624024960998 0.00702028081123 0.0132605304212 0.0351014040562 0.110764430577 0.0273010920437 0.122464898596 0.0780031201248 0.0015600624025 0.0202808112324 0.207488299532
9 0.0335413416537 0.00936037441498 0.0140405616225 0.00624024960998 0.0140405616225 0.0101404056162 0.00312012480499 0.0998439937598 0.00468018720749 0.0631825273011 0.0109204368175 0.00780031201248 0.0257410296412 0.00936037441498 0.0132605304212 0.0132605304212 0.0117004680187 0.488299531981 0.00234009360374 0.00858034321373 0.150546021841
10 0.0803432137285 0.00234009360374 0.0351014040562 0.0904836193448 0.00780031201248 0.0171606864275 0.00936037441498 0.0787831513261 0.0569422776911 0.0647425897036 0.00468018720749 0.0202808112324 0.0163806552262 0.01248049922 0.0273010920437 0.0366614664587 0.115444617785 0.175507020281 0.00468018720749 0.0148205928237 0.128705148206
11 0.0592823712949 0.0179407176287 0.0257410296412 0.0670826833073 0.0218408736349 0.0343213728549 0.0405616224649 0.00390015600624 0.117784711388 0.0101404056162 0.00312012480499 0.0226209048362 0.0015600624025 0.0507020280811 0.1872074883 0.11232449298 0.0265210608424 0.0101404056162 0.00936037441498 0.0585023400936 0.119344773791
12 0.0413416536661 0.015600624025 0.00468018720749 0.00312012480499 0.00936037441498 0.00312012480499 0.00468018720749 0.160686427457 0.0015600624025 0.0101404056162 0.00624024960998 0.00312012480499 0.00234009360374 0.0015600624025 0.00234009360374 0.00546021840874 0.0140405616225 0.588143525741 0.00936037441498 0.00624024960998 0.106864274571
13 0.0390015600624 0.0015600624025 0.0163806552262 0.0109204368175 0.0249609984399 0.0226209048362 0.0351014040562 0.212948517941 0.0171606864275 0.0967238689548 0.00546021840874 0.0109204368175 0.0218408736349 0.00936037441498 0.0335413416537 0.0507020280811 0.0507020280811 0.191107644306 0.00702028081123 0.0460218408736 0.0959438377535
14 0.015600624025 0.0 0.691107644306 0.0179407176287 0.000780031201248 0.015600624025 0.00234009360374 0.0 0.00546021840874 0.00234009360374 0.0 0.0226209048362 0.00624024960998 0.00702028081123 0.00624024960998 0.102184087363 0.01248049922 0.0 0.0 0.000780031201248 0.091263650546
15 0.0616224648986 0.000780031201248 0.0117004680187 0.00468018720749 0.00234009360374 0.758190327613 0.00312012480499 0.0015600624025 0.00390015600624 0.0 0.0 0.00234009360374 0.0202808112324 0.00234009360374 0.00390015600624 0.0179407176287 0.00780031201248 0.00468018720749 0.0015600624025 0.00234009360374 0.0889235569423
16 0.0171606864275 0.00702028081123 0.679407176287 0.015600624025 0.0015600624025 0.0413416536661 0.00780031201248 0.0015600624025 0.00234009360374 0.00624024960998 0.000780031201248 0.0413416536661 0.0 0.01248049922 0.0148205928237 0.0460218408736 0.01248049922 0.00468018720749 0.0 0.0 0.0873634945398
17 0.0163806552262 0.00546021840874 0.00858034321373 0.0101404056162 0.0015600624025 0.0179407176287 0.00468018720749 0.0101404056162 0.0101404056162 0.0132605304212 0.00624024960998 0.01248049922 0.0 0.0132605304212 0.0460218408736 0.100624024961 0.617784711388 0.0148205928237 0.0 0.00390015600624 0.0865834633385
18 0.0288611544462 0.00780031201248 0.0 0.000780031201248 0.171606864275 0.00312012480499 0.0 0.242589703588 0.000780031201248 0.230109204368 0.0234009360374 0.0 0.0148205928237 0.000780031201248 0.0 0.0015600624025 0.00702028081123 0.155226209048 0.00468018720749 0.0179407176287 0.0889235569423
19 0.0234009360374 0.00234009360374 0.0616224648986 0.0967238689548 0.00780031201248 0.00624024960998 0.0195007800312 0.0569422776911 0.101404056162 0.0429017160686 0.00936037441498 0.0148205928237 0.0 0.0257410296412 0.163026521061 0.0327613104524 0.0873634945398 0.109204368175 0.0226209048362 0.0273010920437 0.0889235569423
20 0.0592823712949 0.0296411856474 0.00702028081123 0.00312012480499 0.0639625585023 0.00624024960998 0.000780031201248 0.150546021841 0.000780031201248 0.195787831513 0.0171606864275 0.00234009360374 0.0015600624025 0.00312012480499 0.00312012480499 0.00936037441498 0.0241809672387 0.30031201248 0.00468018720749 0.0109204368175 0.10608424337
21 0.0577223088924 0.00624024960998 0.0670826833073 0.0585023400936 0.0171606864275 0.0561622464899 0.0195007800312 0.0382215288612 0.0795631825273 0.0756630265211 0.015600624025 0.0366614664587 0.00624024960998 0.0288611544462 0.10608424337 0.0592823712949 0.0616224648986 0.0343213728549 0.00702028081123 0.0335413416537 0.134945397816
22 0.0390015600624 0.0202808112324 0.0858034321373 0.0257410296412 0.0226209048362 0.0452418096724 0.0179407176287 0.0826833073323 0.0226209048362 0.0873634945398 0.015600624025 0.0382215288612 0.0241809672387 0.0117004680187 0.0280811232449 0.0507020280811 0.0452418096724 0.0694227769111 0.00546021840874 0.0218408736349 0.240249609984
23 0.0304212168487 0.00234009360374 0.104524180967 0.0358814352574 0.00546021840874 0.0741029641186 0.0117004680187 0.0148205928237 0.0358814352574 0.0249609984399 0.000780031201248 0.0725429017161 0.0811232449298 0.0296411856474 0.0163806552262 0.0483619344774 0.0257410296412 0.0132605304212 0.0015600624025 0.00858034321373 0.361934477379
24 0.0163806552262 0.00390015600624 0.0569422776911 0.0390015600624 0.00312012480499 0.248829953198 0.00936037441498 0.00936037441498 0.0538221528861 0.00858034321373 0.0015600624025 0.0514820592824 0.0382215288612 0.0195007800312 0.0257410296412 0.0327613104524 0.01872074883 0.01248049922 0.0015600624025 0.00234009360374 0.346333853354
25 0.0335413416537 0.0109204368175 0.0429017160686 0.0702028081123 0.0101404056162 0.0514820592824 0.0163806552262 0.015600624025 0.097503900156 0.0327613104524 0.00858034321373 0.0351014040562 0.0179407176287 0.0546021840874 0.0569422776911 0.0343213728549 0.0491419656786 0.0304212168487 0.000780031201248 0.00468018720749 0.326053042122
26 0.0288611544462 0.0 0.0265210608424 0.0811232449298 0.0117004680187 0.144305772231 0.0117004680187 0.0335413416537 0.0733229329173 0.0382215288612 0.00780031201248 0.0327613104524 0.0304212168487 0.0421216848674 0.0639625585023 0.0483619344774 0.0717628705148 0.0413416536661 0.00468018720749 0.01248049922 0.195007800312
27 0.0288611544462 0.0015600624025 0.0171606864275 0.106864274571 0.0351014040562 0.0226209048362 0.0202808112324 0.117784711388 0.0522620904836 0.0717628705148 0.015600624025 0.00702028081123 0.00624024960998 0.0725429017161 0.081903276131 0.0171606864275 0.0756630265211 0.113104524181 0.00624024960998 0.0358814352574 0.094383775351
28 0.0210608424337 0.000780031201248 0.0140405616225 0.0304212168487 0.00936037441498 0.00858034321373 0.0195007800312 0.0257410296412 0.17472698908 0.0265210608424 0.00858034321373 0.0343213728549 0.0382215288612 0.0280811232449 0.218408736349 0.0663026521061 0.154446177847 0.0343213728549 0.0015600624025 0.0109204368175 0.0741029641186
29 0.0280811232449 0.00546021840874 0.0 0.00234009360374 0.0561622464899 0.00624024960998 0.00234009360374 0.252730109204 0.0 0.116224648986 0.0132605304212 0.0 0.0 0.0 0.000780031201248 0.00702028081123 0.00390015600624 0.432137285491 0.0015600624025 0.0195007800312 0.0522620904836
30 0.015600624025 0.00468018720749 0.00702028081123 0.00936037441498 0.00468018720749 0.00858034321373 0.0210608424337 0.01248049922 0.0234009360374 0.01872074883 0.00468018720749 0.00936037441498 0.0015600624025 0.0327613104524 0.698907956318 0.0265210608424 0.0171606864275 0.0249609984399 0.000780031201248 0.00858034321373 0.0491419656786
31 0.00780031201248 0.00312012480499 0.0 0.000780031201248 0.0756630265211 0.000780031201248 0.0015600624025 0.091263650546 0.00234009360374 0.651326053042 0.0312012480499 0.00312012480499 0.00780031201248 0.0 0.0 0.0015600624025 0.0015600624025 0.0483619344774 0.0 0.0265210608424 0.0452418096724
32 0.241029641186 0.0101404056162 0.01872074883 0.0195007800312 0.0390015600624 0.0140405616225 0.0179407176287 0.094383775351 0.00936037441498 0.163026521061 0.0132605304212 0.0195007800312 0.00390015600624 0.0234009360374 0.0335413416537 0.0741029641186 0.01872074883 0.0491419656786 0.0132605304212 0.0803432137285 0.0436817472699
33 0.0335413416537 0.0351014040562 0.0600624024961 0.0241809672387 0.0171606864275 0.604524180967 0.0140405616225 0.00234009360374 0.00390015600624 0.0358814352574 0.00702028081123 0.0421216848674 0.000780031201248 0.00234009360374 0.00702028081123 0.0390015600624 0.00312012480499 0.00234009360374 0.00390015600624 0.0179407176287 0.0436817472699
34 0.015600624025 0.00858034321373 0.000780031201248 0.0 0.0163806552262 0.000780031201248 0.000780031201248 0.539001560062 0.0 0.0787831513261 0.0148205928237 0.0 0.00234009360374 0.0 0.0 0.00312012480499 0.00858034321373 0.257410296412 0.0 0.0101404056162 0.0429017160686
35 0.0319812792512 0.000780031201248 0.56864274571 0.0507020280811 0.0015600624025 0.00468018720749 0.00546021840874 0.0117004680187 0.0366614664587 0.00936037441498 0.0015600624025 0.0741029641186 0.0015600624025 0.0382215288612 0.0538221528861 0.0218408736349 0.01872074883 0.0148205928237 0.00390015600624 0.00390015600624 0.0460218408736
36 0.421996879875 0.0631825273011 0.000780031201248 0.00546021840874 0.00702028081123 0.00780031201248 0.000780031201248 0.0171606864275 0.00390015600624 0.0226209048362 0.00390015600624 0.00468018720749 0.0202808112324 0.00234009360374 0.00390015600624 0.0553822152886 0.273790951638 0.0335413416537 0.00312012480499 0.00312012480499 0.0452418096724
37 0.0312012480499 0.00936037441498 0.00858034321373 0.00702028081123 0.00858034321373 0.00390015600624 0.00312012480499 0.00702028081123 0.00702028081123 0.0226209048362 0.00624024960998 0.00858034321373 0.773010920437 0.00312012480499 0.0109204368175 0.0132605304212 0.0140405616225 0.0132605304212 0.0015600624025 0.000780031201248 0.0468018720749
38 0.0351014040562 0.0 0.0507020280811 0.624024960998 0.00312012480499 0.0218408736349 0.00468018720749 0.00312012480499 0.0265210608424 0.01248049922 0.00390015600624 0.0163806552262 0.0304212168487 0.0280811232449 0.0444617784711 0.0296411856474 0.0132605304212 0.00468018720749 0.0 0.0015600624025 0.0460218408736
39 0.0413416536661 0.00312012480499 0.01248049922 0.0241809672387 0.0179407176287 0.0257410296412 0.00234009360374 0.091263650546 0.0686427457098 0.148205928237 0.0468018720749 0.015600624025 0.0491419656786 0.00936037441498 0.0608424336973 0.0873634945398 0.127925117005 0.0569422776911 0.00702028081123 0.015600624025 0.088143525741
40 0.0717628705148 0.00780031201248 0.0717628705148 0.0397815912637 0.0148205928237 0.148985959438 0.0343213728549 0.00780031201248 0.0928237129485 0.0117004680187 0.0015600624025 0.0530421216849 0.0343213728549 0.0226209048362 0.0639625585023 0.0639625585023 0.0429017160686 0.0382215288612 0.00312012480499 0.0226209048362 0.152106084243
41 0.0335413416537 0.0 0.0358814352574 0.0382215288612 0.0148205928237 0.0507020280811 0.0647425897036 0.00624024960998 0.0694227769111 0.0148205928237 0.00858034321373 0.0210608424337 0.0226209048362 0.10608424337 0.0748829953198 0.0413416536661 0.0358814352574 0.0140405616225 0.00312012480499 0.0226209048362 0.321372854914
42 0.0429017160686 0.00624024960998 0.0382215288612 0.0382215288612 0.0179407176287 0.0538221528861 0.0101404056162 0.00780031201248 0.0499219968799 0.0117004680187 0.00468018720749 0.0296411856474 0.114664586583 0.015600624025 0.0538221528861 0.0538221528861 0.0569422776911 0.0195007800312 0.00234009360374 0.00858034321373 0.363494539782
43 0.0491419656786 0.0709828393136 0.0585023400936 0.0296411856474 0.00390015600624 0.085023400936 0.00312012480499 0.00702028081123 0.0468018720749 0.00702028081123 0.00312012480499 0.0444617784711 0.015600624025 0.0226209048362 0.0499219968799 0.0382215288612 0.0296411856474 0.0101404056162 0.0015600624025 0.00702028081123 0.416536661466
44 0.0273010920437 0.0452418096724 0.0273010920437 0.0366614664587 0.00546021840874 0.085023400936 0.0140405616225 0.0132605304212 0.0709828393136 0.0202808112324 0.0101404056162 0.0280811232449 0.0304212168487 0.0202808112324 0.0413416536661 0.0241809672387 0.0327613104524 0.0202808112324 0.00234009360374 0.00936037441498 0.435257410296
45 0.0397815912637 0.0195007800312 0.0397815912637 0.0514820592824 0.00702028081123 0.0421216848674 0.00702028081123 0.0109204368175 0.0577223088924 0.0218408736349 0.00468018720749 0.0163806552262 0.102964118565 0.0327613104524 0.0436817472699 0.0343213728549 0.0257410296412 0.0241809672387 0.000780031201248 0.00780031201248 0.409516380655
46 0.085023400936 0.00312012480499 0.0592823712949 0.0842433697348 0.00390015600624 0.0709828393136 0.0101404056162 0.0249609984399 0.0319812792512 0.0280811232449 0.00546021840874 0.0234009360374 0.0444617784711 0.0351014040562 0.0241809672387 0.0499219968799 0.0265210608424 0.0639625585023 0.00234009360374 0.00546021840874 0.317472698908
47 0.0288611544462 0.00312012480499 0.0421216848674 0.224648985959 0.0117004680187 0.0257410296412 0.00780031201248 0.0140405616225 0.0358814352574 0.0218408736349 0.01248049922 0.0140405616225 0.0163806552262 0.215288611544 0.0319812792512 0.01872074883 0.0265210608424 0.0148205928237 0.0530421216849 0.0351014040562 0.145865834633
48 0.0928237129485 0.0865834633385 0.0436817472699 0.0748829953198 0.01872074883 0.0163806552262 0.0117004680187 0.0101404056162 0.0374414976599 0.0202808112324 0.0015600624025 0.0234009360374 0.295631825273 0.0304212168487 0.0483619344774 0.0257410296412 0.0202808112324 0.0163806552262 0.00234009360374 0.0202808112324 0.102964118565
49 0.0296411856474 0.106864274571 0.01248049922 0.0163806552262 0.178627145086 0.0694227769111 0.0265210608424 0.015600624025 0.0148205928237 0.105304212168 0.0171606864275 0.00624024960998 0.00234009360374 0.0171606864275 0.0241809672387 0.0109204368175 0.00546021840874 0.0171606864275 0.0686427457098 0.16848673947 0.0865834633385
50 0.250390015601 0.0 0.00546021840874 0.00936037441498 0.0171606864275 0.492979719189 0.00234009360374 0.00390015600624 0.00390015600624 0.00546021840874 0.0015600624025 0.00702028081123 0.00780031201248 0.00936037441498 0.00936037441498 0.0631825273011 0.0101404056162 0.00468018720749 0.00390015600624 0.0234009360374 0.0686427457098
51 0.0748829953198 0.0 0.0764430577223 0.119344773791 0.0288611544462 0.0171606864275 0.0132605304212 0.0382215288612 0.113104524181 0.0592823712949 0.0148205928237 0.0327613104524 0.0483619344774 0.0897035881435 0.0904836193448 0.0257410296412 0.0257410296412 0.0421216848674 0.0179407176287 0.0179407176287 0.0538221528861
52 0.154446177847 0.0015600624025 0.0413416536661 0.314352574103 0.00390015600624 0.00702028081123 0.0109204368175 0.0210608424337 0.0967238689548 0.0390015600624 0.01248049922 0.0195007800312 0.0109204368175 0.0928237129485 0.0670826833073 0.0171606864275 0.0202808112324 0.0210608424337 0.00702028081123 0.00468018720749 0.0366614664587
53 0.704368174727 0.00780031201248 0.00390015600624 0.00312012480499 0.00312012480499 0.0195007800312 0.000780031201248 0.00858034321373 0.0015600624025 0.00624024960998 0.00312012480499 0.00468018720749 0.00312012480499 0.00390015600624 0.00234009360374 0.159126365055 0.0117004680187 0.0148205928237 0.00234009360374 0.0015600624025 0.0343213728549
54 0.0803432137285 0.00234009360374 0.00624024960998 0.0132605304212 0.0148205928237 0.01248049922 0.00858034321373 0.0132605304212 0.246489859594 0.0499219968799 0.0101404056162 0.00780031201248 0.00234009360374 0.0327613104524 0.227769110764 0.0803432137285 0.133385335413 0.00936037441498 0.00702028081123 0.0140405616225 0.0273010920437
55 0.133385335413 0.000780031201248 0.140405616225 0.154446177847 0.0171606864275 0.01248049922 0.0195007800312 0.01248049922 0.0741029641186 0.0335413416537 0.00780031201248 0.0631825273011 0.0 0.100624024961 0.0725429017161 0.0436817472699 0.0491419656786 0.0195007800312 0.00468018720749 0.01248049922 0.0280811232449
56 0.156786271451 0.00468018720749 0.00234009360374 0.0319812792512 0.248829953198 0.0101404056162 0.0382215288612 0.00936037441498 0.0296411856474 0.0468018720749 0.0132605304212 0.0101404056162 0.0015600624025 0.0234009360374 0.0889235569423 0.0140405616225 0.0234009360374 0.0257410296412 0.0616224648986 0.139625585023 0.0195007800312
57 0.0920436817473 0.00234009360374 0.0 0.00234009360374 0.0210608424337 0.00234009360374 0.000780031201248 0.0179407176287 0.0 0.552262090484 0.0327613104524 0.0234009360374 0.000780031201248 0.00390015600624 0.000780031201248 0.0140405616225 0.11232449298 0.102964118565 0.000780031201248 0.0 0.0171606864275
58 0.0873634945398 0.00936037441498 0.0195007800312 0.145865834633 0.00390015600624 0.0179407176287 0.01248049922 0.0288611544462 0.160686427457 0.0280811232449 0.0109204368175 0.0241809672387 0.0 0.0702028081123 0.192667706708 0.0725429017161 0.0577223088924 0.0319812792512 0.00234009360374 0.00780031201248 0.015600624025
59 0.0904836193448 0.00312012480499 0.105304212168 0.133385335413 0.00312012480499 0.0405616224649 0.00936037441498 0.00858034321373 0.14352574103 0.01872074883 0.00390015600624 0.0748829953198 0.00390015600624 0.0834633385335 0.0826833073323 0.111544461778 0.0444617784711 0.00936037441498 0.00390015600624 0.00702028081123 0.01872074883
60 0.0273010920437 0.00468018720749 0.00312012480499 0.015600624025 0.0569422776911 0.00390015600624 0.0210608424337 0.0616224648986 0.0655226209048 0.36895475819 0.0569422776911 0.0241809672387 0.000780031201248 0.0335413416537 0.0795631825273 0.00858034321373 0.0257410296412 0.0202808112324 0.0288611544462 0.0257410296412 0.0670826833073
61 0.0483619344774 0.0335413416537 0.00234009360374 0.00312012480499 0.0257410296412 0.000780031201248 0.00234009360374 0.156786271451 0.00468018720749 0.404836193448 0.0210608424337 0.00312012480499 0.00234009360374 0.00468018720749 0.00468018720749 0.00546021840874 0.0312012480499 0.165366614665 0.00780031201248 0.00702028081123 0.0647425897036
62 0.0351014040562 0.00858034321373 0.0140405616225 0.0210608424337 0.00390015600624 0.015600624025 0.00312012480499 0.0148205928237 0.0374414976599 0.0608424336973 0.00858034321373 0.015600624025 0.0717628705148 0.01248049922 0.0171606864275 0.0280811232449 0.0234009360374 0.0358814352574 0.00234009360374 0.00468018720749 0.565522620905
63 0.0834633385335 0.0015600624025 0.0413416536661 0.0764430577223 0.0226209048362 0.0702028081123 0.0179407176287 0.0468018720749 0.0608424336973 0.1248049922 0.0179407176287 0.0764430577223 0.0343213728549 0.0460218408736 0.0733229329173 0.0413416536661 0.0241809672387 0.0452418096724 0.00390015600624 0.01248049922 0.0787831513261
64 0.0811232449298 0.00312012480499 0.0608424336973 0.0218408736349 0.00468018720749 0.385335413417 0.0210608424337 0.00234009360374 0.0444617784711 0.0171606864275 0.00234009360374 0.0858034321373 0.00936037441498 0.0772230889236 0.0577223088924 0.0429017160686 0.0234009360374 0.00780031201248 0.00234009360374 0.00546021840874 0.0436817472699
65 0.0405616224649 0.00234009360374 0.0327613104524 0.0546021840874 0.00546021840874 0.0787831513261 0.0218408736349 0.00312012480499 0.257410296412 0.00546021840874 0.00468018720749 0.0280811232449 0.0132605304212 0.0826833073323 0.191107644306 0.0569422776911 0.0475819032761 0.00936037441498 0.00234009360374 0.00468018720749 0.0569422776911
66 0.0468018720749 0.0015600624025 0.085023400936 0.109984399376 0.0117004680187 0.0195007800312 0.0179407176287 0.01872074883 0.108424336973 0.0195007800312 0.00624024960998 0.0553822152886 0.0639625585023 0.0600624024961 0.091263650546 0.0717628705148 0.127925117005 0.0390015600624 0.00546021840874 0.0140405616225 0.0257410296412
67 0.0429017160686 0.0101404056162 0.00546021840874 0.00312012480499 0.0249609984399 0.00390015600624 0.0 0.190327613105 0.00624024960998 0.097503900156 0.00468018720749 0.0015600624025 0.00858034321373 0.00702028081123 0.00546021840874 0.0101404056162 0.00858034321373 0.542121684867 0.00546021840874 0.00468018720749 0.0171606864275
68 0.0312012480499 0.00390015600624 0.0397815912637 0.10608424337 0.0343213728549 0.0140405616225 0.0179407176287 0.0382215288612 0.0764430577223 0.0397815912637 0.01248049922 0.0249609984399 0.00390015600624 0.0491419656786 0.125585023401 0.0639625585023 0.154446177847 0.0600624024961 0.0273010920437 0.0585023400936 0.0179407176287
69 0.0265210608424 0.134945397816 0.000780031201248 0.0015600624025 0.0592823712949 0.00702028081123 0.0 0.178627145086 0.00312012480499 0.294851794072 0.0202808112324 0.0015600624025 0.000780031201248 0.00234009360374 0.00390015600624 0.00468018720749 0.00858034321373 0.207488299532 0.00312012480499 0.015600624025 0.0249609984399
70 0.0327613104524 0.00390015600624 0.0608424336973 0.206708268331 0.0148205928237 0.0101404056162 0.0202808112324 0.0429017160686 0.0873634945398 0.0382215288612 0.00624024960998 0.0210608424337 0.00702028081123 0.0725429017161 0.100624024961 0.0522620904836 0.0834633385335 0.0873634945398 0.00702028081123 0.0195007800312 0.0249609984399
71 0.0538221528861 0.0163806552262 0.0195007800312 0.0343213728549 0.0858034321373 0.0234009360374 0.00468018720749 0.091263650546 0.0210608424337 0.088143525741 0.00858034321373 0.0132605304212 0.0655226209048 0.0226209048362 0.0382215288612 0.0499219968799 0.0507020280811 0.11856474259 0.00780031201248 0.0663026521061 0.120124804992
72 0.0382215288612 0.0015600624025 0.227769110764 0.0990639625585 0.0117004680187 0.0366614664587 0.0179407176287 0.0514820592824 0.0241809672387 0.0585023400936 0.00780031201248 0.0210608424337 0.0226209048362 0.0226209048362 0.0296411856474 0.0351014040562 0.0366614664587 0.0741029641186 0.00468018720749 0.0171606864275 0.161466458658
73 0.00936037441498 0.000780031201248 0.0249609984399 0.0241809672387 0.00390015600624 0.0249609984399 0.00858034321373 0.00858034321373 0.0327613104524 0.00546021840874 0.0015600624025 0.0117004680187 0.0460218408736 0.0132605304212 0.0226209048362 0.0218408736349 0.0148205928237 0.0101404056162 0.0015600624025 0.0148205928237 0.698127925117
74 0.0436817472699 0.00312012480499 0.0319812792512 0.0358814352574 0.00390015600624 0.0678627145086 0.00780031201248 0.0210608424337 0.0273010920437 0.0280811232449 0.00234009360374 0.0304212168487 0.0327613104524 0.0288611544462 0.0288611544462 0.0358814352574 0.0343213728549 0.0397815912637 0.00624024960998 0.0109204368175 0.478939157566
75 0.0444617784711 0.000780031201248 0.0624024960998 0.0639625585023 0.00546021840874 0.0538221528861 0.0117004680187 0.0202808112324 0.0319812792512 0.0148205928237 0.00936037441498 0.0249609984399 0.0343213728549 0.0499219968799 0.0273010920437 0.0358814352574 0.0405616224649 0.0257410296412 0.000780031201248 0.0241809672387 0.417316692668
76 0.0592823712949 0.00312012480499 0.0982839313573 0.0764430577223 0.00468018720749 0.177067082683 0.0195007800312 0.0148205928237 0.0811232449298 0.0288611544462 0.0109204368175 0.0374414976599 0.0288611544462 0.0374414976599 0.0655226209048 0.0733229329173 0.0507020280811 0.0265210608424 0.000780031201248 0.015600624025 0.0897035881435
77 0.0436817472699 0.00546021840874 0.0218408736349 0.0429017160686 0.0288611544462 0.0304212168487 0.01248049922 0.0468018720749 0.120904836193 0.0351014040562 0.0140405616225 0.0195007800312 0.0405616224649 0.0460218408736 0.163806552262 0.0327613104524 0.127145085803 0.0787831513261 0.00468018720749 0.0296411856474 0.0546021840874
78 0.0218408736349 0.00312012480499 0.653666146646 0.0351014040562 0.00624024960998 0.0624024960998 0.00234009360374 0.00780031201248 0.0296411856474 0.0101404056162 0.00234009360374 0.0249609984399 0.0179407176287 0.0101404056162 0.015600624025 0.0234009360374 0.0265210608424 0.0109204368175 0.000780031201248 0.00468018720749 0.0304212168487
79 0.0444617784711 0.000780031201248 0.0405616224649 0.0280811232449 0.00780031201248 0.0374414976599 0.0202808112324 0.0179407176287 0.189547581903 0.0101404056162 0.00624024960998 0.0382215288612 0.0358814352574 0.0694227769111 0.255070202808 0.0655226209048 0.0358814352574 0.0241809672387 0.00858034321373 0.0241809672387 0.0397815912637
80 0.0241809672387 0.0015600624025 0.0335413416537 0.0234009360374 0.0842433697348 0.0319812792512 0.0265210608424 0.00702028081123 0.0195007800312 0.0132605304212 0.00390015600624 0.0483619344774 0.00936037441498 0.0265210608424 0.01872074883 0.0366614664587 0.0226209048362 0.0117004680187 0.0265210608424 0.485959438378 0.0444617784711
81 0.0148205928237 0.00312012480499 0.097503900156 0.0226209048362 0.01248049922 0.586583463339 0.0117004680187 0.0015600624025 0.0335413416537 0.00234009360374 0.000780031201248 0.0702028081123 0.0109204368175 0.0257410296412 0.0265210608424 0.0265210608424 0.0101404056162 0.00390015600624 0.000780031201248 0.00234009360374 0.0358814352574
82 0.0210608424337 0.00468018720749 0.0132605304212 0.0202808112324 0.0015600624025 0.0140405616225 0.0132605304212 0.01248049922 0.0148205928237 0.01248049922 0.00858034321373 0.0397815912637 0.0109204368175 0.015600624025 0.684867394696 0.015600624025 0.0257410296412 0.0195007800312 0.00546021840874 0.0101404056162 0.0358814352574
83 0.0585023400936 0.0140405616225 0.0163806552262 0.0241809672387 0.0577223088924 0.00780031201248 0.0163806552262 0.102184087363 0.0273010920437 0.231669266771 0.0234009360374 0.0163806552262 0.0390015600624 0.0249609984399 0.0218408736349 0.0304212168487 0.0990639625585 0.0967238689548 0.0202808112324 0.0491419656786 0.0226209048362
84 0.0132605304212 0.00624024960998 0.00390015600624 0.01248049922 0.0273010920437 0.0015600624025 0.00936037441498 0.114664586583 0.00312012480499 0.427457098284 0.0171606864275 0.00312012480499 0.0280811232449 0.00624024960998 0.0140405616225 0.0179407176287 0.0234009360374 0.216848673947 0.00546021840874 0.0257410296412 0.0226209048362
85 0.453198127925 0.0499219968799 0.0 0.00546021840874 0.00390015600624 0.245709828393 0.00312012480499 0.00390015600624 0.000780031201248 0.0140405616225 0.00468018720749 0.0 0.0015600624025 0.00390015600624 0.0530421216849 0.0319812792512 0.0132605304212 0.0795631825273 0.000780031201248 0.00624024960998 0.0249609984399
86 0.0288611544462 0.00702028081123 0.0600624024961 0.0639625585023 0.0351014040562 0.00546021840874 0.0585023400936 0.0585023400936 0.0351014040562 0.0491419656786 0.00936037441498 0.0265210608424 0.00624024960998 0.0335413416537 0.0741029641186 0.0577223088924 0.094383775351 0.0639625585023 0.0296411856474 0.187987519501 0.0148205928237
87 0.0343213728549 0.134165366615 0.0015600624025 0.00234009360374 0.0109204368175 0.00390015600624 0.0 0.153666146646 0.000780031201248 0.151326053042 0.01872074883 0.0015600624025 0.00624024960998 0.0015600624025 0.0015600624025 0.0015600624025 0.00546021840874 0.454758190328 0.00234009360374 0.0015600624025 0.0117004680187
88 0.0273010920437 0.00312012480499 0.0148205928237 0.0335413416537 0.146645865835 0.00780031201248 0.0234009360374 0.0475819032761 0.0273010920437 0.0577223088924 0.0163806552262 0.0109204368175 0.00468018720749 0.0226209048362 0.0624024960998 0.0421216848674 0.0592823712949 0.0514820592824 0.104524180967 0.223868954758 0.01248049922
89 0.0865834633385 0.0241809672387 0.0179407176287 0.0109204368175 0.0312012480499 0.00936037441498 0.0319812792512 0.0889235569423 0.0226209048362 0.208268330733 0.0171606864275 0.0312012480499 0.0163806552262 0.0132605304212 0.0530421216849 0.0374414976599 0.0577223088924 0.177847113885 0.0015600624025 0.0452418096724 0.0171606864275
90 0.0436817472699 0.000780031201248 0.255070202808 0.0663026521061 0.00312012480499 0.186427457098 0.0109204368175 0.00624024960998 0.0483619344774 0.0140405616225 0.0015600624025 0.109204368175 0.0608424336973 0.0273010920437 0.0327613104524 0.0522620904836 0.0210608424337 0.0101404056162 0.00468018720749 0.00546021840874 0.0397815912637
91 0.0335413416537 0.00468018720749 0.102964118565 0.0585023400936 0.00468018720749 0.411076443058 0.00858034321373 0.0015600624025 0.0678627145086 0.00468018720749 0.00312012480499 0.0733229329173 0.01248049922 0.01872074883 0.0468018720749 0.0358814352574 0.0327613104524 0.00936037441498 0.00390015600624 0.00858034321373 0.0569422776911
92 0.04372074883 0.00081903276131 0.0304602184087 0.0772620904836 0.00705928237129 0.0616614664587 0.0132995319813 0.0569812792512 0.101443057722 0.0741419656786 0.0140795631825 0.0257800312012 0.0101794071763 0.0710218408736 0.127964118565 0.0179797191888 0.107683307332 0.0858424336973 0.0039391575663 0.015639625585 0.0530421216849
93 0.00546021840874 0.0257410296412 0.299531981279 0.0319812792512 0.0421216848674 0.00312012480499 0.00858034321373 0.00936037441498 0.00390015600624 0.108424336973 0.0343213728549 0.182527301092 0.0234009360374 0.00624024960998 0.0109204368175 0.110764430577 0.0288611544462 0.0140405616225 0.0171606864275 0.0132605304212 0.0202808112324
94 0.0358814352574 0.00312012480499 0.00780031201248 0.000780031201248 0.0468018720749 0.0 0.0015600624025 0.219188767551 0.000780031201248 0.323712948518 0.00858034321373 0.0 0.00702028081123 0.0015600624025 0.0 0.00234009360374 0.00546021840874 0.272230889236 0.00858034321373 0.0421216848674 0.01248049922
95 0.157566302652 0.00702028081123 0.00936037441498 0.0171606864275 0.0 0.163026521061 0.000780031201248 0.00234009360374 0.0015600624025 0.0015600624025 0.000780031201248 0.395475819033 0.00234009360374 0.0858034321373 0.00468018720749 0.120124804992 0.0132605304212 0.00234009360374 0.0 0.000780031201248 0.0140405616225
96 0.154446177847 0.0140405616225 0.0429017160686 0.223868954758 0.01248049922 0.0218408736349 0.0163806552262 0.0273010920437 0.0491419656786 0.138065522621 0.00858034321373 0.0132605304212 0.00312012480499 0.0608424336973 0.0631825273011 0.0405616224649 0.0304212168487 0.0436817472699 0.000780031201248 0.01872074883 0.0163806552262
97 0.120904836193 0.0015600624025 0.0366614664587 0.232449297972 0.0179407176287 0.0140405616225 0.0288611544462 0.0382215288612 0.0468018720749 0.0951638065523 0.0296411856474 0.00780031201248 0.00312012480499 0.0748829953198 0.0452418096724 0.0280811232449 0.0475819032761 0.0429017160686 0.0436817472699 0.0288611544462 0.015600624025
98 0.0234009360374 0.000780031201248 0.000780031201248 0.00390015600624 0.0015600624025 0.00234009360374 0.000780031201248 0.0553822152886 0.000780031201248 0.550702028081 0.244929797192 0.0 0.000780031201248 0.0468018720749 0.000780031201248 0.00468018720749 0.00312012480499 0.0405616224649 0.0 0.000780031201248 0.0171606864275
99 0.0366614664587 0.00546021840874 0.0 0.0 0.000780031201248 0.0015600624025 0.0 0.187987519501 0.00390015600624 0.297971918877 0.0101404056162 0.000780031201248 0.0 0.00312012480499 0.00390015600624 0.00390015600624 0.0117004680187 0.414196567863 0.0 0.000780031201248 0.0171606864275
100 0.122464898596 0.000780031201248 0.0249609984399 0.1872074883 0.0015600624025 0.0218408736349 0.00234009360374 0.00624024960998 0.151326053042 0.0202808112324 0.00702028081123 0.01872074883 0.0 0.0600624024961 0.223088923557 0.0936037441498 0.0195007800312 0.01248049922 0.00234009360374 0.00546021840874 0.01872074883
101 0.148985959438 0.0015600624025 0.0452418096724 0.189547581903 0.00624024960998 0.0296411856474 0.015600624025 0.00546021840874 0.0717628705148 0.0405616224649 0.00936037441498 0.106864274571 0.0 0.0959438377535 0.0764430577223 0.0951638065523 0.0257410296412 0.00858034321373 0.0015600624025 0.00468018720749 0.0210608424337
102 0.00546021840874 0.000780031201248 0.00858034321373 0.00624024960998 0.0 0.921996879875 0.0015600624025 0.0 0.00936037441498 0.0 0.0 0.00624024960998 0.00312012480499 0.0015600624025 0.00390015600624 0.00624024960998 0.000780031201248 0.0015600624025 0.000780031201248 0.0 0.0218408736349
103 0.0382215288612 0.00624024960998 0.00312012480499 0.00624024960998 0.0842433697348 0.00624024960998 0.0538221528861 0.0109204368175 0.00624024960998 0.374414976599 0.0538221528861 0.0140405616225 0.0 0.015600624025 0.00546021840874 0.00858034321373 0.00312012480499 0.015600624025 0.0920436817473 0.177067082683 0.0249609984399
104 0.755070202808 0.00780031201248 0.000780031201248 0.000780031201248 0.000780031201248 0.088143525741 0.0015600624025 0.000780031201248 0.0015600624025 0.00858034321373 0.00312012480499 0.0 0.0015600624025 0.0 0.0015600624025 0.0241809672387 0.0132605304212 0.0608424336973 0.0 0.00312012480499 0.0265210608424
105 0.0257410296412 0.00858034321373 0.0109204368175 0.0546021840874 0.0327613104524 0.00702028081123 0.0148205928237 0.0405616224649 0.0795631825273 0.0553822152886 0.0171606864275 0.0117004680187 0.00702028081123 0.0327613104524 0.184087363495 0.0218408736349 0.0499219968799 0.085023400936 0.081903276131 0.0343213728549 0.144305772231
106 0.109984399376 0.0148205928237 0.0101404056162 0.0171606864275 0.0312012480499 0.00312012480499 0.01248049922 0.0444617784711 0.00624024960998 0.0639625585023 0.00858034321373 0.00624024960998 0.0741029641186 0.00312012480499 0.0163806552262 0.0140405616225 0.0304212168487 0.226209048362 0.01872074883 0.0366614664587 0.251950078003
107 0.102184087363 0.00702028081123 0.0468018720749 0.0218408736349 0.0312012480499 0.0179407176287 0.0280811232449 0.0163806552262 0.0296411856474 0.0358814352574 0.00936037441498 0.0382215288612 0.01248049922 0.0163806552262 0.0421216848674 0.0327613104524 0.0312012480499 0.0483619344774 0.00780031201248 0.103744149766 0.320592823713
108 0.0319812792512 0.00312012480499 0.0312012480499 0.0358814352574 0.0382215288612 0.0218408736349 0.00546021840874 0.0132605304212 0.0163806552262 0.01872074883 0.00546021840874 0.0179407176287 0.0351014040562 0.0163806552262 0.0460218408736 0.0234009360374 0.0296411856474 0.0218408736349 0.0436817472699 0.127145085803 0.417316692668
109 0.0631825273011 0.0 0.0585023400936 0.0327613104524 0.0257410296412 0.0296411856474 0.0343213728549 0.0577223088924 0.0468018720749 0.0249609984399 0.00702028081123 0.0171606864275 0.0694227769111 0.015600624025 0.0530421216849 0.0475819032761 0.0429017160686 0.0795631825273 0.00858034321373 0.0265210608424 0.258970358814
110 0.0444617784711 0.0015600624025 0.0382215288612 0.0366614664587 0.0475819032761 0.0327613104524 0.0163806552262 0.0195007800312 0.0280811232449 0.0202808112324 0.00780031201248 0.0195007800312 0.0195007800312 0.0234009360374 0.0312012480499 0.0569422776911 0.0171606864275 0.0226209048362 0.0319812792512 0.205928237129 0.278471138846
111 0.0499219968799 0.00858034321373 0.0475819032761 0.0460218408736 0.0140405616225 0.0655226209048 0.0140405616225 0.0179407176287 0.0343213728549 0.0304212168487 0.00390015600624 0.0265210608424 0.0998439937598 0.0296411856474 0.0569422776911 0.0780031201248 0.0530421216849 0.0210608424337 0.000780031201248 0.0249609984399 0.276911076443
112 0.0421216848674 0.00936037441498 0.0499219968799 0.0319812792512 0.015600624025 0.0577223088924 0.0148205928237 0.0117004680187 0.0577223088924 0.0358814352574 0.00624024960998 0.0343213728549 0.129485179407 0.0444617784711 0.0374414976599 0.0514820592824 0.0319812792512 0.01872074883 0.00234009360374 0.0195007800312 0.297191887676
113 0.0397815912637 0.00234009360374 0.0787831513261 0.0514820592824 0.0163806552262 0.0514820592824 0.0179407176287 0.00624024960998 0.0483619344774 0.0140405616225 0.00390015600624 0.126365054602 0.0429017160686 0.0241809672387 0.0468018720749 0.0452418096724 0.01872074883 0.0101404056162 0.00234009360374 0.0327613104524 0.319812792512
114 0.0358814352574 0.01248049922 0.0522620904836 0.0257410296412 0.0327613104524 0.0280811232449 0.0171606864275 0.0163806552262 0.0358814352574 0.0561622464899 0.0109204368175 0.0304212168487 0.0335413416537 0.0249609984399 0.0195007800312 0.0639625585023 0.0647425897036 0.0366614664587 0.00234009360374 0.0390015600624 0.361154446178
115 0.0670826833073 0.00390015600624 0.0561622464899 0.0491419656786 0.00702028081123 0.0296411856474 0.0101404056162 0.00780031201248 0.11232449298 0.0280811232449 0.00702028081123 0.0226209048362 0.0616224648986 0.0257410296412 0.0530421216849 0.0717628705148 0.0413416536661 0.0179407176287 0.00234009360374 0.00858034321373 0.316692667707
116 0.01872074883 0.0304212168487 0.0382215288612 0.0280811232449 0.0514820592824 0.0288611544462 0.0265210608424 0.0202808112324 0.0280811232449 0.0538221528861 0.0109204368175 0.0195007800312 0.0171606864275 0.0202808112324 0.0483619344774 0.0296411856474 0.0179407176287 0.0210608424337 0.00780031201248 0.207488299532 0.275351014041
117 0.0873634945398 0.0195007800312 0.0390015600624 0.0312012480499 0.0234009360374 0.0288611544462 0.0234009360374 0.0280811232449 0.0366614664587 0.0741029641186 0.0163806552262 0.015600624025 0.0140405616225 0.0374414976599 0.0764430577223 0.0592823712949 0.0296411856474 0.0319812792512 0.01248049922 0.0538221528861 0.261310452418
118 0.0826833073323 0.00312012480499 0.105304212168 0.0951638065523 0.00468018720749 0.0546021840874 0.01248049922 0.00468018720749 0.0686427457098 0.0179407176287 0.00546021840874 0.0468018720749 0.0522620904836 0.0538221528861 0.0405616224649 0.0608424336973 0.0319812792512 0.0148205928237 0.00312012480499 0.00780031201248 0.233229329173
119 0.104524180967 0.0140405616225 0.0600624024961 0.121684867395 0.00780031201248 0.0234009360374 0.0140405616225 0.0218408736349 0.0694227769111 0.0468018720749 0.0109204368175 0.0163806552262 0.0241809672387 0.0631825273011 0.094383775351 0.0366614664587 0.0273010920437 0.0210608424337 0.00468018720749 0.0218408736349 0.195787831513
120 0.00234009360374 0.0015600624025 0.0 0.0015600624025 0.115444617785 0.0 0.00312012480499 0.0397815912637 0.0 0.326053042122 0.0335413416537 0.0 0.0 0.00390015600624 0.00390015600624 0.000780031201248 0.00234009360374 0.0163806552262 0.0195007800312 0.240249609984 0.189547581903
