POS A C D E F G H I K L M N P Q R S T V W Y -
1 0.00274977085243 0.0 0.0 0.000916590284143 0.0 0.00366636113657 0.000916590284143 0.00458295142071 0.00916590284143 0.0137488542621 0.0219981668194 0.0137488542621 0.00549954170486 0.00458295142071 0.000916590284143 0.000916590284143 0.0 0.00274977085243 0.0 0.00183318056829 0.912007332722
2 0.0164986251146 0.000916590284143 0.0311640696609 0.0274977085243 0.000916590284143 0.0119156736939 0.006416131989 0.00824931255729 0.012832263978 0.0109990834097 0.032080659945 0.0219981668194 0.051329055912 0.0183318056829 0.012832263978 0.0357470210816 0.019248395967 0.00549954170486 0.0 0.000916590284143 0.674610449129
3 0.0183318056829 0.000916590284143 0.0614115490376 0.0430797433547 0.00549954170486 0.129239230064 0.012832263978 0.00733272227314 0.0311640696609 0.00916590284143 0.0229147571036 0.0504124656279 0.0412465627864 0.0155820348304 0.032080659945 0.0421631530706 0.0293308890926 0.00274977085243 0.00183318056829 0.0146654445463 0.428047662695
4 0.0458753437214 0.0192942254812 0.0550412465628 0.0449587534372 0.0293767186068 0.0211274060495 0.0229605866178 0.0211274060495 0.0403758020165 0.0229605866178 0.0192942254812 0.0220439963336 0.0293767186068 0.0238771769019 0.0321264894592 0.0577910174152 0.0733730522456 0.0357928505958 0.0486251145738 0.0284601283226 0.306141154904
5 0.0284601283226 0.0165444546288 0.00646196150321 0.00737855178735 0.0385426214482 0.00646196150321 0.00829514207149 0.132034830431 0.00921173235564 0.175114573786 0.0321264894592 0.0101283226398 0.0137946837764 0.0101283226398 0.0128780934922 0.00921173235564 0.0440421631531 0.143033913841 0.0367094408799 0.0486251145738 0.210815765353
6 0.032080659945 0.0109990834097 0.0164986251146 0.0366636113657 0.0137488542621 0.00549954170486 0.0421631530706 0.0907424381302 0.171402383135 0.0403299725023 0.00916590284143 0.0293308890926 0.00549954170486 0.0229147571036 0.0430797433547 0.0293308890926 0.0870760769936 0.129239230064 0.00366636113657 0.0210815765353 0.159486709441
7 0.0623281393217 0.057745187901 0.0 0.00366636113657 0.0522456461962 0.00824931255729 0.000916590284143 0.232813932172 0.000916590284143 0.168652612282 0.0164986251146 0.00458295142071 0.00274977085243 0.000916590284143 0.00366636113657 0.00366636113657 0.006416131989 0.202566452796 0.0137488542621 0.0164986251146 0.141154903758
8 0.0439963336389 0.00366636113657 0.00366636113657 0.0109990834097 0.16590284143 0.00458295142071 0.0229147571036 0.0201649862511 0.0100824931256 0.0109990834097 0.006416131989 0.14390467461 0.00274977085243 0.0100824931256 0.0119156736939 0.0238313473877 0.0201649862511 0.00824931255729 0.038496791934 0.302474793767 0.134738771769
9 0.0284142988084 0.0485792850596 0.00458295142071 0.006416131989 0.0760769935839 0.00916590284143 0.000916590284143 0.0806599450046 0.00183318056829 0.0229147571036 0.0119156736939 0.00183318056829 0.00458295142071 0.00366636113657 0.000916590284143 0.0687442713107 0.332722273144 0.156736938588 0.00183318056829 0.00824931255729 0.129239230064
10 0.0302933088909 0.00921173235564 0.698487626031 0.0174610449129 4.58295142071e-05 0.0220439963336 0.0147112740605 0.00462878093492 0.00921173235564 0.00279560036664 0.00462878093492 0.0192942254812 0.00462878093492 0.00187901008249 0.0101283226398 0.0128780934922 0.00921173235564 0.00279560036664 4.58295142071e-05 0.00187901008249 0.123739688359
11 0.20348304308 0.00366636113657 0.006416131989 0.00824931255729 0.0 0.532538955087 0.00366636113657 0.00183318056829 0.00183318056829 0.00366636113657 0.00733272227314 0.0109990834097 0.00458295142071 0.00183318056829 0.012832263978 0.0265811182401 0.019248395967 0.0229147571036 0.000916590284143 0.00274977085243 0.124656278643
12 0.169569202566 0.0164986251146 0.006416131989 0.00458295142071 0.00824931255729 0.0568285976169 0.00458295142071 0.0100824931256 0.00458295142071 0.0137488542621 0.00274977085243 0.00733272227314 0.00916590284143 0.00366636113657 0.0100824931256 0.487626031164 0.0274977085243 0.0229147571036 0.00274977085243 0.00549954170486 0.125572868928
13 0.0587076076994 0.107286892759 0.00921173235564 0.00921173235564 0.0907882676444 0.0229605866178 0.0147112740605 0.0247937671861 0.0559578368469 0.0412923923006 0.0183776351971 0.00462878093492 0.00462878093492 0.00737855178735 0.0412923923006 0.0935380384968 0.0339596700275 0.0660403299725 0.0550412465628 0.0632905591201 0.17690192484
14 0.0229147571036 0.0174152153987 0.0494958753437 0.0274977085243 0.032080659945 0.012832263978 0.0394133822181 0.0559120073327 0.0925756186984 0.0806599450046 0.00916590284143 0.0604949587534 0.0137488542621 0.025664527956 0.110907424381 0.0623281393217 0.0430797433547 0.0339138405133 0.000916590284143 0.0247479376719 0.184234647113
15 0.0522456461962 0.0100824931256 0.0366636113657 0.0568285976169 0.00274977085243 0.0989917506874 0.025664527956 0.0164986251146 0.0779101741522 0.0183318056829 0.00549954170486 0.0760769935839 0.0925756186984 0.0403299725023 0.0439963336389 0.0751604032997 0.0265811182401 0.0311640696609 0.00458295142071 0.0238313473877 0.184234647113
16 0.0329972502291 0.00733272227314 0.0604949587534 0.0549954170486 0.00916590284143 0.0659945004583 0.0265811182401 0.0119156736939 0.0632447296059 0.0201649862511 0.006416131989 0.164069660862 0.0247479376719 0.0412465627864 0.0284142988084 0.0760769935839 0.0339138405133 0.0238313473877 0.00458295142071 0.0146654445463 0.229147571036
17 0.038496791934 0.00733272227314 0.0421631530706 0.0357470210816 0.006416131989 0.12832263978 0.0146654445463 0.00458295142071 0.0430797433547 0.0164986251146 0.00183318056829 0.044912923923 0.0861594867094 0.0375802016499 0.038496791934 0.0779101741522 0.0678276810266 0.00733272227314 0.00458295142071 0.006416131989 0.289642529789
18 0.0339138405133 0.00824931255729 0.0357470210816 0.025664527956 0.006416131989 0.230980751604 0.0164986251146 0.00916590284143 0.0595783684693 0.0183318056829 0.00824931255729 0.0504124656279 0.0174152153987 0.0274977085243 0.0614115490376 0.0494958753437 0.032080659945 0.0109990834097 0.00549954170486 0.0119156736939 0.280476626948
19 0.0595783684693 0.0155820348304 0.0201649862511 0.0430797433547 0.0137488542621 0.0504124656279 0.0247479376719 0.0421631530706 0.0916590284143 0.0375802016499 0.012832263978 0.0293308890926 0.0623281393217 0.0348304307974 0.0733272227314 0.0595783684693 0.0403299725023 0.0559120073327 0.00549954170486 0.0146654445463 0.212648945921
20 0.214482126489 0.0219981668194 0.0100824931256 0.0146654445463 0.0164986251146 0.16590284143 0.00916590284143 0.044912923923 0.0174152153987 0.0210815765353 0.025664527956 0.019248395967 0.006416131989 0.00549954170486 0.0284142988084 0.0861594867094 0.0540788267644 0.0678276810266 0.00549954170486 0.0201649862511 0.144821264895
21 0.134738771769 0.0155820348304 0.00824931255729 0.0119156736939 0.00458295142071 0.480293308891 0.00458295142071 0.0109990834097 0.0183318056829 0.00549954170486 0.00183318056829 0.0155820348304 0.00274977085243 0.0100824931256 0.0219981668194 0.0650779101742 0.0247479376719 0.0229147571036 0.00733272227314 0.00824931255729 0.124656278643
22 0.148487626031 0.0568285976169 0.00274977085243 0.00366636113657 0.0568285976169 0.0219981668194 0.00824931255729 0.114573785518 0.0155820348304 0.0604949587534 0.0219981668194 0.00183318056829 0.00366636113657 0.00733272227314 0.0100824931256 0.0494958753437 0.0329972502291 0.0797433547204 0.096241979835 0.0843263061412 0.122823098075
23 0.228230980752 0.00733272227314 0.00458295142071 0.006416131989 0.00458295142071 0.481209899175 0.0 0.006416131989 0.00366636113657 0.006416131989 0.00366636113657 0.00274977085243 0.00733272227314 0.00824931255729 0.0238313473877 0.0504124656279 0.012832263978 0.0219981668194 0.00274977085243 0.00366636113657 0.113657195234
24 0.134738771769 0.032080659945 0.000916590284143 0.00183318056829 0.0870760769936 0.108157653529 0.0 0.089825847846 0.00183318056829 0.0375802016499 0.0109990834097 0.00183318056829 0.00366636113657 0.000916590284143 0.006416131989 0.0375802016499 0.0119156736939 0.175068744271 0.0733272227314 0.0724106324473 0.111824014665
25 0.105407882676 0.0210815765353 0.000916590284143 0.00366636113657 0.0412465627864 0.00824931255729 0.012832263978 0.13932172319 0.00824931255729 0.0797433547204 0.0146654445463 0.00274977085243 0.00183318056829 0.00733272227314 0.00458295142071 0.0229147571036 0.0302474793767 0.286892758937 0.0229147571036 0.0678276810266 0.11732355637
26 0.0678276810266 0.0329972502291 0.00916590284143 0.00733272227314 0.0696608615949 0.0531622364803 0.00916590284143 0.173235563703 0.00733272227314 0.144821264895 0.0164986251146 0.00549954170486 0.006416131989 0.006416131989 0.019248395967 0.0348304307974 0.0164986251146 0.138405132906 0.032080659945 0.0339138405133 0.115490375802
27 0.0265811182401 0.0164986251146 0.0109990834097 0.051329055912 0.0348304307974 0.0357470210816 0.0201649862511 0.0439963336389 0.0549954170486 0.0494958753437 0.0109990834097 0.0164986251146 0.0458295142071 0.0357470210816 0.190650779102 0.0430797433547 0.0403299725023 0.0889092575619 0.0155820348304 0.0604949587534 0.107241063245
28 0.032080659945 0.0119156736939 0.178735105408 0.0412465627864 0.032080659945 0.0458295142071 0.0348304307974 0.0274977085243 0.0293308890926 0.0375802016499 0.000916590284143 0.0916590284143 0.0339138405133 0.0265811182401 0.0403299725023 0.0779101741522 0.0366636113657 0.0265811182401 0.0137488542621 0.0540788267644 0.126489459212
29 0.0284142988084 0.00549954170486 0.096241979835 0.0650779101742 0.0119156736939 0.180568285976 0.0265811182401 0.00916590284143 0.032080659945 0.0274977085243 0.00458295142071 0.0953253895509 0.0678276810266 0.0329972502291 0.0375802016499 0.057745187901 0.051329055912 0.0164986251146 0.00458295142071 0.006416131989 0.142071494042
30 0.0339138405133 0.00458295142071 0.0806599450046 0.0687442713107 0.00549954170486 0.253895508708 0.0265811182401 0.0119156736939 0.0458295142071 0.0155820348304 0.006416131989 0.0595783684693 0.0238313473877 0.0311640696609 0.0366636113657 0.0687442713107 0.0366636113657 0.0183318056829 0.00458295142071 0.00733272227314 0.159486709441
31 0.0348304307974 0.012832263978 0.051329055912 0.0806599450046 0.051329055912 0.0394133822181 0.0357470210816 0.0403299725023 0.0476626947754 0.0394133822181 0.0210815765353 0.0229147571036 0.0201649862511 0.0476626947754 0.0522456461962 0.0595783684693 0.0412465627864 0.0751604032997 0.0467461044913 0.0146654445463 0.164986251146
32 0.032080659945 0.012832263978 0.0229147571036 0.0614115490376 0.0302474793767 0.0238313473877 0.019248395967 0.110907424381 0.0421631530706 0.076993583868 0.0137488542621 0.0293308890926 0.0568285976169 0.0394133822181 0.0522456461962 0.0439963336389 0.0339138405133 0.109990834097 0.019248395967 0.0219981668194 0.146654445463
33 0.0476626947754 0.0164986251146 0.0155820348304 0.0357470210816 0.038496791934 0.0458295142071 0.0302474793767 0.0779101741522 0.0714940421632 0.108157653529 0.0210815765353 0.0247479376719 0.00916590284143 0.0311640696609 0.0696608615949 0.0412465627864 0.0485792850596 0.0549954170486 0.0284142988084 0.0430797433547 0.140238313474
34 0.0907424381302 0.0109990834097 0.0293308890926 0.0779101741522 0.0210815765353 0.0870760769936 0.0357470210816 0.0293308890926 0.0375802016499 0.0458295142071 0.0137488542621 0.0751604032997 0.019248395967 0.0458295142071 0.0430797433547 0.0797433547204 0.0504124656279 0.0485792850596 0.0100824931256 0.0164986251146 0.131989000917
35 0.076993583868 0.0174152153987 0.0183318056829 0.032080659945 0.123739688359 0.0412465627864 0.0238313473877 0.0788267644363 0.0348304307974 0.0879926672777 0.0201649862511 0.012832263978 0.0109990834097 0.0183318056829 0.0348304307974 0.0586617781852 0.0485792850596 0.0568285976169 0.0265811182401 0.0504124656279 0.126489459212
36 0.105407882676 0.019248395967 0.0201649862511 0.0201649862511 0.0311640696609 0.083409715857 0.0219981668194 0.0137488542621 0.0632447296059 0.0329972502291 0.006416131989 0.0183318056829 0.0174152153987 0.0366636113657 0.0595783684693 0.212648945921 0.0394133822181 0.0293308890926 0.00824931255729 0.0458295142071 0.114573785518
37 0.0513748854262 0.0192942254812 0.0192942254812 0.0477085242896 0.0302933088909 0.151283226398 0.0119615032081 0.0376260311641 0.0678735105408 0.0678735105408 0.0119615032081 0.0174610449129 0.0513748854262 0.0257103574702 0.0843721356554 0.0605407882676 0.0266269477544 0.0559578368469 0.0174610449129 0.0284601283226 0.115490375802
38 0.0476626947754 0.0201649862511 0.0265811182401 0.0339138405133 0.0357470210816 0.0806599450046 0.0210815765353 0.051329055912 0.0549954170486 0.10174152154 0.0174152153987 0.0339138405133 0.0669110907424 0.0238313473877 0.0476626947754 0.0751604032997 0.044912923923 0.044912923923 0.00183318056829 0.0348304307974 0.134738771769
39 0.0394133822181 0.0229147571036 0.038496791934 0.0687442713107 0.0458295142071 0.0559120073327 0.0247479376719 0.070577451879 0.0394133822181 0.122823098075 0.0155820348304 0.0265811182401 0.0687442713107 0.0201649862511 0.0531622364803 0.0559120073327 0.0403299725023 0.0559120073327 0.006416131989 0.0274977085243 0.100824931256
40 0.0541246562786 0.0110449129239 0.0623739688359 0.0550412465628 0.0247937671861 0.158615948671 0.0357928505958 0.0165444546288 0.0422089825848 0.0376260311641 0.00462878093492 0.0577910174152 0.0862053162236 0.0367094408799 0.0486251145738 0.0541246562786 0.0532080659945 0.0174610449129 0.00462878093492 0.0156278643446 0.122823098075
41 0.0614115490376 0.0302474793767 0.051329055912 0.051329055912 0.0247479376719 0.06416131989 0.0348304307974 0.0531622364803 0.0540788267644 0.0504124656279 0.012832263978 0.057745187901 0.044912923923 0.0311640696609 0.0412465627864 0.0586617781852 0.0421631530706 0.0696608615949 0.00733272227314 0.0293308890926 0.129239230064
42 0.0999083409716 0.0494958753437 0.0164986251146 0.0210815765353 0.0174152153987 0.0595783684693 0.0394133822181 0.0329972502291 0.0293308890926 0.0540788267644 0.0174152153987 0.0293308890926 0.044912923923 0.0678276810266 0.0366636113657 0.0980751604033 0.109990834097 0.044912923923 0.0137488542621 0.025664527956 0.0916590284143
43 0.0128780934922 0.0128780934922 0.0935380384968 0.0275435380385 0.00829514207149 0.0229605866178 0.0156278643446 0.0110449129239 0.0137946837764 0.0165444546288 0.00462878093492 0.0687901008249 0.00829514207149 0.0156278643446 0.0174610449129 0.280522456462 0.268606782768 0.00554537121907 0.00279560036664 0.00829514207149 0.0843263061412
44 0.118240146654 0.00274977085243 0.00366636113657 0.0174152153987 0.006416131989 0.0137488542621 0.0109990834097 0.0944087992667 0.0109990834097 0.019248395967 0.00274977085243 0.197066911091 0.0742438130156 0.0155820348304 0.0146654445463 0.15490375802 0.0302474793767 0.122823098075 0.0 0.006416131989 0.083409715857
45 0.0357470210816 0.00458295142071 0.0247479376719 0.0311640696609 0.0879926672777 0.0201649862511 0.0329972502291 0.0430797433547 0.0164986251146 0.108157653529 0.0155820348304 0.199816681943 0.0109990834097 0.0815765352887 0.019248395967 0.032080659945 0.0568285976169 0.0357470210816 0.00274977085243 0.0595783684693 0.0806599450046
46 0.06416131989 0.00824931255729 0.0604949587534 0.118240146654 0.0238313473877 0.0219981668194 0.0339138405133 0.0467461044913 0.0311640696609 0.0412465627864 0.0265811182401 0.0146654445463 0.00733272227314 0.0815765352887 0.118240146654 0.0366636113657 0.0724106324473 0.0714940421632 0.0155820348304 0.0274977085243 0.0779101741522
47 0.527039413382 0.0274977085243 0.00274977085243 0.00366636113657 0.00549954170486 0.083409715857 0.00183318056829 0.0155820348304 0.0119156736939 0.0586617781852 0.0421631530706 0.00366636113657 0.00916590284143 0.00274977085243 0.0137488542621 0.0494958753437 0.0339138405133 0.0412465627864 0.0 0.00366636113657 0.0623281393217
48 0.0119615032081 0.00096241979835 0.0156278643446 0.780980751604 4.58295142071e-05 0.0156278643446 0.00371219065078 0.00462878093492 0.0321264894592 0.0101283226398 0.00096241979835 0.00371219065078 0.00279560036664 0.0147112740605 0.00462878093492 0.00829514207149 0.0101283226398 0.0110449129239 0.00096241979835 0.00371219065078 0.0632447296059
49 0.120989917507 0.0146654445463 0.000916590284143 0.012832263978 0.0403299725023 0.00733272227314 0.00183318056829 0.102658111824 0.00274977085243 0.392300641613 0.0412465627864 0.00183318056829 0.00366636113657 0.00549954170486 0.00366636113657 0.0137488542621 0.0284142988084 0.0531622364803 0.0109990834097 0.083409715857 0.057745187901
50 0.0806599450046 0.0174152153987 0.00458295142071 0.0944087992667 0.0366636113657 0.012832263978 0.0265811182401 0.0559120073327 0.0366636113657 0.167736021998 0.0687442713107 0.0155820348304 0.00274977085243 0.057745187901 0.0559120073327 0.0311640696609 0.0430797433547 0.0659945004583 0.0238313473877 0.051329055912 0.0504124656279
51 0.662694775435 0.00733272227314 0.00549954170486 0.006416131989 0.00183318056829 0.149404216315 0.000916590284143 0.00458295142071 0.00183318056829 0.00458295142071 0.00366636113657 0.000916590284143 0.00549954170486 0.00274977085243 0.00183318056829 0.0439963336389 0.0219981668194 0.0229147571036 0.000916590284143 0.000916590284143 0.0494958753437
52 0.0989917506874 0.0467461044913 0.00183318056829 0.00366636113657 0.0293308890926 0.006416131989 0.00183318056829 0.302474793767 0.0 0.234647112741 0.0412465627864 0.00366636113657 0.00183318056829 0.00183318056829 0.000916590284143 0.0100824931256 0.00824931255729 0.157653528873 0.000916590284143 0.00274977085243 0.044912923923
53 0.0669110907424 0.0174152153987 0.0109990834097 0.0293308890926 0.0265811182401 0.0146654445463 0.0155820348304 0.15490375802 0.06416131989 0.232813932172 0.0155820348304 0.0155820348304 0.00183318056829 0.0238313473877 0.0797433547204 0.0247479376719 0.0339138405133 0.0669110907424 0.0137488542621 0.0458295142071 0.044912923923
54 0.0788267644363 0.012832263978 0.0394133822181 0.14390467461 0.032080659945 0.0100824931256 0.0485792850596 0.0348304307974 0.0788267644363 0.119156736939 0.0357470210816 0.0375802016499 0.00366636113657 0.051329055912 0.0687442713107 0.032080659945 0.0284142988084 0.0293308890926 0.032080659945 0.0394133822181 0.0430797433547
55 0.527039413382 0.0183318056829 0.00733272227314 0.00733272227314 0.00458295142071 0.232813932172 0.000916590284143 0.00916590284143 0.0 0.0274977085243 0.00183318056829 0.00274977085243 0.00183318056829 0.00183318056829 0.00458295142071 0.0421631530706 0.0201649862511 0.0430797433547 0.00183318056829 0.00183318056829 0.0430797433547
56 0.038496791934 0.012832263978 0.000916590284143 0.00366636113657 0.032080659945 0.0 0.006416131989 0.142071494042 0.00183318056829 0.527956003666 0.0522456461962 0.0 0.00183318056829 0.00183318056829 0.00274977085243 0.00458295142071 0.0146654445463 0.109074243813 0.0 0.00458295142071 0.0421631530706
57 0.0329972502291 0.0109990834097 0.0430797433547 0.177818515124 0.00458295142071 0.0201649862511 0.025664527956 0.0229147571036 0.138405132906 0.0632447296059 0.0109990834097 0.0348304307974 0.00366636113657 0.109074243813 0.125572868928 0.0632447296059 0.0293308890926 0.0219981668194 0.00458295142071 0.0146654445463 0.0421631530706
58 0.076993583868 0.0174152153987 0.0210815765353 0.0229147571036 0.0476626947754 0.00549954170486 0.0531622364803 0.0916590284143 0.0403299725023 0.150320806599 0.0366636113657 0.012832263978 0.000916590284143 0.0421631530706 0.070577451879 0.0540788267644 0.0421631530706 0.044912923923 0.0595783684693 0.06416131989 0.044912923923
59 0.327268560953 0.0412923923006 0.00737855178735 0.00279560036664 0.0504582951421 0.0238771769019 0.0137946837764 0.108203483043 0.00187901008249 0.143950504125 0.0293767186068 0.00737855178735 0.00371219065078 0.00371219065078 0.0156278643446 0.0202108157654 0.0422089825848 0.0944546287809 0.00554537121907 0.00921173235564 0.0476626947754
60 0.0714940421632 0.0119156736939 0.0247479376719 0.0586617781852 0.0155820348304 0.0247479376719 0.0274977085243 0.0687442713107 0.0907424381302 0.11732355637 0.0183318056829 0.032080659945 0.070577451879 0.0458295142071 0.06416131989 0.044912923923 0.0348304307974 0.0522456461962 0.0403299725023 0.0201649862511 0.0650779101742
61 0.0421631530706 0.012832263978 0.0549954170486 0.0687442713107 0.012832263978 0.186984417965 0.0229147571036 0.012832263978 0.0733272227314 0.0302474793767 0.00366636113657 0.0870760769936 0.0522456461962 0.0421631530706 0.0788267644363 0.06416131989 0.0302474793767 0.0219981668194 0.006416131989 0.0119156736939 0.083409715857
62 0.051329055912 0.0247479376719 0.0760769935839 0.0274977085243 0.0714940421632 0.0595783684693 0.0274977085243 0.0751604032997 0.0293308890926 0.0797433547204 0.012832263978 0.0540788267644 0.0595783684693 0.0164986251146 0.0421631530706 0.0458295142071 0.0421631530706 0.0595783684693 0.0201649862511 0.0559120073327 0.0687442713107
63 0.051329055912 0.0293308890926 0.0494958753437 0.057745187901 0.0174152153987 0.0421631530706 0.0403299725023 0.012832263978 0.107241063245 0.0311640696609 0.0164986251146 0.0467461044913 0.0284142988084 0.057745187901 0.121906507791 0.0843263061412 0.0989917506874 0.0302474793767 0.00183318056829 0.012832263978 0.0614115490376
64 0.025664527956 0.0137488542621 0.0549954170486 0.076993583868 0.00824931255729 0.025664527956 0.06416131989 0.0174152153987 0.129239230064 0.00916590284143 0.00549954170486 0.089825847846 0.0953253895509 0.0430797433547 0.120073327223 0.0879926672777 0.0559120073327 0.0274977085243 0.00366636113657 0.00824931255729 0.0375802016499
65 0.0559120073327 0.00824931255729 0.00733272227314 0.00274977085243 0.038496791934 0.0109990834097 0.00549954170486 0.237396883593 0.00366636113657 0.226397800183 0.012832263978 0.00458295142071 0.00458295142071 0.00274977085243 0.006416131989 0.00824931255729 0.0238313473877 0.278643446379 0.006416131989 0.0164986251146 0.038496791934
66 0.0403299725023 0.0210815765353 0.025664527956 0.070577451879 0.0238313473877 0.0 0.0522456461962 0.158570119157 0.0284142988084 0.0907424381302 0.0146654445463 0.0412465627864 0.00733272227314 0.0274977085243 0.0366636113657 0.0210815765353 0.107241063245 0.155820348304 0.0229147571036 0.0183318056829 0.0357470210816
67 0.0100824931256 0.0238313473877 0.00183318056829 0.00183318056829 0.0779101741522 0.00183318056829 0.00183318056829 0.442713107241 0.00274977085243 0.140238313474 0.0119156736939 0.000916590284143 0.00274977085243 0.00366636113657 0.00549954170486 0.00733272227314 0.00549954170486 0.218148487626 0.000916590284143 0.00458295142071 0.0339138405133
68 0.0430797433547 0.0339138405133 0.00549954170486 0.153987167736 0.140238313474 0.0100824931256 0.0430797433547 0.044912923923 0.038496791934 0.0925756186984 0.0174152153987 0.0183318056829 0.00274977085243 0.0201649862511 0.0559120073327 0.0146654445463 0.00458295142071 0.0659945004583 0.0137488542621 0.145737855179 0.0348304307974
69 0.0274977085243 0.0439963336389 0.00183318056829 0.006416131989 0.00549954170486 0.0742438130156 0.0100824931256 0.0348304307974 0.00183318056829 0.0394133822181 0.019248395967 0.0100824931256 0.00183318056829 0.00274977085243 0.00549954170486 0.279560036664 0.34738771769 0.0329972502291 0.00458295142071 0.0155820348304 0.0348304307974
70 0.00916590284143 0.00274977085243 0.776351970669 0.0137488542621 0.000916590284143 0.00733272227314 0.0155820348304 0.00274977085243 0.00916590284143 0.00274977085243 0.00183318056829 0.0348304307974 0.00916590284143 0.00183318056829 0.0137488542621 0.0284142988084 0.0146654445463 0.006416131989 0.0 0.00733272227314 0.0412465627864
71 0.0366636113657 0.111824014665 0.0201649862511 0.00916590284143 0.0137488542621 0.00458295142071 0.006416131989 0.00366636113657 0.00274977085243 0.0201649862511 0.00183318056829 0.116406966086 0.00549954170486 0.00366636113657 0.00183318056829 0.55087076077 0.00733272227314 0.006416131989 0.0 0.0183318056829 0.0586617781852
72 0.0568285976169 0.006416131989 0.0311640696609 0.0815765352887 0.00733272227314 0.012832263978 0.00824931255729 0.0229147571036 0.151237396884 0.118240146654 0.0238313473877 0.0238313473877 0.00733272227314 0.183318056829 0.0696608615949 0.0623281393217 0.0494958753437 0.012832263978 0.00366636113657 0.00824931255729 0.0586617781852
73 0.111824014665 0.000916590284143 0.0348304307974 0.0412465627864 0.038496791934 0.0311640696609 0.0146654445463 0.0265811182401 0.0146654445463 0.0953253895509 0.0137488542621 0.0494958753437 0.0201649862511 0.0274977085243 0.0201649862511 0.119156736939 0.0650779101742 0.0504124656279 0.00824931255729 0.151237396884 0.0650779101742
74 0.235563703025 0.0183318056829 0.00183318056829 0.00366636113657 0.0119156736939 0.00916590284143 0.0 0.083409715857 0.000916590284143 0.17690192484 0.0210815765353 0.006416131989 0.00183318056829 0.000916590284143 0.00183318056829 0.0467461044913 0.0403299725023 0.265811182401 0.000916590284143 0.00274977085243 0.0696608615949
75 0.0623281393217 0.0210815765353 0.00366636113657 0.0119156736939 0.0238313473877 0.00458295142071 0.00366636113657 0.248395967003 0.0164986251146 0.179651695692 0.0265811182401 0.00549954170486 0.00366636113657 0.0119156736939 0.012832263978 0.0219981668194 0.019248395967 0.243813015582 0.00366636113657 0.0247479376719 0.0504124656279
76 0.0494958753437 0.00274977085243 0.102658111824 0.0733272227314 0.00549954170486 0.0439963336389 0.0302474793767 0.012832263978 0.107241063245 0.0229147571036 0.0155820348304 0.123739688359 0.00549954170486 0.11274060495 0.0916590284143 0.0714940421632 0.0412465627864 0.0109990834097 0.00274977085243 0.0210815765353 0.0522456461962
77 0.166819431714 0.0476626947754 0.0155820348304 0.019248395967 0.019248395967 0.0797433547204 0.0265811182401 0.0439963336389 0.0284142988084 0.0806599450046 0.0357470210816 0.038496791934 0.00183318056829 0.0779101741522 0.0293308890926 0.0889092575619 0.0540788267644 0.0394133822181 0.0210815765353 0.019248395967 0.0659945004583
78 0.0394133822181 0.0174152153987 0.00183318056829 0.00366636113657 0.06416131989 0.00549954170486 0.00733272227314 0.235563703025 0.00274977085243 0.312557286893 0.0549954170486 0.00366636113657 0.006416131989 0.00366636113657 0.00549954170486 0.012832263978 0.0164986251146 0.118240146654 0.00916590284143 0.0155820348304 0.0632447296059
79 0.0604949587534 0.0155820348304 0.0284142988084 0.0430797433547 0.0119156736939 0.0284142988084 0.0293308890926 0.0164986251146 0.0925756186984 0.0494958753437 0.00824931255729 0.136571952337 0.00824931255729 0.0907424381302 0.0733272227314 0.083409715857 0.109990834097 0.0201649862511 0.00274977085243 0.0137488542621 0.076993583868
80 0.0293308890926 0.00824931255729 0.0604949587534 0.0549954170486 0.00824931255729 0.115490375802 0.0238313473877 0.0109990834097 0.114573785518 0.0183318056829 0.00549954170486 0.100824931256 0.006416131989 0.0329972502291 0.0742438130156 0.105407882676 0.0394133822181 0.012832263978 0.0 0.012832263978 0.164986251146
81 0.0183318056829 0.006416131989 0.0219981668194 0.0119156736939 0.0219981668194 0.0284142988084 0.0146654445463 0.0109990834097 0.0265811182401 0.0219981668194 0.00458295142071 0.0210815765353 0.0155820348304 0.0146654445463 0.0439963336389 0.0229147571036 0.0109990834097 0.00916590284143 0.115490375802 0.0238313473877 0.534372135655
82 0.0302933088909 0.0101283226398 0.0101283226398 0.00737855178735 0.0110449129239 0.0147112740605 0.00737855178735 0.0577910174152 0.0165444546288 0.0999541704858 0.0220439963336 0.00371219065078 0.0174610449129 0.00829514207149 0.0220439963336 0.0183776351971 0.0128780934922 0.0339596700275 0.00096241979835 0.0174610449129 0.57745187901
83 0.0293308890926 0.00458295142071 0.0302474793767 0.0430797433547 0.0100824931256 0.0155820348304 0.0164986251146 0.00916590284143 0.032080659945 0.0183318056829 0.00458295142071 0.0219981668194 0.0485792850596 0.019248395967 0.0183318056829 0.0348304307974 0.0238313473877 0.0137488542621 0.00824931255729 0.012832263978 0.584784601283
84 0.0137488542621 0.000916590284143 0.019248395967 0.0302474793767 0.00274977085243 0.0540788267644 0.00916590284143 0.0137488542621 0.0632447296059 0.0155820348304 0.00274977085243 0.0302474793767 0.0201649862511 0.0137488542621 0.0357470210816 0.0284142988084 0.0265811182401 0.0174152153987 0.00366636113657 0.00733272227314 0.591200733272
85 0.00549954170486 0.00549954170486 0.00549954170486 0.00458295142071 0.0100824931256 0.00733272227314 0.0100824931256 0.0109990834097 0.0109990834097 0.00733272227314 0.00366636113657 0.0109990834097 0.0119156736939 0.00458295142071 0.0137488542621 0.00916590284143 0.00458295142071 0.00824931255729 0.193400549954 0.0137488542621 0.648029330889
86 0.0302474793767 0.00458295142071 0.0119156736939 0.0439963336389 0.006416131989 0.00366636113657 0.00824931255729 0.00916590284143 0.0650779101742 0.0174152153987 0.00824931255729 0.00824931255729 0.006416131989 0.0210815765353 0.0412465627864 0.0210815765353 0.0109990834097 0.0119156736939 0.0 0.00274977085243 0.667277726856
87 0.0302474793767 0.000916590284143 0.0302474793767 0.0229147571036 0.00458295142071 0.006416131989 0.0100824931256 0.00916590284143 0.0439963336389 0.0174152153987 0.00916590284143 0.0155820348304 0.0155820348304 0.0219981668194 0.0540788267644 0.0164986251146 0.0164986251146 0.00366636113657 0.00183318056829 0.00549954170486 0.66361136572
88 0.0183318056829 0.00183318056829 0.00824931255729 0.0155820348304 0.00274977085243 0.0229147571036 0.0109990834097 0.00824931255729 0.0348304307974 0.00824931255729 0.0 0.089825847846 0.00458295142071 0.0146654445463 0.0522456461962 0.019248395967 0.0137488542621 0.006416131989 0.00366636113657 0.00549954170486 0.658111824015
89 0.025664527956 0.00366636113657 0.0568285976169 0.0467461044913 0.00366636113657 0.182401466544 0.00824931255729 0.0109990834097 0.0293308890926 0.00916590284143 0.006416131989 0.044912923923 0.0357470210816 0.0174152153987 0.0329972502291 0.0348304307974 0.0183318056829 0.0146654445463 0.00274977085243 0.00458295142071 0.410632447296
90 0.0174152153987 0.00274977085243 0.00549954170486 0.006416131989 0.0632447296059 0.00824931255729 0.006416131989 0.012832263978 0.0109990834097 0.0247479376719 0.0109990834097 0.00824931255729 0.0219981668194 0.00733272227314 0.019248395967 0.0265811182401 0.0155820348304 0.00549954170486 0.215398716774 0.0678276810266 0.442713107241
91 0.032080659945 0.00733272227314 0.0174152153987 0.0357470210816 0.006416131989 0.0238313473877 0.0100824931256 0.0439963336389 0.109074243813 0.0568285976169 0.0146654445463 0.0174152153987 0.0284142988084 0.044912923923 0.10174152154 0.0375802016499 0.0476626947754 0.0357470210816 0.000916590284143 0.006416131989 0.321723189734
92 0.0403299725023 0.0155820348304 0.0164986251146 0.0247479376719 0.00274977085243 0.019248395967 0.00733272227314 0.0201649862511 0.0614115490376 0.0146654445463 0.006416131989 0.0568285976169 0.0229147571036 0.0219981668194 0.0494958753437 0.0467461044913 0.0879926672777 0.0164986251146 0.00183318056829 0.00549954170486 0.461044912924
93 0.070577451879 0.00458295142071 0.0109990834097 0.0164986251146 0.00733272227314 0.0329972502291 0.012832263978 0.012832263978 0.0559120073327 0.0219981668194 0.00549954170486 0.0293308890926 0.032080659945 0.0247479376719 0.0531622364803 0.105407882676 0.0293308890926 0.0146654445463 0.000916590284143 0.00733272227314 0.450962419798
94 0.0265811182401 0.00458295142071 0.0797433547204 0.0219981668194 0.00458295142071 0.0311640696609 0.0155820348304 0.00824931255729 0.0412465627864 0.0155820348304 0.00274977085243 0.0430797433547 0.0302474793767 0.0238313473877 0.0476626947754 0.083409715857 0.0403299725023 0.0119156736939 0.000916590284143 0.006416131989 0.46012832264
95 0.0247479376719 0.012832263978 0.0219981668194 0.0284142988084 0.0100824931256 0.187901008249 0.00916590284143 0.0164986251146 0.0366636113657 0.0201649862511 0.00366636113657 0.032080659945 0.025664527956 0.0247479376719 0.0311640696609 0.0329972502291 0.0164986251146 0.012832263978 0.000916590284143 0.00733272227314 0.443629697525
96 0.0238313473877 0.00366636113657 0.0183318056829 0.0623281393217 0.00824931255729 0.0485792850596 0.0247479376719 0.0174152153987 0.083409715857 0.0219981668194 0.00366636113657 0.0366636113657 0.0174152153987 0.0522456461962 0.044912923923 0.0659945004583 0.0375802016499 0.0229147571036 0.00274977085243 0.0100824931256 0.393217231897
97 0.0302474793767 0.00733272227314 0.038496791934 0.0476626947754 0.0183318056829 0.0485792850596 0.0238313473877 0.0311640696609 0.032080659945 0.0522456461962 0.00733272227314 0.025664527956 0.157653528873 0.0210815765353 0.0412465627864 0.051329055912 0.0247479376719 0.0302474793767 0.000916590284143 0.0302474793767 0.279560036664
98 0.0485792850596 0.0183318056829 0.0146654445463 0.0210815765353 0.0155820348304 0.0183318056829 0.0329972502291 0.109074243813 0.0229147571036 0.083409715857 0.006416131989 0.00824931255729 0.0329972502291 0.0201649862511 0.0366636113657 0.0412465627864 0.0430797433547 0.161319890009 0.0137488542621 0.0119156736939 0.239230064161
99 0.0815765352887 0.00458295142071 0.025664527956 0.0504124656279 0.006416131989 0.0247479376719 0.0146654445463 0.0302474793767 0.106324472961 0.0504124656279 0.006416131989 0.025664527956 0.0586617781852 0.0412465627864 0.0568285976169 0.057745187901 0.0439963336389 0.0485792850596 0.00366636113657 0.0174152153987 0.244729605866
100 0.0284142988084 0.0109990834097 0.0311640696609 0.0357470210816 0.0348304307974 0.0284142988084 0.0678276810266 0.0485792850596 0.00916590284143 0.0632447296059 0.0201649862511 0.197066911091 0.00733272227314 0.0109990834097 0.0210815765353 0.0650779101742 0.0366636113657 0.0247479376719 0.00733272227314 0.051329055912 0.199816681943
101 0.096241979835 0.00916590284143 0.0265811182401 0.025664527956 0.0137488542621 0.0467461044913 0.0339138405133 0.0329972502291 0.0687442713107 0.0650779101742 0.00916590284143 0.0284142988084 0.0467461044913 0.0751604032997 0.100824931256 0.0549954170486 0.0357470210816 0.0375802016499 0.00916590284143 0.0238313473877 0.159486709441
102 0.06416131989 0.006416131989 0.138405132906 0.127406049496 0.0137488542621 0.0357470210816 0.0293308890926 0.0274977085243 0.0540788267644 0.0375802016499 0.0219981668194 0.0439963336389 0.0714940421632 0.0412465627864 0.057745187901 0.0696608615949 0.0430797433547 0.0247479376719 0.00733272227314 0.0183318056829 0.0659945004583
103 0.0329972502291 0.0137488542621 0.0100824931256 0.038496791934 0.0522456461962 0.00733272227314 0.00916590284143 0.175068744271 0.0174152153987 0.325389550871 0.0183318056829 0.006416131989 0.00824931255729 0.0238313473877 0.0229147571036 0.0155820348304 0.0238313473877 0.0586617781852 0.0119156736939 0.0595783684693 0.0687442713107
104 0.0476626947754 0.0146654445463 0.00274977085243 0.006416131989 0.0806599450046 0.00274977085243 0.019248395967 0.131072410632 0.0247479376719 0.163153070577 0.0357470210816 0.00916590284143 0.00366636113657 0.0137488542621 0.0403299725023 0.0201649862511 0.0183318056829 0.109990834097 0.132905591201 0.0549954170486 0.0678276810266
105 0.0494958753437 0.00824931255729 0.0604949587534 0.118240146654 0.0137488542621 0.0146654445463 0.0302474793767 0.0229147571036 0.114573785518 0.057745187901 0.0219981668194 0.0504124656279 0.012832263978 0.109074243813 0.125572868928 0.0559120073327 0.032080659945 0.0183318056829 0.00366636113657 0.0164986251146 0.0632447296059
106 0.096241979835 0.0119156736939 0.0925756186984 0.149404216315 0.0174152153987 0.00733272227314 0.0219981668194 0.0403299725023 0.0806599450046 0.0678276810266 0.0155820348304 0.0339138405133 0.0119156736939 0.0714940421632 0.0806599450046 0.0531622364803 0.0339138405133 0.019248395967 0.00733272227314 0.0201649862511 0.0669110907424
107 0.0843263061412 0.0357470210816 0.00458295142071 0.006416131989 0.038496791934 0.00274977085243 0.00366636113657 0.29422548121 0.000916590284143 0.226397800183 0.0284142988084 0.00824931255729 0.00366636113657 0.00366636113657 0.0146654445463 0.0210815765353 0.0339138405133 0.100824931256 0.0100824931256 0.0210815765353 0.0568285976169
108 0.06416131989 0.012832263978 0.0678276810266 0.044912923923 0.0247479376719 0.0174152153987 0.0430797433547 0.0614115490376 0.0870760769936 0.0989917506874 0.0229147571036 0.0329972502291 0.00824931255729 0.0540788267644 0.109990834097 0.0403299725023 0.0311640696609 0.051329055912 0.0302474793767 0.0284142988084 0.0678276810266
109 0.0907424381302 0.012832263978 0.0907424381302 0.144821264895 0.0183318056829 0.0274977085243 0.0348304307974 0.0174152153987 0.0925756186984 0.0394133822181 0.00733272227314 0.0476626947754 0.00824931255729 0.0531622364803 0.0879926672777 0.0751604032997 0.0430797433547 0.0137488542621 0.00824931255729 0.0164986251146 0.0696608615949
110 0.0696608615949 0.0247479376719 0.0119156736939 0.0375802016499 0.0412465627864 0.012832263978 0.012832263978 0.0815765352887 0.0311640696609 0.323556370302 0.0375802016499 0.0137488542621 0.00274977085243 0.0311640696609 0.0522456461962 0.0284142988084 0.0302474793767 0.0421631530706 0.0201649862511 0.025664527956 0.0687442713107
111 0.0742438130156 0.0357470210816 0.0119156736939 0.0293308890926 0.0339138405133 0.0119156736939 0.0146654445463 0.102658111824 0.051329055912 0.232813932172 0.0623281393217 0.0155820348304 0.00824931255729 0.0293308890926 0.0421631530706 0.0522456461962 0.0284142988084 0.057745187901 0.0109990834097 0.019248395967 0.0751604032997
112 0.0614115490376 0.0119156736939 0.0623281393217 0.102658111824 0.006416131989 0.0348304307974 0.0293308890926 0.019248395967 0.104491292392 0.0458295142071 0.0155820348304 0.0614115490376 0.0201649862511 0.0751604032997 0.132905591201 0.0806599450046 0.025664527956 0.0164986251146 0.00549954170486 0.0109990834097 0.076993583868
113 0.0430797433547 0.0164986251146 0.0540788267644 0.0980751604033 0.0100824931256 0.0751604032997 0.0274977085243 0.0164986251146 0.0953253895509 0.051329055912 0.0119156736939 0.0549954170486 0.0210815765353 0.0788267644363 0.0907424381302 0.083409715857 0.0439963336389 0.0219981668194 0.00366636113657 0.0137488542621 0.0879926672777
114 0.0247937671861 0.0137946837764 0.0220439963336 0.0202108157654 0.139367552704 0.0394592117324 0.0614573785518 0.0724564619615 0.0440421631531 0.117369385885 0.0202108157654 0.0367094408799 0.0101283226398 0.0147112740605 0.0926214482126 0.0238771769019 0.0257103574702 0.0522914757104 0.0312098991751 0.0266269477544 0.110907424381
115 0.0274977085243 0.0174152153987 0.0733272227314 0.0907424381302 0.0155820348304 0.0421631530706 0.0284142988084 0.0164986251146 0.0916590284143 0.0412465627864 0.00366636113657 0.0843263061412 0.0522456461962 0.0485792850596 0.0806599450046 0.0989917506874 0.057745187901 0.0311640696609 0.00366636113657 0.0137488542621 0.0806599450046
116 0.0219981668194 0.0439963336389 0.00458295142071 0.00733272227314 0.0604949587534 0.00274977085243 0.0137488542621 0.196150320807 0.012832263978 0.122823098075 0.00824931255729 0.00274977085243 0.0183318056829 0.00366636113657 0.0100824931256 0.019248395967 0.0531622364803 0.281393217232 0.0229147571036 0.0210815765353 0.0724106324473
117 0.0274977085243 0.0100824931256 0.0375802016499 0.100824931256 0.032080659945 0.0164986251146 0.0403299725023 0.0329972502291 0.0824931255729 0.0394133822181 0.0146654445463 0.0302474793767 0.00183318056829 0.0559120073327 0.0971585701192 0.109990834097 0.11274060495 0.0531622364803 0.006416131989 0.0274977085243 0.070577451879
118 0.0229147571036 0.00733272227314 0.00549954170486 0.00549954170486 0.242896425298 0.00916590284143 0.00274977085243 0.163153070577 0.00274977085243 0.200733272227 0.0183318056829 0.000916590284143 0.006416131989 0.00183318056829 0.00366636113657 0.006416131989 0.0119156736939 0.146654445463 0.0439963336389 0.0210815765353 0.0760769935839
