POS A C D E F G H I K L M N P Q R S T V W Y -
1 0.00253807106599 0.000846023688663 0.0 0.00169204737733 0.0 0.00253807106599 0.0 0.00253807106599 0.00676818950931 0.0093062605753 0.0219966159052 0.0160744500846 0.00253807106599 0.00338409475465 0.000846023688663 0.000846023688663 0.0 0.00253807106599 0.0 0.000846023688663 0.924703891709
2 0.00846023688663 0.00169204737733 0.0287648054146 0.0346869712352 0.000846023688663 0.0093062605753 0.010152284264 0.00423011844332 0.0126903553299 0.0109983079526 0.0329949238579 0.0236886632826 0.0507614213198 0.0169204737733 0.0109983079526 0.0414551607445 0.0177664974619 0.00592216582064 0.0 0.00169204737733 0.675972927242
3 0.0152284263959 0.00253807106599 0.072758037225 0.0355329949239 0.00592216582064 0.130287648054 0.0135363790186 0.00761421319797 0.0270727580372 0.0126903553299 0.0194585448393 0.0499153976311 0.0423011844332 0.0160744500846 0.0321489001692 0.0397631133672 0.0313028764805 0.00253807106599 0.00169204737733 0.0143824027073 0.427241962775
4 0.0482656514382 0.018654822335 0.0474196277496 0.0457275803723 0.0321912013536 0.0245769881557 0.026269035533 0.018654822335 0.0431895093063 0.0195008460237 0.0220389170897 0.0195008460237 0.0347292724196 0.018654822335 0.0330372250423 0.0524957698816 0.0753384094755 0.031345177665 0.0516497461929 0.023730964467 0.313028764805
5 0.0279610829103 0.0144247038917 0.00427241962775 0.00596446700508 0.0355752961083 0.00596446700508 0.0118866328257 0.126099830795 0.00850253807107 0.177707275804 0.033883248731 0.0076565143824 0.0169627749577 0.0118866328257 0.018654822335 0.00934856175973 0.0406514382403 0.139636209814 0.033883248731 0.0423434856176 0.226734348562
6 0.0296108291032 0.010152284264 0.0194585448393 0.0355329949239 0.0118443316413 0.00423011844332 0.0372250423012 0.082910321489 0.170050761421 0.0507614213198 0.00846023688663 0.0253807106599 0.00592216582064 0.0253807106599 0.0516074450085 0.0287648054146 0.0913705583756 0.116751269036 0.00592216582064 0.0186125211506 0.170050761421
7 0.0634940778342 0.0550338409475 4.23011844332e-05 0.00258037225042 0.0550338409475 0.00850253807107 0.00258037225042 0.240313028765 0.00173434856176 0.154018612521 0.0195008460237 0.00427241962775 0.00342639593909 0.000888324873096 0.00342639593909 0.00258037225042 0.00596446700508 0.197165820643 0.016116751269 0.0144247038917 0.148900169205
8 0.0465313028765 0.00423011844332 0.00253807106599 0.0093062605753 0.163282571912 0.00592216582064 0.0253807106599 0.0186125211506 0.00761421319797 0.010152284264 0.00423011844332 0.142978003384 0.00253807106599 0.0126903553299 0.010152284264 0.0236886632826 0.0203045685279 0.010152284264 0.0397631133672 0.297800338409 0.142131979695
9 0.0304568527919 0.0439932318105 0.00676818950931 0.00507614213198 0.0685279187817 0.00761421319797 0.000846023688663 0.0761421319797 0.00169204737733 0.0245346869712 0.0118443316413 0.000846023688663 0.00423011844332 0.00338409475465 0.00253807106599 0.0702199661591 0.340101522843 0.155668358714 0.00169204737733 0.00592216582064 0.137901861252
10 0.0271150592217 0.00681049069374 0.698011844332 0.0178087986464 0.000888324873096 0.018654822335 0.0152707275804 0.00427241962775 0.0076565143824 0.00342639593909 0.00596446700508 0.0195008460237 0.00342639593909 0.00173434856176 0.0101945854484 0.013578680203 0.00850253807107 0.00173434856176 4.23011844332e-05 0.000888324873096 0.134517766497
11 0.194585448393 0.00253807106599 0.00676818950931 0.00761421319797 0.000846023688663 0.528764805415 0.00423011844332 0.00338409475465 0.00253807106599 0.00423011844332 0.00676818950931 0.00846023688663 0.00423011844332 0.00169204737733 0.0135363790186 0.0321489001692 0.0203045685279 0.0194585448393 0.000846023688663 0.00338409475465 0.133671742809
12 0.165820642978 0.0177664974619 0.00592216582064 0.00423011844332 0.00676818950931 0.0566835871404 0.00592216582064 0.010152284264 0.00423011844332 0.0126903553299 0.00253807106599 0.00761421319797 0.00846023688663 0.00507614213198 0.0093062605753 0.484771573604 0.0262267343486 0.0219966159052 0.00253807106599 0.00507614213198 0.136209813875
13 0.0626480541455 0.115101522843 0.00934856175973 0.0076565143824 0.0846446700508 0.0195008460237 0.0144247038917 0.0195008460237 0.0618020304569 0.0321912013536 0.0228849407783 0.00511844331641 0.00681049069374 0.00850253807107 0.0431895093063 0.0854906937394 0.0330372250423 0.0677241962775 0.0524957698816 0.0618020304569 0.186125211506
14 0.0220389170897 0.0152707275804 0.0524957698816 0.0279610829103 0.0279610829103 0.0144247038917 0.0347292724196 0.0550338409475 0.0871827411168 0.0761844331641 0.0118866328257 0.0601099830795 0.013578680203 0.026269035533 0.111717428088 0.0651861252115 0.0440355329949 0.031345177665 0.00173434856176 0.026269035533 0.194585448393
15 0.0524957698816 0.00850253807107 0.0406514382403 0.0558798646362 0.00427241962775 0.110871404399 0.0279610829103 0.0169627749577 0.0685702199662 0.021192893401 0.00934856175973 0.0795685279188 0.0770304568528 0.0381133671743 0.0440355329949 0.0660321489002 0.0296531302876 0.031345177665 0.00596446700508 0.0195008460237 0.192047377327
16 0.0347292724196 0.00681049069374 0.0744923857868 0.0567258883249 0.0118866328257 0.0626480541455 0.0245769881557 0.0110406091371 0.0626480541455 0.0169627749577 0.00511844331641 0.165016920474 0.0245769881557 0.0296531302876 0.0347292724196 0.0744923857868 0.0355752961083 0.0228849407783 0.00511844331641 0.0110406091371 0.229272419628
17 0.0372250423012 0.00592216582064 0.0372250423012 0.0363790186125 0.00507614213198 0.137901861252 0.0177664974619 0.00423011844332 0.0380710659898 0.0186125211506 0.00423011844332 0.0482233502538 0.082910321489 0.0380710659898 0.0406091370558 0.075296108291 0.0710659898477 0.00846023688663 0.00338409475465 0.00592216582064 0.283417935702
18 0.0338409475465 0.0093062605753 0.0304568527919 0.0219966159052 0.00846023688663 0.219120135364 0.0169204737733 0.00761421319797 0.0626057529611 0.0211505922166 0.00761421319797 0.0456852791878 0.0169204737733 0.0279187817259 0.0575296108291 0.0482233502538 0.0313028764805 0.0118443316413 0.00507614213198 0.0109983079526 0.305414551607
19 0.0617597292724 0.0143824027073 0.0203045685279 0.0389170896785 0.0126903553299 0.0499153976311 0.0211505922166 0.0406091370558 0.0871404399323 0.0389170896785 0.0135363790186 0.0262267343486 0.0558375634518 0.0363790186125 0.0719120135364 0.0693739424704 0.0380710659898 0.0558375634518 0.00423011844332 0.0135363790186 0.229272419628
20 0.206429780034 0.0245346869712 0.0143824027073 0.0160744500846 0.0152284263959 0.172588832487 0.00676818950931 0.0465313028765 0.0160744500846 0.0194585448393 0.0228426395939 0.0186125211506 0.00592216582064 0.00592216582064 0.0270727580372 0.0786802030457 0.0566835871404 0.0812182741117 0.00338409475465 0.0177664974619 0.143824027073
21 0.138747884941 0.0135363790186 0.00676818950931 0.0109983079526 0.00676818950931 0.480541455161 0.00338409475465 0.00846023688663 0.0169204737733 0.00676818950931 0.00423011844332 0.0143824027073 0.00338409475465 0.0093062605753 0.0228426395939 0.0702199661591 0.0262267343486 0.0194585448393 0.00676818950931 0.00338409475465 0.126903553299
22 0.140439932318 0.0549915397631 0.00253807106599 0.00253807106599 0.0600676818951 0.0253807106599 0.0093062605753 0.105752961083 0.0118443316413 0.0600676818951 0.0194585448393 0.00338409475465 0.00253807106599 0.00676818950931 0.0126903553299 0.0465313028765 0.0304568527919 0.0837563451777 0.104060913706 0.0862944162437 0.131133671743
23 0.225042301184 0.010152284264 0.00423011844332 0.00592216582064 0.00338409475465 0.485617597293 0.0 0.00676818950931 0.00423011844332 0.00592216582064 0.00423011844332 0.00253807106599 0.00592216582064 0.00592216582064 0.0211505922166 0.0516074450085 0.0135363790186 0.0194585448393 0.00169204737733 0.00338409475465 0.119289340102
24 0.142131979695 0.0321489001692 0.00253807106599 0.00169204737733 0.0846023688663 0.115059221658 0.0 0.093062605753 0.00169204737733 0.0389170896785 0.0126903553299 0.00169204737733 0.00507614213198 0.0 0.00592216582064 0.0338409475465 0.0109983079526 0.169204737733 0.0710659898477 0.0626057529611 0.115059221658
25 0.103214890017 0.0203045685279 0.000846023688663 0.00423011844332 0.0439932318105 0.0109983079526 0.0135363790186 0.133671742809 0.00761421319797 0.082910321489 0.0186125211506 0.00423011844332 0.000846023688663 0.00676818950931 0.00338409475465 0.0219966159052 0.0321489001692 0.280033840948 0.0236886632826 0.0685279187817 0.118443316413
26 0.0685279187817 0.0296108291032 0.00846023688663 0.00676818950931 0.0761421319797 0.0549915397631 0.00676818950931 0.173434856176 0.00761421319797 0.152284263959 0.0135363790186 0.00592216582064 0.00338409475465 0.00592216582064 0.0186125211506 0.0380710659898 0.0152284263959 0.133671742809 0.0287648054146 0.0372250423012 0.115059221658
27 0.0245346869712 0.0186125211506 0.0093062605753 0.0532994923858 0.0355329949239 0.0329949238579 0.0177664974619 0.0473773265651 0.0541455160745 0.0431472081218 0.0109983079526 0.0177664974619 0.0439932318105 0.0363790186125 0.188663282572 0.0414551607445 0.0439932318105 0.0989847715736 0.0169204737733 0.0549915397631 0.109137055838
28 0.0313028764805 0.0118443316413 0.188663282572 0.0363790186125 0.0262267343486 0.0439932318105 0.0304568527919 0.0262267343486 0.0355329949239 0.0363790186125 0.000846023688663 0.0913705583756 0.0355329949239 0.0236886632826 0.0372250423012 0.0820642978003 0.0389170896785 0.0270727580372 0.0152284263959 0.0592216582064 0.121827411168
29 0.0279187817259 0.0093062605753 0.095600676819 0.0634517766497 0.0109983079526 0.185279187817 0.0253807106599 0.010152284264 0.0414551607445 0.0211505922166 0.00338409475465 0.100676818951 0.0702199661591 0.0270727580372 0.0389170896785 0.0575296108291 0.0473773265651 0.0152284263959 0.00423011844332 0.00592216582064 0.138747884941
30 0.0329949238579 0.00761421319797 0.0744500846024 0.0702199661591 0.00507614213198 0.260575296108 0.0262267343486 0.0118443316413 0.0499153976311 0.0186125211506 0.00676818950931 0.0549915397631 0.0228426395939 0.0338409475465 0.0329949238579 0.0634517766497 0.0363790186125 0.0169204737733 0.00423011844332 0.00592216582064 0.164128595601
31 0.0270727580372 0.0118443316413 0.0482233502538 0.077834179357 0.0583756345178 0.0406091370558 0.0380710659898 0.0397631133672 0.0566835871404 0.0397631133672 0.0177664974619 0.0236886632826 0.0236886632826 0.0414551607445 0.0524534686971 0.0634517766497 0.0346869712352 0.0736040609137 0.0482233502538 0.0152284263959 0.167512690355
32 0.0346869712352 0.0152284263959 0.0211505922166 0.0685279187817 0.0329949238579 0.0253807106599 0.0194585448393 0.104060913706 0.0423011844332 0.080372250423 0.0160744500846 0.0296108291032 0.0549915397631 0.0338409475465 0.0516074450085 0.0448392554992 0.0397631133672 0.105752961083 0.0186125211506 0.0169204737733 0.143824027073
33 0.0532994923858 0.0160744500846 0.0194585448393 0.0406091370558 0.0355329949239 0.0499153976311 0.0279187817259 0.0702199661591 0.0702199661591 0.110829103215 0.0219966159052 0.0203045685279 0.0109983079526 0.0321489001692 0.075296108291 0.0439932318105 0.0414551607445 0.0566835871404 0.0236886632826 0.0431472081218 0.136209813875
34 0.0922165820643 0.0109983079526 0.0313028764805 0.0812182741117 0.0228426395939 0.0837563451777 0.0304568527919 0.0329949238579 0.0414551607445 0.0490693739425 0.0135363790186 0.0795262267343 0.0203045685279 0.0414551607445 0.0507614213198 0.077834179357 0.0516074450085 0.0406091370558 0.0109983079526 0.0143824027073 0.122673434856
35 0.0786802030457 0.0211505922166 0.0109983079526 0.0287648054146 0.123519458545 0.0389170896785 0.0219966159052 0.0820642978003 0.0380710659898 0.0981387478849 0.0219966159052 0.0109983079526 0.0093062605753 0.0203045685279 0.0363790186125 0.0541455160745 0.0431472081218 0.0549915397631 0.0262267343486 0.0558375634518 0.124365482234
36 0.126903553299 0.0194585448393 0.0160744500846 0.0245346869712 0.0338409475465 0.0812182741117 0.0219966159052 0.0135363790186 0.0566835871404 0.0380710659898 0.00846023688663 0.0177664974619 0.0228426395939 0.0321489001692 0.0490693739425 0.201353637902 0.0389170896785 0.0338409475465 0.0118443316413 0.0397631133672 0.111675126904
37 0.0524534686971 0.0160744500846 0.0169204737733 0.0473773265651 0.0287648054146 0.161590524535 0.0135363790186 0.0329949238579 0.0719120135364 0.0744500846024 0.0118443316413 0.0194585448393 0.0566835871404 0.0279187817259 0.0837563451777 0.0592216582064 0.0253807106599 0.0499153976311 0.0143824027073 0.0203045685279 0.115059221658
38 0.0465313028765 0.0194585448393 0.0236886632826 0.0372250423012 0.0313028764805 0.0812182741117 0.0219966159052 0.0541455160745 0.0575296108291 0.106598984772 0.0177664974619 0.0355329949239 0.0702199661591 0.0236886632826 0.0448392554992 0.072758037225 0.0380710659898 0.0456852791878 0.00338409475465 0.0380710659898 0.130287648054
39 0.0380710659898 0.0219966159052 0.0431472081218 0.0651438240271 0.0456852791878 0.0541455160745 0.0253807106599 0.0676818950931 0.0355329949239 0.115905245347 0.0152284263959 0.0279187817259 0.0736040609137 0.0211505922166 0.0473773265651 0.0626057529611 0.0423011844332 0.0617597292724 0.00592216582064 0.0296108291032 0.0998307952623
40 0.0482233502538 0.0126903553299 0.0583756345178 0.0592216582064 0.0296108291032 0.164974619289 0.0380710659898 0.0211505922166 0.0414551607445 0.0380710659898 0.00592216582064 0.0490693739425 0.085448392555 0.0380710659898 0.0499153976311 0.0532994923858 0.0516074450085 0.0177664974619 0.00253807106599 0.0160744500846 0.118443316413
41 0.0592216582064 0.0355329949239 0.0583756345178 0.0558375634518 0.0253807106599 0.0541455160745 0.0372250423012 0.0482233502538 0.0532994923858 0.0465313028765 0.0109983079526 0.0566835871404 0.0456852791878 0.0296108291032 0.0532994923858 0.0541455160745 0.0473773265651 0.0702199661591 0.0093062605753 0.0262267343486 0.122673434856
42 0.103214890017 0.0499153976311 0.0152284263959 0.0186125211506 0.0135363790186 0.0575296108291 0.0363790186125 0.0296108291032 0.0279187817259 0.0549915397631 0.0169204737733 0.0287648054146 0.0482233502538 0.0736040609137 0.0329949238579 0.109983079526 0.116751269036 0.0439932318105 0.010152284264 0.0236886632826 0.087986463621
43 0.0135363790186 0.0093062605753 0.0862944162437 0.0296108291032 0.00761421319797 0.0245346869712 0.0160744500846 0.00846023688663 0.0160744500846 0.0186125211506 0.00592216582064 0.0659898477157 0.0135363790186 0.010152284264 0.0194585448393 0.280879864636 0.280033840948 0.00507614213198 0.00253807106599 0.00761421319797 0.0786802030457
44 0.117597292724 0.00423011844332 0.00423011844332 0.0160744500846 0.00507614213198 0.0143824027073 0.0126903553299 0.0998307952623 0.0118443316413 0.0152284263959 0.00253807106599 0.204737732657 0.0736040609137 0.0160744500846 0.0152284263959 0.147208121827 0.0304568527919 0.122673434856 0.0 0.00676818950931 0.0795262267343
45 0.0372250423012 0.00338409475465 0.0253807106599 0.0296108291032 0.0888324873096 0.0194585448393 0.0296108291032 0.0431472081218 0.0160744500846 0.110829103215 0.0135363790186 0.199661590525 0.0143824027073 0.087986463621 0.0152284263959 0.0313028764805 0.0558375634518 0.0389170896785 0.00169204737733 0.0609137055838 0.0769881556684
46 0.0685279187817 0.00761421319797 0.0617597292724 0.115905245347 0.0211505922166 0.0203045685279 0.0313028764805 0.0541455160745 0.0363790186125 0.0431472081218 0.0245346869712 0.0118443316413 0.00592216582064 0.0837563451777 0.120981387479 0.0380710659898 0.0736040609137 0.0642978003384 0.0126903553299 0.0296108291032 0.0744500846024
47 0.527918781726 0.0245346869712 0.00253807106599 0.00507614213198 0.00507614213198 0.0913705583756 0.00253807106599 0.0143824027073 0.0135363790186 0.0566835871404 0.0406091370558 0.00423011844332 0.0093062605753 0.00169204737733 0.010152284264 0.0439932318105 0.0414551607445 0.0423011844332 0.0 0.00507614213198 0.0575296108291
48 0.0127326565144 0.000888324873096 0.0152707275804 0.796996615905 0.000888324873096 0.0127326565144 0.00342639593909 0.00511844331641 0.0321912013536 0.00850253807107 0.00173434856176 0.00342639593909 0.00342639593909 0.0101945854484 0.00427241962775 0.00681049069374 0.0110406091371 0.0101945854484 0.000888324873096 0.00342639593909 0.0558375634518
49 0.126903553299 0.0126903553299 0.0 0.0126903553299 0.0423011844332 0.00846023688663 0.00169204737733 0.0989847715736 0.00338409475465 0.395093062606 0.0473773265651 0.00253807106599 0.00338409475465 0.00676818950931 0.00338409475465 0.0152284263959 0.0279187817259 0.0541455160745 0.010152284264 0.075296108291 0.0516074450085
50 0.0744500846024 0.0143824027073 0.00676818950931 0.090524534687 0.0338409475465 0.0143824027073 0.0313028764805 0.0558375634518 0.0329949238579 0.174280879865 0.0676818950931 0.0152284263959 0.00253807106599 0.0558375634518 0.0541455160745 0.0363790186125 0.0456852791878 0.0685279187817 0.0253807106599 0.0532994923858 0.0465313028765
51 0.682741116751 0.00676818950931 0.00507614213198 0.00507614213198 0.00169204737733 0.138747884941 0.00169204737733 0.00592216582064 0.00169204737733 0.00338409475465 0.00423011844332 0.00169204737733 0.00507614213198 0.00338409475465 0.000846023688663 0.0389170896785 0.0245346869712 0.0228426395939 0.000846023688663 0.000846023688663 0.0439932318105
52 0.0939086294416 0.0490693739425 0.00169204737733 0.00507614213198 0.0329949238579 0.00507614213198 0.00169204737733 0.294416243655 0.0 0.235194585448 0.0338409475465 0.00338409475465 0.00169204737733 0.00169204737733 0.00169204737733 0.0093062605753 0.0143824027073 0.170050761421 0.000846023688663 0.00338409475465 0.0406091370558
53 0.0685279187817 0.0160744500846 0.0143824027073 0.0245346869712 0.0296108291032 0.0160744500846 0.0152284263959 0.147208121827 0.0583756345178 0.242808798646 0.0177664974619 0.0169204737733 0.00169204737733 0.0228426395939 0.0837563451777 0.0245346869712 0.0380710659898 0.0626057529611 0.0126903553299 0.0456852791878 0.0406091370558
54 0.0922165820643 0.0109983079526 0.0321489001692 0.142131979695 0.0279187817259 0.0126903553299 0.0456852791878 0.0321489001692 0.085448392555 0.116751269036 0.0414551607445 0.0321489001692 0.00338409475465 0.0532994923858 0.0761421319797 0.0270727580372 0.0321489001692 0.0313028764805 0.0296108291032 0.0372250423012 0.0380710659898
55 0.521996615905 0.0211505922166 0.00676818950931 0.00592216582064 0.00423011844332 0.231810490694 0.000846023688663 0.00761421319797 0.0 0.0279187817259 0.00169204737733 0.00338409475465 0.00253807106599 0.00169204737733 0.00676818950931 0.0431472081218 0.0279187817259 0.0431472081218 0.00169204737733 0.00169204737733 0.0380710659898
56 0.0380710659898 0.0135363790186 0.000846023688663 0.00338409475465 0.0296108291032 0.0 0.00592216582064 0.133671742809 0.00338409475465 0.543147208122 0.0507614213198 0.0 0.00169204737733 0.00169204737733 0.00253807106599 0.00507614213198 0.0160744500846 0.109137055838 0.000846023688663 0.00423011844332 0.0363790186125
57 0.0304568527919 0.0109983079526 0.0465313028765 0.182741116751 0.00592216582064 0.0160744500846 0.0236886632826 0.0194585448393 0.129441624365 0.0642978003384 0.0126903553299 0.0363790186125 0.00338409475465 0.105752961083 0.136209813875 0.0634517766497 0.0338409475465 0.0211505922166 0.00507614213198 0.0160744500846 0.0363790186125
58 0.0786802030457 0.0169204737733 0.0279187817259 0.0228426395939 0.0431472081218 0.00676818950931 0.0448392554992 0.0846023688663 0.0372250423012 0.159052453469 0.0406091370558 0.0160744500846 0.000846023688663 0.0397631133672 0.0668358714044 0.0583756345178 0.0406091370558 0.0524534686971 0.0642978003384 0.0592216582064 0.0389170896785
59 0.33168358714 0.0431895093063 0.0076565143824 0.00427241962775 0.0499576988156 0.023730964467 0.013578680203 0.108333333333 0.000888324873096 0.148942470389 0.023730964467 0.00681049069374 0.00427241962775 0.00342639593909 0.0152707275804 0.023730964467 0.0372673434856 0.0922588832487 0.00596446700508 0.00934856175973 0.0456852791878
60 0.0710659898477 0.0152284263959 0.0270727580372 0.0532994923858 0.0169204737733 0.0253807106599 0.0262267343486 0.0634517766497 0.0964467005076 0.123519458545 0.0177664974619 0.0313028764805 0.0659898477157 0.0448392554992 0.0736040609137 0.0490693739425 0.0296108291032 0.0490693739425 0.0397631133672 0.0186125211506 0.0617597292724
61 0.0473773265651 0.0109983079526 0.0541455160745 0.0736040609137 0.0093062605753 0.194585448393 0.0270727580372 0.0160744500846 0.0659898477157 0.0270727580372 0.00507614213198 0.077834179357 0.0541455160745 0.0465313028765 0.0862944162437 0.0566835871404 0.0329949238579 0.0186125211506 0.00592216582064 0.0109983079526 0.0786802030457
62 0.0524534686971 0.0203045685279 0.0736040609137 0.0279187817259 0.0744500846024 0.0668358714044 0.0236886632826 0.072758037225 0.0313028764805 0.0862944162437 0.0143824027073 0.0558375634518 0.0617597292724 0.0160744500846 0.0380710659898 0.0473773265651 0.0372250423012 0.0626057529611 0.0194585448393 0.0499153976311 0.0676818950931
63 0.0516074450085 0.0304568527919 0.0482233502538 0.0575296108291 0.0143824027073 0.0482233502538 0.0346869712352 0.0160744500846 0.109983079526 0.0355329949239 0.0126903553299 0.0456852791878 0.0253807106599 0.0659898477157 0.122673434856 0.0846023688663 0.0947546531303 0.0287648054146 0.00169204737733 0.0109983079526 0.0600676818951
64 0.0253807106599 0.0143824027073 0.0558375634518 0.0795262267343 0.00676818950931 0.0262267343486 0.0609137055838 0.0160744500846 0.126903553299 0.0152284263959 0.00761421319797 0.087986463621 0.0922165820643 0.0423011844332 0.118443316413 0.0896785109983 0.0532994923858 0.0321489001692 0.00423011844332 0.00761421319797 0.0372250423012
65 0.0566835871404 0.010152284264 0.00761421319797 0.000846023688663 0.0389170896785 0.00846023688663 0.00507614213198 0.244500846024 0.00253807106599 0.218274111675 0.0177664974619 0.00338409475465 0.00423011844332 0.00253807106599 0.00423011844332 0.0118443316413 0.0270727580372 0.27241962775 0.00846023688663 0.0169204737733 0.0380710659898
66 0.0380710659898 0.0203045685279 0.0203045685279 0.0736040609137 0.0219966159052 0.0 0.0541455160745 0.155668358714 0.0338409475465 0.0888324873096 0.0143824027073 0.0465313028765 0.00676818950931 0.0296108291032 0.0313028764805 0.0262267343486 0.100676818951 0.155668358714 0.0219966159052 0.0245346869712 0.0355329949239
67 0.0126903553299 0.0262267343486 0.00169204737733 0.00169204737733 0.075296108291 0.00169204737733 0.00338409475465 0.435702199662 0.00253807106599 0.149746192893 0.0160744500846 0.00169204737733 0.00338409475465 0.00338409475465 0.00507614213198 0.00507614213198 0.00423011844332 0.210659898477 0.000846023688663 0.00507614213198 0.0338409475465
68 0.0372250423012 0.0363790186125 0.00592216582064 0.159052453469 0.14551607445 0.0109983079526 0.0389170896785 0.0439932318105 0.0414551607445 0.0871404399323 0.0143824027073 0.0169204737733 0.00253807106599 0.0236886632826 0.0558375634518 0.0109983079526 0.00338409475465 0.0659898477157 0.0126903553299 0.152284263959 0.0346869712352
69 0.0304568527919 0.0389170896785 0.00169204737733 0.00507614213198 0.00592216582064 0.0719120135364 0.010152284264 0.0313028764805 0.000846023688663 0.0389170896785 0.0228426395939 0.0118443316413 0.00169204737733 0.00253807106599 0.00507614213198 0.274111675127 0.357868020305 0.0346869712352 0.00423011844332 0.0160744500846 0.0338409475465
70 0.010152284264 0.00253807106599 0.784263959391 0.0143824027073 0.000846023688663 0.00676818950931 0.0118443316413 0.00253807106599 0.00761421319797 0.00253807106599 0.00169204737733 0.0380710659898 0.00676818950931 0.00169204737733 0.0135363790186 0.0313028764805 0.0109983079526 0.00676818950931 0.0 0.00592216582064 0.0397631133672
71 0.0355329949239 0.11421319797 0.0186125211506 0.0093062605753 0.0126903553299 0.00423011844332 0.00423011844332 0.00253807106599 0.00169204737733 0.0177664974619 0.00169204737733 0.117597292724 0.00507614213198 0.00338409475465 0.00253807106599 0.560067681895 0.00676818950931 0.00592216582064 0.0 0.0186125211506 0.0575296108291
72 0.0532994923858 0.00676818950931 0.0270727580372 0.080372250423 0.00846023688663 0.0135363790186 0.0093062605753 0.0270727580372 0.140439932318 0.120981387479 0.0279187817259 0.0211505922166 0.00846023688663 0.182741116751 0.077834179357 0.0592216582064 0.0507614213198 0.0152284263959 0.00423011844332 0.00676818950931 0.0583756345178
73 0.111717428088 0.00258037225042 0.0330372250423 0.0389593908629 0.0389593908629 0.0279610829103 0.0144247038917 0.033883248731 0.013578680203 0.0973350253807 0.0076565143824 0.0491116751269 0.0228849407783 0.028807106599 0.018654822335 0.112563451777 0.0685702199662 0.0499576988156 0.0118866328257 0.151480541455 0.0659898477157
74 0.24703891709 0.0194585448393 0.00253807106599 0.00507614213198 0.00761421319797 0.00846023688663 0.0 0.082910321489 0.0 0.175126903553 0.0186125211506 0.00676818950931 0.00169204737733 0.000846023688663 0.00253807106599 0.0473773265651 0.0380710659898 0.263113367174 0.0 0.00253807106599 0.0702199661591
75 0.0609137055838 0.0203045685279 0.00338409475465 0.00846023688663 0.0245346869712 0.00592216582064 0.00253807106599 0.242808798646 0.0135363790186 0.193739424704 0.0296108291032 0.00761421319797 0.00253807106599 0.0118443316413 0.0118443316413 0.0203045685279 0.0194585448393 0.244500846024 0.00507614213198 0.0236886632826 0.0473773265651
76 0.0465313028765 0.00338409475465 0.0964467005076 0.0710659898477 0.00423011844332 0.0482233502538 0.0253807106599 0.0118443316413 0.108291032149 0.0279187817259 0.0169204737733 0.126903553299 0.00507614213198 0.10744500846 0.0939086294416 0.080372250423 0.0389170896785 0.0135363790186 0.00338409475465 0.0186125211506 0.0516074450085
77 0.166666666667 0.0465313028765 0.0194585448393 0.0186125211506 0.0211505922166 0.0820642978003 0.0270727580372 0.0456852791878 0.0253807106599 0.0846023688663 0.0355329949239 0.0346869712352 0.00338409475465 0.0668358714044 0.0296108291032 0.090524534687 0.0541455160745 0.0423011844332 0.0211505922166 0.0186125211506 0.0659898477157
78 0.0423011844332 0.0152284263959 0.00169204737733 0.00338409475465 0.0651438240271 0.00253807106599 0.00423011844332 0.232656514382 0.00338409475465 0.324027072758 0.0549915397631 0.00253807106599 0.00592216582064 0.00169204737733 0.00507614213198 0.0118443316413 0.0169204737733 0.118443316413 0.00846023688663 0.0160744500846 0.0634517766497
79 0.0575296108291 0.0143824027073 0.0338409475465 0.0431472081218 0.0143824027073 0.0287648054146 0.0304568527919 0.0152284263959 0.090524534687 0.0490693739425 0.0109983079526 0.148054145516 0.0093062605753 0.087986463621 0.0642978003384 0.0769881556684 0.113367174281 0.0203045685279 0.00253807106599 0.0126903553299 0.0761421319797
80 0.0355329949239 0.0109983079526 0.0499153976311 0.0609137055838 0.010152284264 0.110829103215 0.0253807106599 0.010152284264 0.115905245347 0.0177664974619 0.00507614213198 0.0871404399323 0.00338409475465 0.0296108291032 0.0710659898477 0.11421319797 0.0397631133672 0.0109983079526 0.0 0.0118443316413 0.179357021997
81 0.0203045685279 0.00761421319797 0.0228426395939 0.0126903553299 0.0203045685279 0.0304568527919 0.0143824027073 0.0109983079526 0.0245346869712 0.0236886632826 0.00507614213198 0.0236886632826 0.0219966159052 0.0118443316413 0.0448392554992 0.0270727580372 0.0109983079526 0.010152284264 0.119289340102 0.0270727580372 0.510152284264
82 0.0287648054146 0.010152284264 0.010152284264 0.0118443316413 0.010152284264 0.0177664974619 0.00507614213198 0.0634517766497 0.0169204737733 0.0998307952623 0.0245346869712 0.00592216582064 0.0152284263959 0.00846023688663 0.0253807106599 0.0169204737733 0.0143824027073 0.0363790186125 0.000846023688663 0.0177664974619 0.560067681895
83 0.0245346869712 0.00507614213198 0.0346869712352 0.0558375634518 0.0093062605753 0.0186125211506 0.0177664974619 0.00676818950931 0.0338409475465 0.0169204737733 0.00423011844332 0.0236886632826 0.0473773265651 0.0186125211506 0.0262267343486 0.0321489001692 0.0219966159052 0.0135363790186 0.00761421319797 0.0126903553299 0.568527918782
84 0.0177664974619 0.00169204737733 0.0219966159052 0.0313028764805 0.00338409475465 0.0524534686971 0.0126903553299 0.0126903553299 0.0702199661591 0.0160744500846 0.00253807106599 0.0313028764805 0.0203045685279 0.0152284263959 0.0380710659898 0.0296108291032 0.0262267343486 0.0186125211506 0.00253807106599 0.00507614213198 0.570219966159
85 0.00338409475465 0.00423011844332 0.00592216582064 0.00423011844332 0.0143824027073 0.00592216582064 0.0118443316413 0.0093062605753 0.00761421319797 0.010152284264 0.00253807106599 0.0126903553299 0.0135363790186 0.00507614213198 0.0152284263959 0.0093062605753 0.00507614213198 0.00676818950931 0.193739424704 0.0143824027073 0.644670050761
86 0.0329949238579 0.00423011844332 0.0109983079526 0.0473773265651 0.00761421319797 0.00507614213198 0.0093062605753 0.0118443316413 0.0575296108291 0.0219966159052 0.00676818950931 0.010152284264 0.00592216582064 0.0236886632826 0.0363790186125 0.0203045685279 0.0093062605753 0.0118443316413 0.0 0.00253807106599 0.664128595601
87 0.0363790186125 0.000846023688663 0.0296108291032 0.0203045685279 0.00423011844332 0.00676818950931 0.00676818950931 0.00846023688663 0.0465313028765 0.0169204737733 0.00761421319797 0.0143824027073 0.0109983079526 0.0245346869712 0.0541455160745 0.0211505922166 0.0177664974619 0.00423011844332 0.000846023688663 0.00507614213198 0.662436548223
88 0.0203045685279 0.00169204737733 0.0126903553299 0.0160744500846 0.00423011844332 0.0253807106599 0.00592216582064 0.00846023688663 0.0338409475465 0.00846023688663 0.000846023688663 0.0989847715736 0.00423011844332 0.0143824027073 0.0507614213198 0.0194585448393 0.0135363790186 0.00592216582064 0.00338409475465 0.00338409475465 0.648054145516
89 0.0321489001692 0.00338409475465 0.0524534686971 0.0473773265651 0.00338409475465 0.187817258883 0.0109983079526 0.010152284264 0.0279187817259 0.010152284264 0.00423011844332 0.0490693739425 0.0355329949239 0.0160744500846 0.0313028764805 0.0363790186125 0.0203045685279 0.0152284263959 0.00169204737733 0.00253807106599 0.401861252115
90 0.0152284263959 0.00592216582064 0.00676818950931 0.010152284264 0.0659898477157 0.0093062605753 0.00592216582064 0.0143824027073 0.0126903553299 0.0245346869712 0.0109983079526 0.00676818950931 0.0236886632826 0.010152284264 0.0160744500846 0.0253807106599 0.0177664974619 0.00676818950931 0.215736040609 0.0710659898477 0.424703891709
91 0.0253807106599 0.010152284264 0.0211505922166 0.0397631133672 0.00592216582064 0.0228426395939 0.0126903553299 0.0431472081218 0.109137055838 0.0583756345178 0.0152284263959 0.0169204737733 0.0253807106599 0.0363790186125 0.106598984772 0.0304568527919 0.0549915397631 0.0380710659898 0.00169204737733 0.00761421319797 0.318104906937
92 0.0380710659898 0.0143824027073 0.0236886632826 0.0203045685279 0.00253807106599 0.0177664974619 0.0093062605753 0.0169204737733 0.0583756345178 0.0152284263959 0.00676818950931 0.0516074450085 0.0270727580372 0.0194585448393 0.0465313028765 0.0482233502538 0.0964467005076 0.0177664974619 0.00253807106599 0.00676818950931 0.460236886633
93 0.0693739424704 0.00592216582064 0.010152284264 0.0211505922166 0.00846023688663 0.0329949238579 0.010152284264 0.0152284263959 0.0651438240271 0.0228426395939 0.00423011844332 0.0270727580372 0.0296108291032 0.0270727580372 0.0439932318105 0.0981387478849 0.0296108291032 0.0143824027073 0.000846023688663 0.0093062605753 0.454314720812
94 0.0296108291032 0.00592216582064 0.0769881556684 0.0236886632826 0.00423011844332 0.0380710659898 0.0126903553299 0.00761421319797 0.0499153976311 0.0186125211506 0.00253807106599 0.0372250423012 0.0219966159052 0.0228426395939 0.0490693739425 0.082910321489 0.0414551607445 0.0152284263959 0.00169204737733 0.00592216582064 0.451776649746
95 0.0219966159052 0.0093062605753 0.0211505922166 0.0313028764805 0.010152284264 0.182741116751 0.010152284264 0.0169204737733 0.0423011844332 0.0194585448393 0.00507614213198 0.0329949238579 0.0253807106599 0.0211505922166 0.0287648054146 0.0329949238579 0.0186125211506 0.0152284263959 0.000846023688663 0.00592216582064 0.447546531303
96 0.0296108291032 0.00507614213198 0.0219966159052 0.0583756345178 0.00676818950931 0.0516074450085 0.0194585448393 0.0152284263959 0.0820642978003 0.0228426395939 0.00253807106599 0.0338409475465 0.0203045685279 0.0473773265651 0.0465313028765 0.0600676818951 0.0439932318105 0.0219966159052 0.00423011844332 0.0118443316413 0.394247038917
97 0.0338409475465 0.00676818950931 0.0397631133672 0.0431472081218 0.0211505922166 0.0490693739425 0.0194585448393 0.0236886632826 0.0380710659898 0.0482233502538 0.0135363790186 0.0228426395939 0.153976311337 0.0219966159052 0.0372250423012 0.0516074450085 0.0236886632826 0.0262267343486 0.000846023688663 0.0363790186125 0.288494077834
98 0.0516074450085 0.0177664974619 0.0160744500846 0.0169204737733 0.0143824027073 0.0186125211506 0.0363790186125 0.109137055838 0.0236886632826 0.090524534687 0.00507614213198 0.0126903553299 0.0329949238579 0.0186125211506 0.0321489001692 0.0372250423012 0.0490693739425 0.147208121827 0.0109983079526 0.0109983079526 0.247884940778
99 0.0871404399323 0.00338409475465 0.0177664974619 0.0575296108291 0.00592216582064 0.0245346869712 0.0169204737733 0.0329949238579 0.105752961083 0.0482233502538 0.0126903553299 0.0228426395939 0.0668358714044 0.0372250423012 0.0575296108291 0.0541455160745 0.0363790186125 0.0549915397631 0.00423011844332 0.0135363790186 0.239424703892
100 0.0296108291032 0.0126903553299 0.0338409475465 0.0321489001692 0.0397631133672 0.0270727580372 0.0659898477157 0.0490693739425 0.0118443316413 0.0710659898477 0.0219966159052 0.200507614213 0.0093062605753 0.010152284264 0.0211505922166 0.0609137055838 0.0363790186125 0.0262267343486 0.00507614213198 0.0473773265651 0.187817258883
101 0.0947546531303 0.0109983079526 0.0253807106599 0.0262267343486 0.0169204737733 0.0456852791878 0.0355329949239 0.0279187817259 0.0710659898477 0.0651438240271 0.00846023688663 0.0279187817259 0.0406091370558 0.077834179357 0.102368866328 0.0524534686971 0.0313028764805 0.0406091370558 0.0126903553299 0.0194585448393 0.166666666667
102 0.0634517766497 0.00676818950931 0.146362098139 0.131133671743 0.0143824027073 0.0346869712352 0.0262267343486 0.0355329949239 0.0532994923858 0.0346869712352 0.0177664974619 0.0499153976311 0.0651438240271 0.0448392554992 0.0592216582064 0.0676818950931 0.0346869712352 0.0270727580372 0.00592216582064 0.0126903553299 0.0685279187817
103 0.0363790186125 0.0143824027073 0.0109983079526 0.0346869712352 0.0541455160745 0.00676818950931 0.010152284264 0.17089678511 0.0186125211506 0.313874788494 0.0211505922166 0.00507614213198 0.0109983079526 0.0245346869712 0.0253807106599 0.010152284264 0.0279187817259 0.0668358714044 0.010152284264 0.0575296108291 0.0693739424704
104 0.0456852791878 0.0169204737733 0.00338409475465 0.0093062605753 0.0769881556684 0.00592216582064 0.0186125211506 0.131133671743 0.0270727580372 0.160744500846 0.0363790186125 0.00592216582064 0.00253807106599 0.0126903553299 0.0389170896785 0.0211505922166 0.0194585448393 0.111675126904 0.137055837563 0.0507614213198 0.0676818950931
105 0.0566835871404 0.0093062605753 0.0626057529611 0.112521150592 0.0143824027073 0.0186125211506 0.0253807106599 0.0219966159052 0.116751269036 0.0490693739425 0.0194585448393 0.0507614213198 0.0126903553299 0.10744500846 0.138747884941 0.0558375634518 0.0304568527919 0.0194585448393 0.00253807106599 0.0135363790186 0.0617597292724
106 0.090524534687 0.0135363790186 0.0871404399323 0.153130287648 0.0177664974619 0.0093062605753 0.0203045685279 0.0397631133672 0.0837563451777 0.0702199661591 0.0169204737733 0.0338409475465 0.0126903553299 0.075296108291 0.0786802030457 0.0566835871404 0.0313028764805 0.0203045685279 0.00761421319797 0.0186125211506 0.0626057529611
107 0.0744500846024 0.0338409475465 0.00338409475465 0.00423011844332 0.0414551607445 0.00253807106599 0.00423011844332 0.319796954315 0.00338409475465 0.220812182741 0.0321489001692 0.00761421319797 0.00338409475465 0.00507614213198 0.0126903553299 0.0169204737733 0.0338409475465 0.0972927241963 0.00761421319797 0.0211505922166 0.0541455160745
108 0.0634517766497 0.0152284263959 0.0651438240271 0.0456852791878 0.0253807106599 0.0160744500846 0.0423011844332 0.0541455160745 0.087986463621 0.0888324873096 0.0245346869712 0.0313028764805 0.00676818950931 0.0642978003384 0.120981387479 0.0380710659898 0.0304568527919 0.0541455160745 0.0304568527919 0.0304568527919 0.0642978003384
109 0.0981387478849 0.0135363790186 0.0871404399323 0.13282571912 0.0177664974619 0.0287648054146 0.0321489001692 0.0219966159052 0.0972927241963 0.0406091370558 0.010152284264 0.0516074450085 0.00846023688663 0.0592216582064 0.0812182741117 0.0693739424704 0.0431472081218 0.0194585448393 0.00423011844332 0.0186125211506 0.0642978003384
110 0.0668358714044 0.0211505922166 0.010152284264 0.0406091370558 0.0490693739425 0.0126903553299 0.0152284263959 0.077834179357 0.0346869712352 0.326565143824 0.0380710659898 0.0143824027073 0.00423011844332 0.0355329949239 0.0465313028765 0.0245346869712 0.0304568527919 0.0389170896785 0.0186125211506 0.0270727580372 0.0668358714044
111 0.0736040609137 0.0313028764805 0.0152284263959 0.0329949238579 0.0262267343486 0.0135363790186 0.0109983079526 0.104906937394 0.0499153976311 0.235194585448 0.0600676818951 0.0169204737733 0.00676818950931 0.0270727580372 0.0465313028765 0.0566835871404 0.0279187817259 0.0626057529611 0.0093062605753 0.0211505922166 0.0710659898477
112 0.0668358714044 0.010152284264 0.0719120135364 0.095600676819 0.00846023688663 0.0313028764805 0.0245346869712 0.0143824027073 0.095600676819 0.0490693739425 0.0143824027073 0.0710659898477 0.0236886632826 0.072758037225 0.134517766497 0.0837563451777 0.0262267343486 0.0186125211506 0.00507614213198 0.0109983079526 0.0710659898477
113 0.0456852791878 0.0152284263959 0.0583756345178 0.0939086294416 0.00846023688663 0.077834179357 0.0279187817259 0.0211505922166 0.10152284264 0.0558375634518 0.0118443316413 0.0558375634518 0.0211505922166 0.0676818950931 0.093062605753 0.0812182741117 0.0397631133672 0.0219966159052 0.00423011844332 0.0118443316413 0.085448392555
114 0.0279187817259 0.0160744500846 0.0203045685279 0.0228426395939 0.137901861252 0.0380710659898 0.0566835871404 0.0617597292724 0.0414551607445 0.125211505922 0.0236886632826 0.0414551607445 0.0126903553299 0.0126903553299 0.0871404399323 0.0253807106599 0.0245346869712 0.0549915397631 0.0304568527919 0.0279187817259 0.110829103215
115 0.0287648054146 0.0152284263959 0.075296108291 0.0862944162437 0.0169204737733 0.0439932318105 0.0304568527919 0.0203045685279 0.0896785109983 0.0355329949239 0.00846023688663 0.085448392555 0.0490693739425 0.0482233502538 0.085448392555 0.095600676819 0.0609137055838 0.0329949238579 0.00338409475465 0.0135363790186 0.0744500846024
116 0.0219966159052 0.0473773265651 0.00592216582064 0.00592216582064 0.0609137055838 0.000846023688663 0.0152284263959 0.195431472081 0.0093062605753 0.115905245347 0.0093062605753 0.00253807106599 0.0143824027073 0.00338409475465 0.0152284263959 0.0203045685279 0.0524534686971 0.293570219966 0.0211505922166 0.0203045685279 0.0685279187817
117 0.0338409475465 0.00846023688663 0.0423011844332 0.0989847715736 0.0329949238579 0.0169204737733 0.0465313028765 0.0346869712352 0.0862944162437 0.0431472081218 0.0093062605753 0.0355329949239 0.00169204737733 0.0516074450085 0.090524534687 0.110829103215 0.110829103215 0.0431472081218 0.00592216582064 0.0296108291032 0.0668358714044
118 0.0177664974619 0.00761421319797 0.00423011844332 0.00507614213198 0.243654822335 0.00846023688663 0.00253807106599 0.17089678511 0.00338409475465 0.200507614213 0.0186125211506 0.00169204737733 0.00676818950931 0.00169204737733 0.00338409475465 0.00761421319797 0.0093062605753 0.14551607445 0.0431472081218 0.0245346869712 0.0736040609137
