POS A C D E F G H I K L M N P Q R S T V W Y -
1 0.00184331797235 0.000921658986175 0.000921658986175 0.0036866359447 0.00552995391705 0.0036866359447 0.0 0.0119815668203 0.000921658986175 0.0193548387097 0.0221198156682 0.0119815668203 0.00460829493088 0.000921658986175 0.000921658986175 0.00184331797235 0.000921658986175 0.00276497695853 0.0 0.000921658986175 0.904147465438
2 0.0101382488479 0.0 0.0285714285714 0.0322580645161 0.000921658986175 0.00829493087558 0.0073732718894 0.0073732718894 0.015668202765 0.0110599078341 0.0322580645161 0.0248847926267 0.0479262672811 0.0193548387097 0.0119815668203 0.0414746543779 0.015668202765 0.00552995391705 0.0 0.0036866359447 0.675576036866
3 0.021198156682 0.0 0.0645161290323 0.0423963133641 0.00829493087558 0.126267281106 0.0101382488479 0.00460829493088 0.0350230414747 0.0101382488479 0.0202764976959 0.0460829493088 0.0396313364055 0.0193548387097 0.0267281105991 0.0433179723502 0.0294930875576 0.00276497695853 0.00276497695853 0.0119815668203 0.435023041475
4 0.0479723502304 0.0184792626728 0.0544239631336 0.0433640552995 0.0295391705069 0.0258525345622 0.0276958525346 0.019400921659 0.0378341013825 0.019400921659 0.0240092165899 0.0221658986175 0.0341474654378 0.0221658986175 0.035069124424 0.0544239631336 0.0728571428571 0.0341474654378 0.040599078341 0.0230875576037 0.3133640553
5 0.03133640553 0.0138248847926 0.00645161290323 0.00921658986175 0.0433179723502 0.00645161290323 0.00552995391705 0.136405529954 0.0110599078341 0.167741935484 0.0322580645161 0.0110599078341 0.015668202765 0.00829493087558 0.0147465437788 0.0110599078341 0.0451612903226 0.128110599078 0.0322580645161 0.052534562212 0.217511520737
6 0.03133640553 0.0129032258065 0.021198156682 0.036866359447 0.0110599078341 0.0036866359447 0.0396313364055 0.094930875576 0.159447004608 0.0423963133641 0.0073732718894 0.0276497695853 0.00645161290323 0.0230414746544 0.0506912442396 0.0304147465438 0.0847926267281 0.123502304147 0.00552995391705 0.021198156682 0.165898617512
7 0.0617511520737 0.058064516129 0.0 0.00552995391705 0.0543778801843 0.0073732718894 0.00184331797235 0.233179723502 0.000921658986175 0.163133640553 0.0165898617512 0.00460829493088 0.00184331797235 0.0 0.00460829493088 0.0036866359447 0.00460829493088 0.2 0.0147465437788 0.0147465437788 0.148387096774
8 0.0488479262673 0.00552995391705 0.00460829493088 0.0129032258065 0.161290322581 0.0073732718894 0.0221198156682 0.021198156682 0.00921658986175 0.0119815668203 0.00460829493088 0.130875576037 0.00276497695853 0.0110599078341 0.0110599078341 0.0221198156682 0.0202764976959 0.0101382488479 0.0377880184332 0.302304147465 0.141935483871
9 0.03133640553 0.0479262672811 0.0073732718894 0.0073732718894 0.0654377880184 0.0101382488479 0.000921658986175 0.0884792626728 0.0036866359447 0.0258064516129 0.0138248847926 0.000921658986175 0.00460829493088 0.00276497695853 0.0036866359447 0.0663594470046 0.329032258065 0.146543778802 0.00184331797235 0.00645161290323 0.135483870968
10 0.0267741935484 0.00834101382488 0.688525345622 0.0166359447005 0.000967741935484 0.0184792626728 0.0166359447005 0.00557603686636 0.0101843317972 0.00281105990783 0.00465437788018 0.019400921659 0.00465437788018 0.00281105990783 0.0101843317972 0.0157142857143 0.00926267281106 0.00281105990783 4.60829493088e-05 0.00557603686636 0.129953917051
11 0.211059907834 0.0036866359447 0.0036866359447 0.00829493087558 0.000921658986175 0.516129032258 0.0036866359447 0.00184331797235 0.00184331797235 0.0073732718894 0.0073732718894 0.0119815668203 0.0036866359447 0.00184331797235 0.015668202765 0.0322580645161 0.0184331797235 0.0165898617512 0.000921658986175 0.00276497695853 0.129953917051
12 0.163133640553 0.015668202765 0.00552995391705 0.00460829493088 0.0073732718894 0.058064516129 0.00645161290323 0.0110599078341 0.00552995391705 0.0175115207373 0.00184331797235 0.00829493087558 0.0101382488479 0.00460829493088 0.00921658986175 0.480184331797 0.0294930875576 0.0230414746544 0.00276497695853 0.00552995391705 0.129953917051
13 0.061797235023 0.106958525346 0.0111059907834 0.0120276497696 0.0885253456221 0.0212442396313 0.0157142857143 0.024930875576 0.0590322580645 0.0396774193548 0.0166359447005 0.00557603686636 0.00557603686636 0.00926267281106 0.040599078341 0.0876036866359 0.035069124424 0.0673271889401 0.0553456221198 0.0627188940092 0.173271889401
14 0.0258064516129 0.0165898617512 0.0534562211982 0.03133640553 0.0294930875576 0.0147465437788 0.0387096774194 0.0589861751152 0.0829493087558 0.0774193548387 0.00829493087558 0.0534562211982 0.0147465437788 0.0276497695853 0.108755760369 0.0700460829493 0.0414746543779 0.0359447004608 0.000921658986175 0.0267281105991 0.182488479263
15 0.0516129032258 0.00829493087558 0.0405529953917 0.0543778801843 0.00276497695853 0.103225806452 0.0294930875576 0.015668202765 0.0774193548387 0.0221198156682 0.00552995391705 0.0820276497696 0.0820276497696 0.0387096774194 0.0405529953917 0.0774193548387 0.0276497695853 0.03133640553 0.0073732718894 0.0193548387097 0.182488479263
16 0.0331797235023 0.00552995391705 0.0617511520737 0.0571428571429 0.00829493087558 0.0728110599078 0.0267281105991 0.00829493087558 0.0599078341014 0.0221198156682 0.00645161290323 0.163133640553 0.0239631336406 0.0350230414747 0.0359447004608 0.0820276497696 0.0341013824885 0.0184331797235 0.00552995391705 0.0101382488479 0.229493087558
17 0.0405529953917 0.00552995391705 0.036866359447 0.0414746543779 0.00645161290323 0.134562211982 0.0175115207373 0.00276497695853 0.0460829493088 0.015668202765 0.00276497695853 0.0488479262673 0.0801843317972 0.036866359447 0.0396313364055 0.073732718894 0.0691244239631 0.0073732718894 0.00276497695853 0.00552995391705 0.285714285714
18 0.0294930875576 0.0073732718894 0.0405529953917 0.0193548387097 0.00921658986175 0.215668202765 0.0184331797235 0.00829493087558 0.0626728110599 0.0221198156682 0.00921658986175 0.0562211981567 0.015668202765 0.0322580645161 0.0571428571429 0.0451612903226 0.036866359447 0.0110599078341 0.00552995391705 0.0110599078341 0.2866359447
19 0.058064516129 0.0138248847926 0.0202764976959 0.0423963133641 0.0165898617512 0.0479262672811 0.0267281105991 0.0377880184332 0.0866359447005 0.036866359447 0.0101382488479 0.03133640553 0.0599078341014 0.0359447004608 0.0691244239631 0.0626728110599 0.036866359447 0.0617511520737 0.00552995391705 0.0110599078341 0.228571428571
20 0.210138248848 0.0221198156682 0.00921658986175 0.0119815668203 0.0147465437788 0.167741935484 0.00829493087558 0.0377880184332 0.0202764976959 0.0193548387097 0.0258064516129 0.0184331797235 0.00552995391705 0.00552995391705 0.0258064516129 0.0958525345622 0.0562211981567 0.0728110599078 0.00460829493088 0.0193548387097 0.148387096774
21 0.135483870968 0.0129032258065 0.00829493087558 0.0073732718894 0.00645161290323 0.478341013825 0.0036866359447 0.0101382488479 0.0221198156682 0.0073732718894 0.00460829493088 0.0138248847926 0.00460829493088 0.0101382488479 0.0202764976959 0.068202764977 0.0230414746544 0.0258064516129 0.00645161290323 0.00552995391705 0.12534562212
22 0.142857142857 0.0571428571429 0.000921658986175 0.00460829493088 0.0617511520737 0.0193548387097 0.00645161290323 0.117050691244 0.0129032258065 0.0626728110599 0.0165898617512 0.00184331797235 0.0036866359447 0.00829493087558 0.0110599078341 0.0516129032258 0.03133640553 0.0811059907834 0.100460829493 0.0829493087558 0.12534562212
23 0.223963133641 0.00829493087558 0.00552995391705 0.0073732718894 0.000921658986175 0.485714285714 0.0 0.00829493087558 0.00460829493088 0.00460829493088 0.00460829493088 0.00276497695853 0.00645161290323 0.00645161290323 0.0193548387097 0.0534562211982 0.0129032258065 0.021198156682 0.000921658986175 0.00184331797235 0.120737327189
24 0.13732718894 0.0350230414747 0.00184331797235 0.00184331797235 0.0820276497696 0.104147465438 0.0 0.0958525345622 0.00184331797235 0.036866359447 0.0119815668203 0.00276497695853 0.00276497695853 0.000921658986175 0.00552995391705 0.0396313364055 0.0119815668203 0.174193548387 0.073732718894 0.0626728110599 0.117050691244
25 0.108755760369 0.0175115207373 0.000921658986175 0.0036866359447 0.0488479262673 0.00921658986175 0.0119815668203 0.132718894009 0.0073732718894 0.0792626728111 0.0147465437788 0.0036866359447 0.00276497695853 0.00645161290323 0.00460829493088 0.0193548387097 0.03133640553 0.285714285714 0.021198156682 0.068202764977 0.121658986175
26 0.0672811059908 0.0304147465438 0.0110599078341 0.0073732718894 0.0811059907834 0.0516129032258 0.00829493087558 0.170506912442 0.0073732718894 0.14930875576 0.0147465437788 0.00552995391705 0.0036866359447 0.0073732718894 0.0147465437788 0.0331797235023 0.015668202765 0.129032258065 0.036866359447 0.0359447004608 0.118894009217
27 0.0322580645161 0.0193548387097 0.00921658986175 0.0506912442396 0.0350230414747 0.036866359447 0.0193548387097 0.0396313364055 0.052534562212 0.0516129032258 0.0119815668203 0.0184331797235 0.0433179723502 0.0331797235023 0.189861751152 0.0423963133641 0.0396313364055 0.0958525345622 0.0165898617512 0.0534562211982 0.108755760369
28 0.0359447004608 0.0147465437788 0.181566820276 0.0405529953917 0.03133640553 0.0396313364055 0.0350230414747 0.03133640553 0.0258064516129 0.0341013824885 0.000921658986175 0.0921658986175 0.036866359447 0.03133640553 0.0377880184332 0.0755760368664 0.036866359447 0.0276497695853 0.0138248847926 0.0497695852535 0.127188940092
29 0.0285714285714 0.00645161290323 0.0967741935484 0.0617511520737 0.0129032258065 0.186175115207 0.0239631336406 0.0101382488479 0.0350230414747 0.0258064516129 0.00552995391705 0.0921658986175 0.0709677419355 0.0248847926267 0.0331797235023 0.0645161290323 0.0506912442396 0.0165898617512 0.00460829493088 0.00829493087558 0.141013824885
30 0.0322580645161 0.00460829493088 0.0728110599078 0.0654377880184 0.00829493087558 0.239631336406 0.0239631336406 0.0119815668203 0.0543778801843 0.021198156682 0.0073732718894 0.068202764977 0.0258064516129 0.03133640553 0.0414746543779 0.068202764977 0.0331797235023 0.021198156682 0.00460829493088 0.0073732718894 0.15668202765
31 0.0285714285714 0.0129032258065 0.0451612903226 0.0774193548387 0.0534562211982 0.0414746543779 0.0396313364055 0.0405529953917 0.0488479262673 0.0442396313364 0.0165898617512 0.0239631336406 0.0193548387097 0.0451612903226 0.0562211981567 0.0552995391705 0.0470046082949 0.0764976958525 0.0396313364055 0.0175115207373 0.170506912442
32 0.0350230414747 0.015668202765 0.0239631336406 0.0654377880184 0.0285714285714 0.0239631336406 0.0175115207373 0.103225806452 0.0414746543779 0.073732718894 0.0147465437788 0.0331797235023 0.0626728110599 0.0341013824885 0.0506912442396 0.0442396313364 0.0304147465438 0.111520737327 0.0221198156682 0.0258064516129 0.141935483871
33 0.0506912442396 0.0147465437788 0.0202764976959 0.0442396313364 0.0341013824885 0.0451612903226 0.0267281105991 0.0811059907834 0.073732718894 0.105069124424 0.0193548387097 0.0267281105991 0.00921658986175 0.0304147465438 0.0718894009217 0.0396313364055 0.0396313364055 0.0608294930876 0.0221198156682 0.0433179723502 0.141013824885
34 0.0986175115207 0.0110599078341 0.0258064516129 0.0847926267281 0.0230414746544 0.089400921659 0.03133640553 0.0304147465438 0.0322580645161 0.0479262672811 0.0184331797235 0.0801843317972 0.0175115207373 0.0479262672811 0.0460829493088 0.0774193548387 0.0451612903226 0.0414746543779 0.0101382488479 0.0138248847926 0.127188940092
35 0.0801843317972 0.0221198156682 0.0165898617512 0.0267281105991 0.11797235023 0.0433179723502 0.0230414746544 0.0774193548387 0.0442396313364 0.094930875576 0.0221198156682 0.0110599078341 0.0101382488479 0.021198156682 0.0350230414747 0.0543778801843 0.0387096774194 0.0599078341014 0.0294930875576 0.0543778801843 0.117050691244
36 0.118894009217 0.0202764976959 0.015668202765 0.0276497695853 0.0304147465438 0.0884792626728 0.0221198156682 0.015668202765 0.0552995391705 0.0377880184332 0.0073732718894 0.0221198156682 0.0193548387097 0.0294930875576 0.0552995391705 0.201843317972 0.0377880184332 0.0276497695853 0.00921658986175 0.0479262672811 0.109677419355
37 0.0506912442396 0.0138248847926 0.0147465437788 0.0442396313364 0.0350230414747 0.153917050691 0.0147465437788 0.0387096774194 0.0774193548387 0.0801843317972 0.0110599078341 0.0221198156682 0.0497695852535 0.0221198156682 0.0783410138249 0.0663594470046 0.0258064516129 0.0442396313364 0.0165898617512 0.0248847926267 0.115207373272
38 0.0479262672811 0.0202764976959 0.0258064516129 0.0294930875576 0.0405529953917 0.0820276497696 0.0221198156682 0.0589861751152 0.058064516129 0.105069124424 0.0165898617512 0.0294930875576 0.0626728110599 0.0239631336406 0.0516129032258 0.0755760368664 0.0377880184332 0.0460829493088 0.00276497695853 0.0359447004608 0.127188940092
39 0.0387096774194 0.0248847926267 0.0470046082949 0.0663594470046 0.0377880184332 0.0497695852535 0.0267281105991 0.0635944700461 0.036866359447 0.119815668203 0.0073732718894 0.0258064516129 0.0700460829493 0.021198156682 0.052534562212 0.0654377880184 0.0451612903226 0.0663594470046 0.00829493087558 0.0248847926267 0.101382488479
40 0.0553456221198 0.0129493087558 0.0590322580645 0.0590322580645 0.024930875576 0.157649769585 0.0369124423963 0.0184792626728 0.0470506912442 0.0304608294931 0.00557603686636 0.0488940092166 0.0876036866359 0.0369124423963 0.0461290322581 0.056267281106 0.0507373271889 0.0221658986175 0.00557603686636 0.0157142857143 0.122580645161
41 0.0626728110599 0.0405529953917 0.0516129032258 0.0534562211982 0.0193548387097 0.0534562211982 0.0377880184332 0.0534562211982 0.0534562211982 0.0479262672811 0.0119815668203 0.0571428571429 0.0488479262673 0.03133640553 0.0479262672811 0.0497695852535 0.0442396313364 0.068202764977 0.00829493087558 0.0294930875576 0.129032258065
42 0.0986175115207 0.0516129032258 0.015668202765 0.0184331797235 0.0138248847926 0.0534562211982 0.0414746543779 0.0294930875576 0.0285714285714 0.0552995391705 0.015668202765 0.036866359447 0.0488479262673 0.0700460829493 0.0322580645161 0.10599078341 0.110599078341 0.0423963133641 0.0119815668203 0.0239631336406 0.094930875576
43 0.0129032258065 0.0119815668203 0.0930875576037 0.0276497695853 0.0101382488479 0.0239631336406 0.0184331797235 0.0073732718894 0.0129032258065 0.0147465437788 0.00645161290323 0.0700460829493 0.0119815668203 0.0119815668203 0.0175115207373 0.290322580645 0.264516129032 0.0036866359447 0.00184331797235 0.00552995391705 0.0829493087558
44 0.129032258065 0.00276497695853 0.00276497695853 0.0184331797235 0.00552995391705 0.0138248847926 0.0129032258065 0.100460829493 0.0138248847926 0.0147465437788 0.00276497695853 0.182488479263 0.0709677419355 0.015668202765 0.0165898617512 0.15668202765 0.03133640553 0.120737327189 0.0 0.00552995391705 0.0829493087558
45 0.0396313364055 0.00460829493088 0.0248847926267 0.03133640553 0.0940092165899 0.021198156682 0.0350230414747 0.0433179723502 0.0165898617512 0.109677419355 0.0165898617512 0.191705069124 0.0138248847926 0.0847926267281 0.0202764976959 0.0258064516129 0.052534562212 0.0294930875576 0.00276497695853 0.0617511520737 0.0801843317972
46 0.0608294930876 0.0073732718894 0.0663594470046 0.118894009217 0.0239631336406 0.0230414746544 0.0331797235023 0.0442396313364 0.03133640553 0.0396313364055 0.0276497695853 0.0129032258065 0.00645161290323 0.0764976958525 0.122580645161 0.0350230414747 0.073732718894 0.0746543778802 0.0138248847926 0.0267281105991 0.0811059907834
47 0.52534562212 0.0221198156682 0.0036866359447 0.0036866359447 0.00552995391705 0.0857142857143 0.00184331797235 0.0147465437788 0.0138248847926 0.0599078341014 0.0396313364055 0.0036866359447 0.0110599078341 0.00276497695853 0.0101382488479 0.0506912442396 0.0322580645161 0.0414746543779 0.0 0.00460829493088 0.0672811059908
48 0.0138709677419 0.000967741935484 0.0157142857143 0.783456221198 0.000967741935484 0.0120276497696 0.00557603686636 0.00465437788018 0.0276958525346 0.0101843317972 0.00281105990783 0.00557603686636 0.00281105990783 0.0111059907834 0.00373271889401 0.00557603686636 0.0111059907834 0.0120276497696 0.000967741935484 0.00373271889401 0.0654377880184
49 0.127188940092 0.015668202765 0.0 0.0129032258065 0.036866359447 0.00829493087558 0.00184331797235 0.105069124424 0.00184331797235 0.38801843318 0.0414746543779 0.000921658986175 0.0036866359447 0.00552995391705 0.00276497695853 0.0147465437788 0.0322580645161 0.0552995391705 0.00921658986175 0.0764976958525 0.0599078341014
50 0.0820276497696 0.0147465437788 0.0036866359447 0.0921658986175 0.0350230414747 0.0110599078341 0.0285714285714 0.0562211981567 0.0304147465438 0.181566820276 0.0672811059908 0.0138248847926 0.00276497695853 0.0534562211982 0.0552995391705 0.0331797235023 0.0460829493088 0.0626728110599 0.021198156682 0.0552995391705 0.0534562211982
51 0.67465437788 0.00921658986175 0.0036866359447 0.00552995391705 0.00184331797235 0.140092165899 0.000921658986175 0.00276497695853 0.00276497695853 0.00276497695853 0.0036866359447 0.000921658986175 0.00552995391705 0.00276497695853 0.00184331797235 0.0433179723502 0.0239631336406 0.0221198156682 0.0 0.000921658986175 0.0506912442396
52 0.0995391705069 0.0470046082949 0.0036866359447 0.00460829493088 0.03133640553 0.0036866359447 0.00184331797235 0.302304147465 0.0 0.234101382488 0.0350230414747 0.0036866359447 0.00184331797235 0.00184331797235 0.00184331797235 0.00921658986175 0.00921658986175 0.157603686636 0.0 0.00276497695853 0.0488479262673
53 0.0718894009217 0.0175115207373 0.0119815668203 0.0267281105991 0.0267281105991 0.0138248847926 0.0175115207373 0.150230414747 0.0617511520737 0.232258064516 0.0165898617512 0.0193548387097 0.000921658986175 0.0193548387097 0.0746543778802 0.0258064516129 0.0350230414747 0.0645161290323 0.0165898617512 0.0516129032258 0.0451612903226
54 0.0857142857143 0.0119815668203 0.0331797235023 0.136405529954 0.0285714285714 0.0129032258065 0.052534562212 0.0377880184332 0.0903225806452 0.116129032258 0.0387096774194 0.0294930875576 0.0036866359447 0.0470046082949 0.0691244239631 0.0267281105991 0.0304147465438 0.0294930875576 0.0350230414747 0.0423963133641 0.0423963133641
55 0.529032258065 0.021198156682 0.0073732718894 0.00552995391705 0.0036866359447 0.225806451613 0.0 0.00921658986175 0.000921658986175 0.0248847926267 0.00276497695853 0.0036866359447 0.0036866359447 0.00184331797235 0.0036866359447 0.0396313364055 0.0304147465438 0.0405529953917 0.00184331797235 0.00184331797235 0.0423963133641
56 0.0331797235023 0.00921658986175 0.000921658986175 0.00460829493088 0.03133640553 0.0 0.00552995391705 0.139170506912 0.00460829493088 0.531797235023 0.052534562212 0.0 0.00184331797235 0.00184331797235 0.00184331797235 0.00645161290323 0.0165898617512 0.111520737327 0.0 0.00552995391705 0.0414746543779
57 0.0294930875576 0.0101382488479 0.0470046082949 0.175115207373 0.0073732718894 0.015668202765 0.0248847926267 0.0221198156682 0.136405529954 0.0626728110599 0.0119815668203 0.0377880184332 0.0036866359447 0.104147465438 0.13732718894 0.0635944700461 0.0267281105991 0.0202764976959 0.00552995391705 0.0165898617512 0.0414746543779
58 0.073732718894 0.0184331797235 0.021198156682 0.0276497695853 0.0414746543779 0.0073732718894 0.0433179723502 0.0875576036866 0.0451612903226 0.161290322581 0.036866359447 0.0221198156682 0.000921658986175 0.0377880184332 0.0672811059908 0.0552995391705 0.0414746543779 0.0497695852535 0.0617511520737 0.0543778801843 0.0451612903226
59 0.323548387097 0.0369124423963 0.00741935483871 0.00557603686636 0.0488940092166 0.0203225806452 0.0138709677419 0.104193548387 0.000967741935484 0.151198156682 0.024930875576 0.00649769585253 0.00281105990783 0.00281105990783 0.0175576036866 0.024930875576 0.0378341013825 0.09866359447 0.00834101382488 0.0101843317972 0.052534562212
60 0.0654377880184 0.0129032258065 0.0267281105991 0.0571428571429 0.0138248847926 0.0258064516129 0.0239631336406 0.068202764977 0.0912442396313 0.111520737327 0.0193548387097 0.0396313364055 0.0709677419355 0.0442396313364 0.068202764977 0.0506912442396 0.0322580645161 0.0552995391705 0.0387096774194 0.0184331797235 0.0654377880184
61 0.0479262672811 0.0110599078341 0.0552995391705 0.073732718894 0.0119815668203 0.182488479263 0.0221198156682 0.0129032258065 0.073732718894 0.0285714285714 0.0073732718894 0.0811059907834 0.0534562211982 0.0414746543779 0.0829493087558 0.0562211981567 0.0304147465438 0.0193548387097 0.00645161290323 0.0119815668203 0.089400921659
62 0.0460829493088 0.0221198156682 0.073732718894 0.0267281105991 0.0672811059908 0.0617511520737 0.0248847926267 0.073732718894 0.0331797235023 0.0829493087558 0.015668202765 0.0571428571429 0.0672811059908 0.0138248847926 0.0423963133641 0.0451612903226 0.0377880184332 0.0626728110599 0.0193548387097 0.0497695852535 0.0764976958525
63 0.0497695852535 0.0285714285714 0.0552995391705 0.0599078341014 0.0175115207373 0.0451612903226 0.0359447004608 0.015668202765 0.105069124424 0.0294930875576 0.0119815668203 0.0479262672811 0.0258064516129 0.0672811059908 0.119815668203 0.0884792626728 0.0875576036866 0.0294930875576 0.00184331797235 0.00921658986175 0.068202764977
64 0.0248847926267 0.015668202765 0.0571428571429 0.0801843317972 0.0073732718894 0.0258064516129 0.0718894009217 0.0193548387097 0.127188940092 0.0138248847926 0.00552995391705 0.0857142857143 0.094930875576 0.0423963133641 0.110599078341 0.0884792626728 0.052534562212 0.0248847926267 0.00552995391705 0.0073732718894 0.0387096774194
65 0.0608294930876 0.00829493087558 0.00829493087558 0.0036866359447 0.0414746543779 0.0101382488479 0.00460829493088 0.230414746544 0.00276497695853 0.223963133641 0.0175115207373 0.00460829493088 0.00460829493088 0.00460829493088 0.00552995391705 0.0101382488479 0.0230414746544 0.273732718894 0.00645161290323 0.0175115207373 0.0377880184332
66 0.036866359447 0.0202764976959 0.021198156682 0.0672811059908 0.0239631336406 0.0 0.0516129032258 0.164055299539 0.0294930875576 0.0875576036866 0.0165898617512 0.0405529953917 0.0073732718894 0.0258064516129 0.0377880184332 0.0258064516129 0.114285714286 0.151152073733 0.021198156682 0.0221198156682 0.0350230414747
67 0.0110599078341 0.0239631336406 0.00184331797235 0.00184331797235 0.0801843317972 0.0 0.00184331797235 0.452534562212 0.00276497695853 0.147465437788 0.0119815668203 0.000921658986175 0.00276497695853 0.00460829493088 0.00645161290323 0.0073732718894 0.00645161290323 0.197235023041 0.000921658986175 0.00552995391705 0.0322580645161
68 0.0451612903226 0.0350230414747 0.0073732718894 0.144700460829 0.142857142857 0.0110599078341 0.0423963133641 0.0460829493088 0.0414746543779 0.089400921659 0.0165898617512 0.0165898617512 0.00276497695853 0.0239631336406 0.0589861751152 0.0101382488479 0.0036866359447 0.0645161290323 0.0138248847926 0.150230414747 0.0331797235023
69 0.03133640553 0.0377880184332 0.000921658986175 0.00645161290323 0.00460829493088 0.0728110599078 0.0110599078341 0.0341013824885 0.00276497695853 0.0423963133641 0.0175115207373 0.0110599078341 0.00276497695853 0.00276497695853 0.00460829493088 0.265437788018 0.365898617512 0.0341013824885 0.00460829493088 0.0138248847926 0.0331797235023
70 0.00829493087558 0.00276497695853 0.774193548387 0.0165898617512 0.000921658986175 0.00921658986175 0.0129032258065 0.00276497695853 0.00921658986175 0.0036866359447 0.00184331797235 0.03133640553 0.0073732718894 0.000921658986175 0.015668202765 0.0359447004608 0.0165898617512 0.00552995391705 0.0 0.00552995391705 0.0387096774194
71 0.036866359447 0.117050691244 0.0202764976959 0.00921658986175 0.0119815668203 0.0036866359447 0.0101382488479 0.0036866359447 0.00184331797235 0.015668202765 0.00184331797235 0.115207373272 0.00460829493088 0.00460829493088 0.00276497695853 0.552995391705 0.00645161290323 0.0073732718894 0.0 0.0165898617512 0.0571428571429
72 0.0543778801843 0.00645161290323 0.0304147465438 0.0811059907834 0.00921658986175 0.0129032258065 0.00829493087558 0.0276497695853 0.142857142857 0.11797235023 0.0267281105991 0.0248847926267 0.00829493087558 0.175115207373 0.0755760368664 0.0663594470046 0.0488479262673 0.0147465437788 0.00276497695853 0.0073732718894 0.058064516129
73 0.108755760369 0.000921658986175 0.0331797235023 0.0451612903226 0.0405529953917 0.0285714285714 0.0138248847926 0.0350230414747 0.0147465437788 0.0884792626728 0.0129032258065 0.0506912442396 0.0230414746544 0.0285714285714 0.0184331797235 0.122580645161 0.0672811059908 0.0396313364055 0.0110599078341 0.152073732719 0.0645161290323
74 0.238709677419 0.0175115207373 0.00184331797235 0.00276497695853 0.0101382488479 0.00829493087558 0.0 0.0801843317972 0.0 0.179723502304 0.0202764976959 0.0073732718894 0.00184331797235 0.000921658986175 0.00276497695853 0.0488479262673 0.0377880184332 0.268202764977 0.000921658986175 0.0036866359447 0.068202764977
75 0.0626728110599 0.0184331797235 0.0036866359447 0.0110599078341 0.0267281105991 0.0073732718894 0.00276497695853 0.247004608295 0.0175115207373 0.183410138249 0.0285714285714 0.0073732718894 0.00276497695853 0.0129032258065 0.0138248847926 0.021198156682 0.0165898617512 0.239631336406 0.00276497695853 0.0248847926267 0.0488479262673
76 0.0534562211982 0.00460829493088 0.105069124424 0.0764976958525 0.00460829493088 0.0460829493088 0.0294930875576 0.0119815668203 0.1133640553 0.0267281105991 0.015668202765 0.118894009217 0.00552995391705 0.0986175115207 0.0930875576037 0.0801843317972 0.0341013824885 0.00645161290323 0.0036866359447 0.0202764976959 0.0516129032258
77 0.174193548387 0.0488479262673 0.0138248847926 0.0193548387097 0.021198156682 0.0774193548387 0.0248847926267 0.0497695852535 0.0294930875576 0.0774193548387 0.0377880184332 0.0341013824885 0.0 0.0645161290323 0.03133640553 0.0903225806452 0.0534562211982 0.0414746543779 0.0184331797235 0.021198156682 0.0709677419355
78 0.0423963133641 0.0165898617512 0.000921658986175 0.0036866359447 0.0663594470046 0.0036866359447 0.00645161290323 0.234101382488 0.0036866359447 0.300460829493 0.0589861751152 0.0036866359447 0.00460829493088 0.0036866359447 0.00552995391705 0.0110599078341 0.0175115207373 0.117050691244 0.0138248847926 0.015668202765 0.0700460829493
79 0.0599078341014 0.0184331797235 0.0350230414747 0.0423963133641 0.0119815668203 0.0285714285714 0.0276497695853 0.0119815668203 0.0866359447005 0.0479262672811 0.00829493087558 0.132718894009 0.0101382488479 0.0866359447005 0.0774193548387 0.0838709677419 0.108755760369 0.021198156682 0.0036866359447 0.0147465437788 0.0820276497696
80 0.0304147465438 0.00921658986175 0.0571428571429 0.058064516129 0.00829493087558 0.104147465438 0.0248847926267 0.0138248847926 0.107834101382 0.0184331797235 0.0073732718894 0.105069124424 0.00552995391705 0.0387096774194 0.0783410138249 0.0940092165899 0.0396313364055 0.0138248847926 0.0 0.0119815668203 0.173271889401
81 0.0175115207373 0.00645161290323 0.0239631336406 0.0110599078341 0.0193548387097 0.0239631336406 0.0129032258065 0.0101382488479 0.0258064516129 0.0258064516129 0.00552995391705 0.0230414746544 0.0239631336406 0.015668202765 0.0460829493088 0.0248847926267 0.0138248847926 0.0110599078341 0.114285714286 0.0248847926267 0.519815668203
82 0.0295391705069 0.0120276497696 0.0101843317972 0.00741935483871 0.00926267281106 0.0147926267281 0.00557603686636 0.0599539170507 0.0147926267281 0.105115207373 0.024930875576 0.00557603686636 0.0184792626728 0.00834101382488 0.019400921659 0.0184792626728 0.0138709677419 0.0369124423963 0.000967741935484 0.019400921659 0.564976958525
83 0.0230414746544 0.0036866359447 0.0322580645161 0.0433179723502 0.0129032258065 0.0165898617512 0.0193548387097 0.00921658986175 0.0396313364055 0.015668202765 0.0036866359447 0.021198156682 0.0470046082949 0.0202764976959 0.0239631336406 0.0294930875576 0.0239631336406 0.0193548387097 0.0101382488479 0.0101382488479 0.575115207373
84 0.0165898617512 0.0036866359447 0.0184331797235 0.0359447004608 0.00276497695853 0.0534562211982 0.0073732718894 0.0138248847926 0.0700460829493 0.0175115207373 0.00460829493088 0.0341013824885 0.015668202765 0.0138248847926 0.03133640553 0.0304147465438 0.0239631336406 0.0175115207373 0.00276497695853 0.00645161290323 0.579723502304
85 0.0036866359447 0.0073732718894 0.00645161290323 0.00552995391705 0.0119815668203 0.00829493087558 0.0119815668203 0.0129032258065 0.0110599078341 0.00645161290323 0.00460829493088 0.0119815668203 0.00829493087558 0.00460829493088 0.0147465437788 0.0101382488479 0.0036866359447 0.0101382488479 0.190783410138 0.0138248847926 0.641474654378
86 0.0304147465438 0.00276497695853 0.0138248847926 0.0414746543779 0.00645161290323 0.00460829493088 0.00921658986175 0.0101382488479 0.0635944700461 0.0221198156682 0.00645161290323 0.00921658986175 0.00829493087558 0.0239631336406 0.0387096774194 0.021198156682 0.0119815668203 0.0129032258065 0.0 0.0036866359447 0.658986175115
87 0.0294930875576 0.000921658986175 0.0304147465438 0.021198156682 0.00460829493088 0.00645161290323 0.0110599078341 0.0073732718894 0.0479262672811 0.015668202765 0.0073732718894 0.015668202765 0.0175115207373 0.0248847926267 0.0497695852535 0.021198156682 0.0175115207373 0.00460829493088 0.00184331797235 0.00552995391705 0.658986175115
88 0.0175115207373 0.00184331797235 0.0101382488479 0.015668202765 0.0036866359447 0.0267281105991 0.0101382488479 0.00552995391705 0.0341013824885 0.0073732718894 0.0 0.094930875576 0.00460829493088 0.0101382488479 0.0534562211982 0.0230414746544 0.0138248847926 0.0073732718894 0.00460829493088 0.00276497695853 0.652534562212
89 0.0276497695853 0.00552995391705 0.0506912442396 0.052534562212 0.0036866359447 0.183410138249 0.00829493087558 0.00829493087558 0.0258064516129 0.00921658986175 0.00552995391705 0.0488479262673 0.0304147465438 0.0184331797235 0.0377880184332 0.0359447004608 0.0184331797235 0.015668202765 0.00184331797235 0.0036866359447 0.408294930876
90 0.0147465437788 0.00460829493088 0.00921658986175 0.0073732718894 0.0718894009217 0.0138248847926 0.0073732718894 0.0129032258065 0.00921658986175 0.0239631336406 0.0129032258065 0.00460829493088 0.021198156682 0.00829493087558 0.021198156682 0.0239631336406 0.015668202765 0.00552995391705 0.215668202765 0.0543778801843 0.441474654378
91 0.0294930875576 0.00460829493088 0.0221198156682 0.0387096774194 0.00645161290323 0.0248847926267 0.0110599078341 0.0387096774194 0.107834101382 0.0562211981567 0.0184331797235 0.015668202765 0.0322580645161 0.0396313364055 0.105069124424 0.0294930875576 0.0479262672811 0.0377880184332 0.000921658986175 0.0073732718894 0.32534562212
92 0.0377880184332 0.0110599078341 0.0193548387097 0.0193548387097 0.00460829493088 0.0193548387097 0.0073732718894 0.0184331797235 0.0617511520737 0.0147465437788 0.00552995391705 0.052534562212 0.0230414746544 0.0230414746544 0.0497695852535 0.0460829493088 0.0967741935484 0.0193548387097 0.000921658986175 0.00645161290323 0.46267281106
93 0.0672811059908 0.00645161290323 0.0101382488479 0.0165898617512 0.00645161290323 0.0285714285714 0.015668202765 0.0165898617512 0.0617511520737 0.0304147465438 0.0073732718894 0.0285714285714 0.0359447004608 0.0285714285714 0.0460829493088 0.0976958525346 0.0258064516129 0.0110599078341 0.000921658986175 0.00645161290323 0.451612903226
94 0.0331797235023 0.00552995391705 0.0746543778802 0.0258064516129 0.00460829493088 0.0396313364055 0.0193548387097 0.00921658986175 0.0497695852535 0.0147465437788 0.00276497695853 0.0433179723502 0.0267281105991 0.0239631336406 0.0433179723502 0.0875576036866 0.036866359447 0.0101382488479 0.000921658986175 0.00645161290323 0.441474654378
95 0.0258064516129 0.0101382488479 0.0221198156682 0.0359447004608 0.0138248847926 0.179723502304 0.0073732718894 0.0193548387097 0.0359447004608 0.0175115207373 0.00460829493088 0.036866359447 0.0258064516129 0.0230414746544 0.0359447004608 0.0322580645161 0.0202764976959 0.0129032258065 0.000921658986175 0.00645161290323 0.433179723502
96 0.0258064516129 0.00184331797235 0.0202764976959 0.0617511520737 0.00921658986175 0.0534562211982 0.0175115207373 0.0138248847926 0.0875576036866 0.0221198156682 0.00276497695853 0.036866359447 0.015668202765 0.0488479262673 0.052534562212 0.058064516129 0.0423963133641 0.0239631336406 0.00184331797235 0.0129032258065 0.390783410138
97 0.03133640553 0.00829493087558 0.0423963133641 0.0534562211982 0.0193548387097 0.0414746543779 0.0239631336406 0.0276497695853 0.0331797235023 0.0451612903226 0.015668202765 0.0258064516129 0.151152073733 0.0202764976959 0.0442396313364 0.0516129032258 0.0230414746544 0.0267281105991 0.00184331797235 0.03133640553 0.28202764977
98 0.0488479262673 0.0221198156682 0.0165898617512 0.015668202765 0.0175115207373 0.0193548387097 0.0350230414747 0.103225806452 0.0248847926267 0.0857142857143 0.00552995391705 0.00921658986175 0.0322580645161 0.0193548387097 0.0350230414747 0.0396313364055 0.0470046082949 0.152995391705 0.0129032258065 0.015668202765 0.241474654378
99 0.0811059907834 0.000921658986175 0.0258064516129 0.0562211981567 0.00552995391705 0.0267281105991 0.0147465437788 0.0322580645161 0.0995391705069 0.0470046082949 0.00921658986175 0.0202764976959 0.0635944700461 0.0423963133641 0.0543778801843 0.0571428571429 0.0433179723502 0.052534562212 0.0036866359447 0.0193548387097 0.244239631336
100 0.03133640553 0.00921658986175 0.0359447004608 0.0276497695853 0.0350230414747 0.0239631336406 0.0645161290323 0.0488479262673 0.0119815668203 0.0617511520737 0.0193548387097 0.194470046083 0.00645161290323 0.00921658986175 0.0184331797235 0.0654377880184 0.036866359447 0.0221198156682 0.00460829493088 0.0552995391705 0.217511520737
101 0.0921658986175 0.015668202765 0.0248847926267 0.0258064516129 0.015668202765 0.0387096774194 0.0304147465438 0.0350230414747 0.0672811059908 0.0626728110599 0.0073732718894 0.0359447004608 0.0387096774194 0.0755760368664 0.109677419355 0.0479262672811 0.0377880184332 0.0322580645161 0.0101382488479 0.0294930875576 0.166820276498
102 0.0645161290323 0.0073732718894 0.139170506912 0.129032258065 0.0138248847926 0.0341013824885 0.0267281105991 0.0276497695853 0.0516129032258 0.0341013824885 0.0165898617512 0.0470046082949 0.0635944700461 0.0479262672811 0.0617511520737 0.0728110599078 0.0423963133641 0.0258064516129 0.00829493087558 0.0138248847926 0.0718894009217
103 0.036866359447 0.0147465437788 0.00921658986175 0.036866359447 0.0543778801843 0.0073732718894 0.0110599078341 0.169585253456 0.0184331797235 0.315207373272 0.021198156682 0.00645161290323 0.00921658986175 0.0221198156682 0.021198156682 0.0184331797235 0.0294930875576 0.0635944700461 0.0110599078341 0.0497695852535 0.073732718894
104 0.0387096774194 0.0138248847926 0.0036866359447 0.00552995391705 0.0718894009217 0.0036866359447 0.0175115207373 0.140092165899 0.0267281105991 0.157603686636 0.0341013824885 0.0073732718894 0.00276497695853 0.0119815668203 0.036866359447 0.0239631336406 0.0221198156682 0.108755760369 0.144700460829 0.0552995391705 0.0728110599078
105 0.0562211981567 0.0101382488479 0.0617511520737 0.112442396313 0.0138248847926 0.015668202765 0.0350230414747 0.0239631336406 0.110599078341 0.0516129032258 0.0175115207373 0.0442396313364 0.0129032258065 0.109677419355 0.133640552995 0.0534562211982 0.0331797235023 0.0221198156682 0.00460829493088 0.015668202765 0.0617511520737
106 0.0930875576037 0.00921658986175 0.0875576036866 0.153917050691 0.015668202765 0.00921658986175 0.0239631336406 0.036866359447 0.0847926267281 0.0709677419355 0.015668202765 0.0331797235023 0.0129032258065 0.0654377880184 0.0820276497696 0.0552995391705 0.0377880184332 0.0248847926267 0.0073732718894 0.015668202765 0.0645161290323
107 0.0792626728111 0.0350230414747 0.00460829493088 0.0073732718894 0.0423963133641 0.0036866359447 0.0036866359447 0.307834101382 0.000921658986175 0.230414746544 0.0294930875576 0.00921658986175 0.00276497695853 0.00460829493088 0.0138248847926 0.0175115207373 0.0322580645161 0.089400921659 0.00829493087558 0.0221198156682 0.0552995391705
108 0.0599078341014 0.0147465437788 0.0599078341014 0.0470046082949 0.0239631336406 0.015668202765 0.0405529953917 0.0626728110599 0.0884792626728 0.109677419355 0.0239631336406 0.0276497695853 0.00645161290323 0.0571428571429 0.111520737327 0.0414746543779 0.0267281105991 0.0562211981567 0.03133640553 0.0285714285714 0.0663594470046
109 0.0847926267281 0.0119815668203 0.0857142857143 0.13732718894 0.0129032258065 0.0304147465438 0.0359447004608 0.0193548387097 0.0958525345622 0.0451612903226 0.0073732718894 0.0552995391705 0.00921658986175 0.058064516129 0.0921658986175 0.0700460829493 0.0433179723502 0.0175115207373 0.00552995391705 0.0138248847926 0.068202764977
110 0.0645161290323 0.0258064516129 0.0073732718894 0.0377880184332 0.0479262672811 0.0165898617512 0.0147465437788 0.0811059907834 0.0377880184332 0.328110599078 0.0405529953917 0.0119815668203 0.00460829493088 0.0331797235023 0.0488479262673 0.0239631336406 0.0285714285714 0.0322580645161 0.021198156682 0.0239631336406 0.0691244239631
111 0.073732718894 0.03133640553 0.0119815668203 0.0331797235023 0.0285714285714 0.0129032258065 0.0110599078341 0.105069124424 0.0506912442396 0.238709677419 0.0562211981567 0.0175115207373 0.00645161290323 0.0239631336406 0.0470046082949 0.0599078341014 0.0285714285714 0.058064516129 0.00829493087558 0.0221198156682 0.0746543778802
112 0.0599078341014 0.0110599078341 0.058064516129 0.0958525345622 0.0073732718894 0.03133640553 0.0248847926267 0.0193548387097 0.111520737327 0.0433179723502 0.0147465437788 0.068202764977 0.0175115207373 0.0663594470046 0.134562211982 0.0912442396313 0.03133640553 0.0221198156682 0.0036866359447 0.0110599078341 0.0764976958525
113 0.0414746543779 0.0175115207373 0.0599078341014 0.0884792626728 0.00921658986175 0.0709677419355 0.0276497695853 0.0184331797235 0.094930875576 0.0571428571429 0.0147465437788 0.0552995391705 0.0230414746544 0.0820276497696 0.0875576036866 0.0755760368664 0.0460829493088 0.0184331797235 0.00460829493088 0.0138248847926 0.0930875576037
114 0.0276958525346 0.0175576036866 0.0175576036866 0.0184792626728 0.141059907834 0.040599078341 0.056267281106 0.0599539170507 0.0415207373272 0.121705069124 0.019400921659 0.0424423963134 0.0175576036866 0.0147926267281 0.0903686635945 0.0203225806452 0.0286175115207 0.0507373271889 0.0304608294931 0.0267741935484 0.116129032258
115 0.0258064516129 0.0165898617512 0.0746543778802 0.0847926267281 0.0119815668203 0.0414746543779 0.03133640553 0.021198156682 0.0912442396313 0.036866359447 0.00460829493088 0.0857142857143 0.0479262672811 0.0460829493088 0.0829493087558 0.0930875576037 0.0599078341014 0.0442396313364 0.0036866359447 0.0138248847926 0.0820276497696
116 0.0221198156682 0.0396313364055 0.00552995391705 0.0073732718894 0.0635944700461 0.00552995391705 0.0129032258065 0.199078341014 0.0110599078341 0.110599078341 0.0073732718894 0.0036866359447 0.0175115207373 0.0036866359447 0.0110599078341 0.021198156682 0.0599078341014 0.285714285714 0.0193548387097 0.0221198156682 0.0709677419355
117 0.0285714285714 0.00921658986175 0.0359447004608 0.0976958525346 0.0276497695853 0.0184331797235 0.0488479262673 0.03133640553 0.0847926267281 0.0396313364055 0.0073732718894 0.0294930875576 0.00276497695853 0.0562211981567 0.0903225806452 0.118894009217 0.119815668203 0.0506912442396 0.00552995391705 0.0285714285714 0.068202764977
118 0.0202764976959 0.0073732718894 0.00552995391705 0.00460829493088 0.230414746544 0.00921658986175 0.00184331797235 0.175115207373 0.00460829493088 0.199078341014 0.0184331797235 0.0 0.00829493087558 0.00276497695853 0.0036866359447 0.00829493087558 0.00921658986175 0.148387096774 0.0423963133641 0.0258064516129 0.0746543778802
119 0.0442396313364 0.0267281105991 0.00829493087558 0.0820276497696 0.0239631336406 0.0147465437788 0.0599078341014 0.0571428571429 0.0801843317972 0.0423963133641 0.0184331797235 0.0322580645161 0.00460829493088 0.0764976958525 0.100460829493 0.0562211981567 0.052534562212 0.0857142857143 0.0193548387097 0.0331797235023 0.0811059907834
