POS A C D E F G H I K L M N P Q R S T V W Y -
1 0.00184672206833 0.000923361034164 0.00184672206833 0.00277008310249 0.00646352723915 0.00277008310249 0.0 0.00831024930748 0.000923361034164 0.0175438596491 0.0203139427516 0.0138504155125 0.00461680517082 0.000923361034164 0.000923361034164 0.000923361034164 0.0 0.00277008310249 0.0 0.00184672206833 0.910433979686
2 0.0156971375808 0.0 0.0350877192982 0.0240073868883 0.000923361034164 0.00738688827331 0.0129270544783 0.0101569713758 0.0138504155125 0.01108033241 0.0350877192982 0.0175438596491 0.0517082179132 0.0184672206833 0.0147737765466 0.0369344413666 0.0156971375808 0.00646352723915 0.0 0.00277008310249 0.669436749769
3 0.0212373037858 0.000923361034164 0.067405355494 0.0360110803324 0.00646352723915 0.13758079409 0.01108033241 0.00738688827331 0.0313942751616 0.0138504155125 0.0193905817175 0.0461680517082 0.0452446906741 0.0175438596491 0.0304709141274 0.0369344413666 0.0304709141274 0.00277008310249 0.00184672206833 0.0120036934441 0.423822714681
4 0.0462142197599 0.018513388735 0.0591412742382 0.0480609418283 0.0268236380425 0.0259002770083 0.0259002770083 0.0166666666667 0.0379039704524 0.0194367497692 0.0231301939058 0.0222068328717 0.0379039704524 0.018513388735 0.0305170821791 0.0563711911357 0.0739150507849 0.0323638042475 0.0489843028624 0.0277469990766 0.30378578024
5 0.0295475530933 0.0120036934441 0.00369344413666 0.00831024930748 0.0424746075716 0.00738688827331 0.00923361034164 0.133887349954 0.00923361034164 0.17082179132 0.0341643582641 0.0129270544783 0.0129270544783 0.00831024930748 0.016620498615 0.01108033241 0.0433979686057 0.133887349954 0.0313942751616 0.0526315789474 0.216066481994
6 0.0249307479224 0.0120036934441 0.0175438596491 0.0323176361958 0.01108033241 0.00461680517082 0.0415512465374 0.0914127423823 0.15974145891 0.0480147737765 0.00738688827331 0.0286241920591 0.00831024930748 0.0221606648199 0.0517082179132 0.0304709141274 0.0923361034164 0.126500461681 0.00461680517082 0.0203139427516 0.164358264081
7 0.0683748845799 0.0554478301016 4.61680517082e-05 0.00373961218837 0.0591412742382 0.00743305632502 4.61680517082e-05 0.226269621422 4.61680517082e-05 0.16163434903 0.01297322253 0.00466297322253 0.0028162511542 4.61680517082e-05 0.00373961218837 0.00373961218837 0.00466297322253 0.208725761773 0.01297322253 0.0166666666667 0.146814404432
8 0.0470914127424 0.00554016620499 0.00369344413666 0.01108033241 0.168051708218 0.00646352723915 0.0203139427516 0.0212373037858 0.00923361034164 0.01108033241 0.00461680517082 0.134810710988 0.00277008310249 0.0129270544783 0.0101569713758 0.0240073868883 0.0203139427516 0.0101569713758 0.0360110803324 0.300092336103 0.140350877193
9 0.0341643582641 0.0470914127424 0.00646352723915 0.00738688827331 0.0646352723915 0.00923361034164 0.0 0.0757156048015 0.00277008310249 0.0240073868883 0.0129270544783 0.000923361034164 0.00461680517082 0.00369344413666 0.00461680517082 0.0683287165282 0.346260387812 0.146814404432 0.000923361034164 0.00554016620499 0.133887349954
10 0.0268236380425 0.00927977839335 0.697183748846 0.0138965835642 0.000969529085873 0.0212834718375 0.0148199445983 0.00373961218837 0.00927977839335 0.00373961218837 0.00650969529086 0.0194367497692 0.00466297322253 0.00189289012004 0.00927977839335 0.0157433056325 0.00743305632502 0.0028162511542 4.61680517082e-05 0.0028162511542 0.128347183749
11 0.214219759926 0.00369344413666 0.00554016620499 0.00923361034164 0.000923361034164 0.523545706371 0.00369344413666 0.00184672206833 0.00184672206833 0.00461680517082 0.00461680517082 0.0101569713758 0.00184672206833 0.00184672206833 0.0129270544783 0.0286241920591 0.0184672206833 0.0221606648199 0.000923361034164 0.00277008310249 0.126500461681
12 0.168051708218 0.0156971375808 0.00369344413666 0.00277008310249 0.00554016620499 0.0535549399815 0.00738688827331 0.01108033241 0.00461680517082 0.0129270544783 0.00277008310249 0.00831024930748 0.00923361034164 0.00461680517082 0.01108033241 0.481994459834 0.0304709141274 0.0267774699908 0.00277008310249 0.00738688827331 0.129270544783
13 0.0619113573407 0.0979224376731 0.01297322253 0.0111265004617 0.0905355493998 0.02405355494 0.0166666666667 0.0212834718375 0.0572945521699 0.0406740535549 0.0175900277008 0.00373961218837 0.00835641735919 0.00743305632502 0.0397506925208 0.0979224376731 0.0369806094183 0.0739150507849 0.0591412742382 0.0563711911357 0.164358264081
14 0.0267774699908 0.0147737765466 0.0572483841182 0.0258541089566 0.0304709141274 0.0129270544783 0.0415512465374 0.0600184672207 0.0886426592798 0.0747922437673 0.00461680517082 0.0526315789474 0.0147737765466 0.0277008310249 0.108956602031 0.0664819944598 0.050784856879 0.0350877192982 0.00277008310249 0.0286241920591 0.174515235457
15 0.050784856879 0.00831024930748 0.0406278855032 0.0489381348107 0.00646352723915 0.1108033241 0.0267774699908 0.0175438596491 0.0720221606648 0.0249307479224 0.00554016620499 0.0794090489381 0.0821791320406 0.0378578024007 0.0443213296399 0.0766389658356 0.0277008310249 0.0360110803324 0.00738688827331 0.0193905817175 0.176361957525
16 0.0323176361958 0.00646352723915 0.0664819944598 0.0581717451524 0.00923361034164 0.0637119113573 0.0277008310249 0.0101569713758 0.0627885503232 0.0184672206833 0.00461680517082 0.162511542013 0.0249307479224 0.0387811634349 0.0313942751616 0.0738688827331 0.0332409972299 0.0203139427516 0.00646352723915 0.0138504155125 0.234533702678
17 0.0387811634349 0.00554016620499 0.0332409972299 0.0424746075716 0.00461680517082 0.13296398892 0.0193905817175 0.00554016620499 0.0415512465374 0.0156971375808 0.00277008310249 0.0470914127424 0.0803324099723 0.0378578024007 0.0397045244691 0.0747922437673 0.0720221606648 0.00923361034164 0.00369344413666 0.00738688827331 0.285318559557
18 0.0323176361958 0.00831024930748 0.0378578024007 0.0184672206833 0.00923361034164 0.219759926131 0.0184672206833 0.0101569713758 0.0637119113573 0.0203139427516 0.00831024930748 0.0415512465374 0.0203139427516 0.0277008310249 0.0590951061865 0.0498614958449 0.0350877192982 0.0129270544783 0.00554016620499 0.00923361034164 0.291782086796
19 0.0554016620499 0.0138504155125 0.0156971375808 0.0397045244691 0.0156971375808 0.050784856879 0.0193905817175 0.0424746075716 0.0831024930748 0.0341643582641 0.0101569713758 0.0295475530933 0.0572483841182 0.0332409972299 0.0803324099723 0.0655586334257 0.0350877192982 0.056325023084 0.00554016620499 0.0129270544783 0.243767313019
20 0.210526315789 0.0193905817175 0.0129270544783 0.0138504155125 0.0147737765466 0.168051708218 0.00738688827331 0.0369344413666 0.0184672206833 0.0212373037858 0.0258541089566 0.0221606648199 0.00646352723915 0.00554016620499 0.0240073868883 0.0914127423823 0.0470914127424 0.0664819944598 0.00277008310249 0.0129270544783 0.171745152355
21 0.138504155125 0.0120036934441 0.00738688827331 0.0120036934441 0.00646352723915 0.4810710988 0.00554016620499 0.0129270544783 0.0138504155125 0.00646352723915 0.00184672206833 0.0156971375808 0.00369344413666 0.0101569713758 0.0240073868883 0.0655586334257 0.0258541089566 0.0203139427516 0.00831024930748 0.00461680517082 0.123730378578
22 0.141274238227 0.0535549399815 0.00277008310249 0.00277008310249 0.0627885503232 0.0249307479224 0.00923361034164 0.114496768236 0.0138504155125 0.0609418282548 0.0221606648199 0.00369344413666 0.00461680517082 0.00646352723915 0.0120036934441 0.0461680517082 0.0267774699908 0.0849492151431 0.0987996306556 0.0821791320406 0.125577100646
23 0.231763619575 0.00646352723915 0.00461680517082 0.00646352723915 0.00184672206833 0.48568790397 0.000923361034164 0.00738688827331 0.00461680517082 0.00646352723915 0.00461680517082 0.00277008310249 0.00646352723915 0.00738688827331 0.0193905817175 0.0526315789474 0.0129270544783 0.0193905817175 0.00277008310249 0.00184672206833 0.113573407202
24 0.13758079409 0.0350877192982 0.00184672206833 0.00277008310249 0.0821791320406 0.113573407202 0.0 0.0969529085873 0.00277008310249 0.0387811634349 0.0101569713758 0.00184672206833 0.00461680517082 0.0 0.00646352723915 0.0323176361958 0.0101569713758 0.17082179132 0.0775623268698 0.0627885503232 0.111726685134
25 0.108956602031 0.016620498615 0.000923361034164 0.00554016620499 0.0498614958449 0.00923361034164 0.00831024930748 0.139427516159 0.0101569713758 0.0747922437673 0.0175438596491 0.00369344413666 0.0 0.00923361034164 0.00461680517082 0.0240073868883 0.0350877192982 0.268698060942 0.0295475530933 0.0655586334257 0.118190212373
26 0.072945521699 0.0350877192982 0.0101569713758 0.00646352723915 0.0738688827331 0.0526315789474 0.00831024930748 0.168051708218 0.00923361034164 0.1486611265 0.0147737765466 0.00461680517082 0.00554016620499 0.00831024930748 0.0193905817175 0.0378578024007 0.016620498615 0.124653739612 0.0313942751616 0.0350877192982 0.116343490305
27 0.0286241920591 0.0147737765466 0.01108033241 0.050784856879 0.0304709141274 0.0415512465374 0.0212373037858 0.0452446906741 0.050784856879 0.0489381348107 0.0138504155125 0.016620498615 0.0480147737765 0.0313942751616 0.190212373038 0.0369344413666 0.0415512465374 0.0932594644506 0.0193905817175 0.0600184672207 0.105263157895
28 0.0378578024007 0.01108033241 0.180978762696 0.0350877192982 0.0295475530933 0.0406278855032 0.0313942751616 0.0249307479224 0.0304709141274 0.0341643582641 0.000923361034164 0.0904893813481 0.0341643582641 0.0286241920591 0.0350877192982 0.0821791320406 0.0470914127424 0.0295475530933 0.0147737765466 0.0590951061865 0.12188365651
29 0.0313942751616 0.00646352723915 0.0951061865189 0.0609418282548 0.0138504155125 0.184672206833 0.0258541089566 0.00831024930748 0.0341643582641 0.0240073868883 0.00461680517082 0.0978762696214 0.067405355494 0.0332409972299 0.0406278855032 0.0600184672207 0.0498614958449 0.0156971375808 0.00277008310249 0.00738688827331 0.135734072022
30 0.0323176361958 0.00646352723915 0.0757156048015 0.0738688827331 0.00738688827331 0.256694367498 0.0230840258541 0.01108033241 0.050784856879 0.0193905817175 0.00646352723915 0.0535549399815 0.0267774699908 0.0332409972299 0.0369344413666 0.0627885503232 0.0286241920591 0.0193905817175 0.00554016620499 0.00738688827331 0.162511542013
31 0.0350877192982 0.0147737765466 0.0480147737765 0.0683287165282 0.0526315789474 0.0397045244691 0.0397045244691 0.0397045244691 0.0498614958449 0.0424746075716 0.016620498615 0.0258541089566 0.016620498615 0.0470914127424 0.0544783010157 0.0600184672207 0.0443213296399 0.0738688827331 0.0433979686057 0.016620498615 0.17082179132
32 0.0341643582641 0.0184672206833 0.0193905817175 0.0627885503232 0.0332409972299 0.0240073868883 0.0193905817175 0.0904893813481 0.0470914127424 0.0812557710065 0.0101569713758 0.0304709141274 0.067405355494 0.0341643582641 0.0535549399815 0.0369344413666 0.0313942751616 0.1108033241 0.0212373037858 0.0249307479224 0.1486611265
33 0.0489381348107 0.0156971375808 0.0203139427516 0.0443213296399 0.0378578024007 0.0443213296399 0.0258541089566 0.0747922437673 0.072945521699 0.112650046168 0.0193905817175 0.0249307479224 0.00923361034164 0.0369344413666 0.0664819944598 0.0406278855032 0.0415512465374 0.0572483841182 0.0212373037858 0.0470914127424 0.13758079409
34 0.0987996306556 0.01108033241 0.0295475530933 0.0757156048015 0.0212373037858 0.0794090489381 0.0369344413666 0.0350877192982 0.0341643582641 0.0535549399815 0.0138504155125 0.078485687904 0.0193905817175 0.0433979686057 0.056325023084 0.0738688827331 0.050784856879 0.0406278855032 0.0101569713758 0.01108033241 0.126500461681
35 0.0877192982456 0.0193905817175 0.0120036934441 0.0267774699908 0.123730378578 0.0397045244691 0.0240073868883 0.0757156048015 0.0360110803324 0.0987996306556 0.0175438596491 0.0120036934441 0.00831024930748 0.0212373037858 0.0387811634349 0.050784856879 0.0470914127424 0.0590951061865 0.0277008310249 0.0526315789474 0.120960295476
36 0.118190212373 0.0184672206833 0.0175438596491 0.0267774699908 0.0360110803324 0.078485687904 0.0286241920591 0.016620498615 0.0572483841182 0.0378578024007 0.00461680517082 0.0203139427516 0.0175438596491 0.0286241920591 0.0609418282548 0.198522622345 0.0397045244691 0.0295475530933 0.00738688827331 0.0480147737765 0.108956602031
37 0.0526315789474 0.0156971375808 0.0147737765466 0.0470914127424 0.0304709141274 0.152354570637 0.0120036934441 0.0360110803324 0.072945521699 0.078485687904 0.00738688827331 0.0258541089566 0.0544783010157 0.0267774699908 0.0831024930748 0.0637119113573 0.0249307479224 0.0452446906741 0.0156971375808 0.0240073868883 0.116343490305
38 0.0470914127424 0.0221606648199 0.0323176361958 0.0267774699908 0.0369344413666 0.072945521699 0.0193905817175 0.0535549399815 0.0544783010157 0.103416435826 0.0184672206833 0.0323176361958 0.072945521699 0.0230840258541 0.0452446906741 0.0803324099723 0.0452446906741 0.0424746075716 0.00369344413666 0.0350877192982 0.132040627886
39 0.0397045244691 0.0249307479224 0.0470914127424 0.0803324099723 0.0397045244691 0.0572483841182 0.0240073868883 0.0581717451524 0.0350877192982 0.125577100646 0.0129270544783 0.0240073868883 0.0646352723915 0.0212373037858 0.0544783010157 0.061865189289 0.0443213296399 0.0590951061865 0.00646352723915 0.0221606648199 0.0969529085873
40 0.0517543859649 0.0148199445983 0.0572945521699 0.0526777469991 0.029593721145 0.162557710065 0.0360572483841 0.02405355494 0.0499076638966 0.0360572483841 0.00650969529086 0.0406740535549 0.0896121883657 0.03513388735 0.0545244690674 0.0536011080332 0.0489843028624 0.0222068328717 0.00373961218837 0.0157433056325 0.114496768236
41 0.0590951061865 0.0323176361958 0.0554016620499 0.0581717451524 0.0249307479224 0.0498614958449 0.0406278855032 0.0535549399815 0.0581717451524 0.0572483841182 0.0120036934441 0.0554016620499 0.0461680517082 0.0267774699908 0.050784856879 0.0517082179132 0.0433979686057 0.0609418282548 0.00738688827331 0.0249307479224 0.131117266851
42 0.100646352724 0.0489381348107 0.0184672206833 0.0230840258541 0.0120036934441 0.0572483841182 0.0378578024007 0.0240073868883 0.0304709141274 0.061865189289 0.0175438596491 0.0304709141274 0.0489381348107 0.0710987996307 0.0332409972299 0.0987996306556 0.108956602031 0.0517082179132 0.0138504155125 0.0221606648199 0.0886426592798
43 0.0175438596491 0.0156971375808 0.0969529085873 0.0240073868883 0.00646352723915 0.0230840258541 0.0156971375808 0.00923361034164 0.016620498615 0.0156971375808 0.00646352723915 0.067405355494 0.016620498615 0.00923361034164 0.0147737765466 0.277931671283 0.269621421976 0.00461680517082 0.00369344413666 0.00738688827331 0.0812557710065
44 0.122807017544 0.00369344413666 0.00554016620499 0.0203139427516 0.00461680517082 0.0156971375808 0.0101569713758 0.0997229916898 0.01108033241 0.0156971375808 0.00277008310249 0.196675900277 0.0757156048015 0.0138504155125 0.016620498615 0.154201292705 0.0277008310249 0.116343490305 0.0 0.00646352723915 0.0803324099723
45 0.0369344413666 0.00461680517082 0.0258541089566 0.0240073868883 0.0941828254848 0.0221606648199 0.0369344413666 0.0378578024007 0.016620498615 0.111726685134 0.0175438596491 0.189289012004 0.0129270544783 0.0877192982456 0.0184672206833 0.0295475530933 0.0535549399815 0.0369344413666 0.00184672206833 0.0637119113573 0.0775623268698
46 0.0627885503232 0.00738688827331 0.0664819944598 0.120960295476 0.0221606648199 0.0184672206833 0.0332409972299 0.0498614958449 0.0304709141274 0.0387811634349 0.0286241920591 0.0138504155125 0.00738688827331 0.0849492151431 0.117266851339 0.0332409972299 0.0747922437673 0.0747922437673 0.0129270544783 0.0277008310249 0.0738688827331
47 0.526315789474 0.0258541089566 0.00369344413666 0.00369344413666 0.00554016620499 0.0849492151431 0.00277008310249 0.0156971375808 0.0147737765466 0.056325023084 0.0397045244691 0.00369344413666 0.0101569713758 0.00277008310249 0.0129270544783 0.0489381348107 0.0341643582641 0.0461680517082 0.0 0.00369344413666 0.0581717451524
48 0.0120498614958 0.000969529085873 0.0157433056325 0.795060018467 4.61680517082e-05 0.0120498614958 0.00373961218837 0.00466297322253 0.029593721145 0.00927977839335 0.00189289012004 0.00373961218837 0.0028162511542 0.01297322253 0.00373961218837 0.00650969529086 0.01297322253 0.0111265004617 0.000969529085873 0.0028162511542 0.0572483841182
49 0.128347183749 0.0175438596491 0.000923361034164 0.0129270544783 0.0397045244691 0.00738688827331 0.00277008310249 0.101569713758 0.00277008310249 0.389658356417 0.0470914127424 0.000923361034164 0.00277008310249 0.00738688827331 0.00369344413666 0.0129270544783 0.0313942751616 0.0526315789474 0.0101569713758 0.0757156048015 0.0517082179132
50 0.0849492151431 0.016620498615 0.00461680517082 0.0923361034164 0.0360110803324 0.0120036934441 0.0295475530933 0.0554016620499 0.0304709141274 0.174515235457 0.0646352723915 0.0138504155125 0.00277008310249 0.0498614958449 0.0646352723915 0.0341643582641 0.0443213296399 0.0637119113573 0.0240073868883 0.0554016620499 0.0461680517082
51 0.68513388735 0.00831024930748 0.00277008310249 0.00554016620499 0.00184672206833 0.138504155125 0.00277008310249 0.00461680517082 0.00184672206833 0.00369344413666 0.00461680517082 0.000923361034164 0.00554016620499 0.00369344413666 0.000923361034164 0.0406278855032 0.0212373037858 0.0230840258541 0.0 0.000923361034164 0.0433979686057
52 0.106186518929 0.0452446906741 0.00184672206833 0.00369344413666 0.0378578024007 0.00461680517082 0.00184672206833 0.30378578024 0.0 0.222530009234 0.0415512465374 0.00369344413666 0.00184672206833 0.00184672206833 0.00184672206833 0.00646352723915 0.0129270544783 0.15974145891 0.000923361034164 0.00277008310249 0.0387811634349
53 0.067405355494 0.0175438596491 0.0120036934441 0.0295475530933 0.0249307479224 0.0120036934441 0.0184672206833 0.14404432133 0.0600184672207 0.238227146814 0.0184672206833 0.0212373037858 0.00184672206833 0.0240073868883 0.0747922437673 0.0267774699908 0.0332409972299 0.0692520775623 0.0147737765466 0.0535549399815 0.0378578024007
54 0.0914127423823 0.0120036934441 0.0350877192982 0.138504155125 0.0304709141274 0.0138504155125 0.0517082179132 0.0304709141274 0.0849492151431 0.111726685134 0.0387811634349 0.0323176361958 0.00461680517082 0.0452446906741 0.0692520775623 0.0323176361958 0.0313942751616 0.0295475530933 0.0323176361958 0.0489381348107 0.0350877192982
55 0.537396121884 0.0240073868883 0.00554016620499 0.00554016620499 0.00369344413666 0.225300092336 0.00184672206833 0.00738688827331 0.0 0.0258541089566 0.00184672206833 0.00277008310249 0.00277008310249 0.00184672206833 0.00738688827331 0.0387811634349 0.0230840258541 0.0452446906741 0.00184672206833 0.000923361034164 0.0369344413666
56 0.0369344413666 0.016620498615 0.000923361034164 0.00369344413666 0.0397045244691 0.0 0.00646352723915 0.1486611265 0.00369344413666 0.521698984303 0.0452446906741 0.0 0.00184672206833 0.00184672206833 0.00369344413666 0.00554016620499 0.016620498615 0.105263157895 0.0 0.00646352723915 0.0350877192982
57 0.0267774699908 0.01108033241 0.0590951061865 0.179132040628 0.00554016620499 0.0156971375808 0.0249307479224 0.0203139427516 0.140350877193 0.0655586334257 0.0101569713758 0.0341643582641 0.00369344413666 0.0978762696214 0.126500461681 0.072945521699 0.0295475530933 0.0203139427516 0.00554016620499 0.0156971375808 0.0350877192982
58 0.0794090489381 0.0147737765466 0.0240073868883 0.0230840258541 0.0424746075716 0.00646352723915 0.0461680517082 0.0895660203139 0.0397045244691 0.154201292705 0.0378578024007 0.0175438596491 0.000923361034164 0.0443213296399 0.0655586334257 0.056325023084 0.0433979686057 0.0544783010157 0.0600184672207 0.0590951061865 0.0406278855032
59 0.315835641736 0.0369806094183 0.00927977839335 0.00466297322253 0.0526777469991 0.0222068328717 0.0148199445983 0.106232686981 0.00189289012004 0.156094182825 0.0277469990766 0.00558633425669 0.00558633425669 0.00373961218837 0.0138965835642 0.02405355494 0.0388273314866 0.0942289935365 0.00927977839335 0.0111265004617 0.0452446906741
60 0.0646352723915 0.0147737765466 0.0267774699908 0.0554016620499 0.016620498615 0.0230840258541 0.0230840258541 0.0600184672207 0.0951061865189 0.128347183749 0.016620498615 0.0341643582641 0.0720221606648 0.0489381348107 0.0683287165282 0.0489381348107 0.0323176361958 0.0526315789474 0.0369344413666 0.0175438596491 0.0637119113573
61 0.0489381348107 0.0129270544783 0.056325023084 0.0775623268698 0.0120036934441 0.187442289935 0.0249307479224 0.0138504155125 0.0747922437673 0.0332409972299 0.00646352723915 0.0747922437673 0.0498614958449 0.0397045244691 0.0710987996307 0.0590951061865 0.0341643582641 0.0193905817175 0.00646352723915 0.0129270544783 0.084025854109
62 0.0498614958449 0.0203139427516 0.0757156048015 0.0249307479224 0.0757156048015 0.0664819944598 0.0249307479224 0.0720221606648 0.0332409972299 0.0775623268698 0.0156971375808 0.0581717451524 0.061865189289 0.0147737765466 0.0397045244691 0.0480147737765 0.0360110803324 0.0609418282548 0.0184672206833 0.0498614958449 0.0757156048015
63 0.0480147737765 0.0295475530933 0.0498614958449 0.0554016620499 0.0156971375808 0.0433979686057 0.0406278855032 0.0175438596491 0.104339796861 0.0332409972299 0.0156971375808 0.0489381348107 0.0249307479224 0.0655586334257 0.109879963066 0.0904893813481 0.102493074792 0.0313942751616 0.00184672206833 0.00923361034164 0.061865189289
64 0.0304709141274 0.0138504155125 0.0581717451524 0.0720221606648 0.00923361034164 0.0221606648199 0.067405355494 0.016620498615 0.129270544783 0.01108033241 0.00738688827331 0.0914127423823 0.0951061865189 0.0433979686057 0.112650046168 0.0877192982456 0.0554016620499 0.0304709141274 0.00554016620499 0.00554016620499 0.0350877192982
65 0.0627885503232 0.00923361034164 0.00738688827331 0.00369344413666 0.0433979686057 0.0101569713758 0.00554016620499 0.236380424746 0.00277008310249 0.219759926131 0.0156971375808 0.00277008310249 0.00369344413666 0.00277008310249 0.00554016620499 0.00923361034164 0.0258541089566 0.271468144044 0.00646352723915 0.0184672206833 0.0369344413666
66 0.0350877192982 0.0221606648199 0.0230840258541 0.0655586334257 0.0221606648199 0.000923361034164 0.0498614958449 0.15974145891 0.0323176361958 0.084025854109 0.0147737765466 0.0443213296399 0.00646352723915 0.0286241920591 0.0350877192982 0.0258541089566 0.108033240997 0.15974145891 0.0240073868883 0.0221606648199 0.0360110803324
67 0.0129270544783 0.0230840258541 0.00184672206833 0.00184672206833 0.0821791320406 0.00184672206833 0.00277008310249 0.434903047091 0.00277008310249 0.154201292705 0.0147737765466 0.000923361034164 0.00369344413666 0.00461680517082 0.00461680517082 0.00646352723915 0.00461680517082 0.202216066482 0.000923361034164 0.00554016620499 0.0332409972299
68 0.0443213296399 0.0313942751616 0.00554016620499 0.147737765466 0.147737765466 0.01108033241 0.0452446906741 0.0461680517082 0.0397045244691 0.0904893813481 0.0147737765466 0.0175438596491 0.00277008310249 0.0240073868883 0.0554016620499 0.00738688827331 0.00554016620499 0.0609418282548 0.0156971375808 0.152354570637 0.0341643582641
69 0.0286241920591 0.0406278855032 0.00184672206833 0.00554016620499 0.00369344413666 0.0710987996307 0.01108033241 0.0286241920591 0.00277008310249 0.0387811634349 0.0221606648199 0.0101569713758 0.00277008310249 0.00277008310249 0.00461680517082 0.274238227147 0.369344413666 0.0323176361958 0.00461680517082 0.0101569713758 0.0341643582641
70 0.0101569713758 0.00277008310249 0.781163434903 0.016620498615 0.0 0.00554016620499 0.01108033241 0.00277008310249 0.00923361034164 0.00277008310249 0.00184672206833 0.0378578024007 0.00554016620499 0.000923361034164 0.0156971375808 0.0304709141274 0.0147737765466 0.00646352723915 0.0 0.00461680517082 0.0397045244691
71 0.0332409972299 0.118190212373 0.0184672206833 0.0101569713758 0.0129270544783 0.00369344413666 0.0120036934441 0.00277008310249 0.000923361034164 0.0156971375808 0.00184672206833 0.124653739612 0.00554016620499 0.00461680517082 0.00369344413666 0.542012927054 0.00923361034164 0.00738688827331 0.000923361034164 0.0156971375808 0.056325023084
72 0.0590951061865 0.00461680517082 0.0295475530933 0.0812557710065 0.00923361034164 0.0120036934441 0.00831024930748 0.0258541089566 0.141274238227 0.117266851339 0.0286241920591 0.0230840258541 0.00831024930748 0.178208679594 0.0831024930748 0.0627885503232 0.0461680517082 0.0120036934441 0.00554016620499 0.00554016620499 0.0581717451524
73 0.111772853186 0.00189289012004 0.0314404432133 0.0397506925208 0.0406740535549 0.029593721145 0.0157433056325 0.029593721145 0.01297322253 0.091458910434 0.0120498614958 0.0508310249307 0.0259002770083 0.0323638042475 0.0194367497692 0.127469990766 0.0600646352724 0.0434441366574 0.0120498614958 0.149630655586 0.061865189289
74 0.239150507849 0.0193905817175 0.00184672206833 0.00369344413666 0.0101569713758 0.00738688827331 0.0 0.0812557710065 0.0 0.182825484765 0.0203139427516 0.00646352723915 0.00184672206833 0.0 0.00277008310249 0.0489381348107 0.0397045244691 0.265927977839 0.000923361034164 0.00184672206833 0.0655586334257
75 0.0637119113573 0.0230840258541 0.00369344413666 0.00831024930748 0.0221606648199 0.00831024930748 0.00277008310249 0.247460757156 0.0184672206833 0.187442289935 0.0295475530933 0.00738688827331 0.00369344413666 0.0120036934441 0.0138504155125 0.0184672206833 0.0221606648199 0.235457063712 0.00277008310249 0.0249307479224 0.0443213296399
76 0.056325023084 0.00369344413666 0.102493074792 0.0757156048015 0.00738688827331 0.0517082179132 0.0286241920591 0.0138504155125 0.108956602031 0.0249307479224 0.0203139427516 0.118190212373 0.00554016620499 0.107109879963 0.0803324099723 0.0803324099723 0.0360110803324 0.0101569713758 0.00184672206833 0.0203139427516 0.0461680517082
77 0.165281625115 0.0489381348107 0.0147737765466 0.0203139427516 0.0258541089566 0.0794090489381 0.0240073868883 0.0526315789474 0.0267774699908 0.0904893813481 0.0406278855032 0.0304709141274 0.0 0.067405355494 0.0295475530933 0.0904893813481 0.0526315789474 0.0378578024007 0.0203139427516 0.0184672206833 0.0637119113573
78 0.0415512465374 0.0156971375808 0.000923361034164 0.00369344413666 0.0664819944598 0.00461680517082 0.00646352723915 0.231763619575 0.00277008310249 0.308402585411 0.0554016620499 0.00369344413666 0.00461680517082 0.00461680517082 0.00554016620499 0.0129270544783 0.016620498615 0.125577100646 0.00923361034164 0.0175438596491 0.061865189289
79 0.0637119113573 0.0147737765466 0.0295475530933 0.0452446906741 0.01108033241 0.0304709141274 0.0249307479224 0.0120036934441 0.0886426592798 0.0489381348107 0.0101569713758 0.143120960295 0.0101569713758 0.0886426592798 0.0692520775623 0.0831024930748 0.117266851339 0.0193905817175 0.00369344413666 0.0129270544783 0.072945521699
80 0.0313942751616 0.00923361034164 0.0572483841182 0.0554016620499 0.00738688827331 0.104339796861 0.0267774699908 0.0120036934441 0.122807017544 0.0175438596491 0.00369344413666 0.0914127423823 0.00646352723915 0.0415512465374 0.0858725761773 0.103416435826 0.0433979686057 0.0129270544783 0.0 0.0120036934441 0.15512465374
81 0.0138504155125 0.00738688827331 0.0240073868883 0.00923361034164 0.0175438596491 0.0258541089566 0.0203139427516 0.0120036934441 0.0230840258541 0.0295475530933 0.00369344413666 0.0240073868883 0.0156971375808 0.0156971375808 0.0397045244691 0.0249307479224 0.0147737765466 0.0101569713758 0.112650046168 0.0240073868883 0.531855955679
82 0.0342105263158 0.0111265004617 0.0102031394275 0.00927977839335 0.0111265004617 0.0175900277008 0.00466297322253 0.0582179132041 0.0175900277008 0.10161588181 0.0194367497692 0.00466297322253 0.0148199445983 0.00743305632502 0.02405355494 0.0212834718375 0.01297322253 0.0305170821791 0.000969529085873 0.0157433056325 0.572483841182
83 0.0267774699908 0.00277008310249 0.0295475530933 0.0470914127424 0.0120036934441 0.016620498615 0.0184672206833 0.0101569713758 0.0341643582641 0.0175438596491 0.00277008310249 0.0249307479224 0.0489381348107 0.016620498615 0.0193905817175 0.0360110803324 0.0249307479224 0.0156971375808 0.0101569713758 0.0101569713758 0.575253924284
84 0.016620498615 0.000923361034164 0.0147737765466 0.0304709141274 0.00184672206833 0.0581717451524 0.00923361034164 0.0138504155125 0.0637119113573 0.0156971375808 0.00184672206833 0.0277008310249 0.0193905817175 0.0120036934441 0.0360110803324 0.0332409972299 0.0286241920591 0.0193905817175 0.00277008310249 0.00831024930748 0.58541089566
85 0.00461680517082 0.00646352723915 0.00646352723915 0.00461680517082 0.01108033241 0.00646352723915 0.01108033241 0.00831024930748 0.0101569713758 0.00831024930748 0.00461680517082 0.00831024930748 0.0138504155125 0.00831024930748 0.0101569713758 0.0101569713758 0.00461680517082 0.00646352723915 0.194829178209 0.0129270544783 0.648199445983
86 0.0304709141274 0.00461680517082 0.0120036934441 0.0443213296399 0.00554016620499 0.00369344413666 0.0120036934441 0.00738688827331 0.061865189289 0.0212373037858 0.00923361034164 0.00923361034164 0.00554016620499 0.0240073868883 0.0350877192982 0.0212373037858 0.00831024930748 0.0120036934441 0.0 0.00277008310249 0.669436749769
87 0.0295475530933 0.00277008310249 0.0332409972299 0.0203139427516 0.00461680517082 0.00554016620499 0.00923361034164 0.00831024930748 0.0433979686057 0.0147737765466 0.00831024930748 0.0138504155125 0.0138504155125 0.0277008310249 0.0498614958449 0.0203139427516 0.0147737765466 0.00461680517082 0.00277008310249 0.00461680517082 0.667590027701
88 0.0184672206833 0.000923361034164 0.00738688827331 0.0156971375808 0.00461680517082 0.0221606648199 0.00831024930748 0.00738688827331 0.0378578024007 0.00831024930748 0.00184672206833 0.0951061865189 0.01108033241 0.0129270544783 0.0517082179132 0.0193905817175 0.0138504155125 0.00738688827331 0.00369344413666 0.00461680517082 0.647276084949
89 0.0249307479224 0.00554016620499 0.056325023084 0.0480147737765 0.00369344413666 0.179132040628 0.00923361034164 0.00646352723915 0.0258541089566 0.00923361034164 0.00277008310249 0.0480147737765 0.0277008310249 0.0156971375808 0.0341643582641 0.0350877192982 0.0138504155125 0.0129270544783 0.000923361034164 0.00369344413666 0.43674976916
90 0.0147737765466 0.00461680517082 0.00738688827331 0.00831024930748 0.0609418282548 0.0138504155125 0.00369344413666 0.0101569713758 0.0101569713758 0.0295475530933 0.0138504155125 0.00646352723915 0.0323176361958 0.01108033241 0.0212373037858 0.0230840258541 0.0184672206833 0.00646352723915 0.208679593721 0.0590951061865 0.435826408126
91 0.0304709141274 0.00554016620499 0.0175438596491 0.0360110803324 0.00461680517082 0.0240073868883 0.0101569713758 0.0415512465374 0.0941828254848 0.0581717451524 0.016620498615 0.016620498615 0.0249307479224 0.0406278855032 0.0987996306556 0.0249307479224 0.0415512465374 0.0360110803324 0.00184672206833 0.00646352723915 0.369344413666
92 0.0332409972299 0.01108033241 0.0156971375808 0.0193905817175 0.00461680517082 0.0193905817175 0.00646352723915 0.0203139427516 0.0600184672207 0.0156971375808 0.00461680517082 0.0517082179132 0.0258541089566 0.0221606648199 0.0433979686057 0.0369344413666 0.0932594644506 0.016620498615 0.00277008310249 0.00461680517082 0.49215143121
93 0.0710987996307 0.00738688827331 0.00738688827331 0.0212373037858 0.00277008310249 0.0258541089566 0.00738688827331 0.016620498615 0.0581717451524 0.0221606648199 0.00554016620499 0.0332409972299 0.0341643582641 0.0277008310249 0.0470914127424 0.0951061865189 0.0277008310249 0.0120036934441 0.0 0.00554016620499 0.471837488458
94 0.0286241920591 0.00738688827331 0.061865189289 0.0249307479224 0.00738688827331 0.0360110803324 0.01108033241 0.00738688827331 0.0498614958449 0.0156971375808 0.0 0.0406278855032 0.0304709141274 0.0230840258541 0.0554016620499 0.0831024930748 0.0332409972299 0.0120036934441 0.00184672206833 0.00461680517082 0.465373961219
95 0.0277008310249 0.0120036934441 0.0203139427516 0.0286241920591 0.0129270544783 0.183748845799 0.0129270544783 0.0156971375808 0.0332409972299 0.0240073868883 0.00369344413666 0.0369344413666 0.0221606648199 0.0212373037858 0.0286241920591 0.0313942751616 0.0193905817175 0.0129270544783 0.000923361034164 0.00831024930748 0.443213296399
96 0.0212373037858 0.00184672206833 0.0258541089566 0.0581717451524 0.00831024930748 0.0480147737765 0.0221606648199 0.0175438596491 0.0849492151431 0.0193905817175 0.00369344413666 0.0369344413666 0.0156971375808 0.0461680517082 0.0498614958449 0.056325023084 0.0452446906741 0.0230840258541 0.00369344413666 0.0129270544783 0.398891966759
97 0.0258541089566 0.00738688827331 0.0480147737765 0.0406278855032 0.0193905817175 0.0470914127424 0.0258541089566 0.0249307479224 0.0369344413666 0.056325023084 0.0120036934441 0.0230840258541 0.157894736842 0.0175438596491 0.0424746075716 0.0544783010157 0.0332409972299 0.0323176361958 0.00184672206833 0.0286241920591 0.264081255771
98 0.0535549399815 0.0203139427516 0.016620498615 0.0175438596491 0.0129270544783 0.0193905817175 0.0378578024007 0.107109879963 0.0249307479224 0.084025854109 0.00646352723915 0.0129270544783 0.0350877192982 0.0184672206833 0.0350877192982 0.0544783010157 0.0517082179132 0.144967682364 0.0120036934441 0.0129270544783 0.221606648199
99 0.0904893813481 0.00277008310249 0.0249307479224 0.0572483841182 0.00554016620499 0.0230840258541 0.016620498615 0.0332409972299 0.106186518929 0.0470914127424 0.00831024930748 0.0249307479224 0.0664819944598 0.0443213296399 0.0581717451524 0.061865189289 0.0415512465374 0.0535549399815 0.00461680517082 0.0156971375808 0.213296398892
100 0.0304709141274 0.0147737765466 0.0387811634349 0.0313942751616 0.0369344413666 0.0277008310249 0.0683287165282 0.0452446906741 0.0138504155125 0.0738688827331 0.0175438596491 0.18836565097 0.00738688827331 0.00646352723915 0.016620498615 0.0664819944598 0.0332409972299 0.0277008310249 0.00738688827331 0.0572483841182 0.190212373038
101 0.0914127423823 0.01108033241 0.0193905817175 0.0203139427516 0.0184672206833 0.0452446906741 0.0350877192982 0.0286241920591 0.0683287165282 0.0627885503232 0.00646352723915 0.0295475530933 0.0452446906741 0.0692520775623 0.104339796861 0.0517082179132 0.0378578024007 0.0369344413666 0.00923361034164 0.0249307479224 0.183748845799
102 0.0646352723915 0.00738688827331 0.142197599261 0.13296398892 0.0101569713758 0.0387811634349 0.0295475530933 0.0313942751616 0.0544783010157 0.0415512465374 0.0184672206833 0.0470914127424 0.0600184672207 0.0415512465374 0.0554016620499 0.072945521699 0.0387811634349 0.0258541089566 0.00554016620499 0.0138504155125 0.067405355494
103 0.0397045244691 0.01108033241 0.0101569713758 0.0387811634349 0.0480147737765 0.00554016620499 0.0101569713758 0.17728531856 0.0184672206833 0.320406278855 0.0156971375808 0.00923361034164 0.0101569713758 0.0286241920591 0.0203139427516 0.0147737765466 0.0295475530933 0.0609418282548 0.00923361034164 0.0517082179132 0.0701754385965
104 0.050784856879 0.0129270544783 0.00369344413666 0.00923361034164 0.0701754385965 0.00554016620499 0.0147737765466 0.131117266851 0.0230840258541 0.169898430286 0.0332409972299 0.00831024930748 0.00277008310249 0.0156971375808 0.0323176361958 0.0240073868883 0.0212373037858 0.102493074792 0.141274238227 0.056325023084 0.0710987996307
105 0.067405355494 0.0120036934441 0.0544783010157 0.115420129271 0.0129270544783 0.016620498615 0.0286241920591 0.0221606648199 0.116343490305 0.050784856879 0.0203139427516 0.0470914127424 0.0101569713758 0.107109879963 0.133887349954 0.0590951061865 0.0267774699908 0.0175438596491 0.00461680517082 0.0129270544783 0.0637119113573
106 0.0914127423823 0.0138504155125 0.0858725761773 0.143120960295 0.0193905817175 0.00831024930748 0.0221606648199 0.0397045244691 0.084025854109 0.0710987996307 0.0120036934441 0.0323176361958 0.00738688827331 0.0655586334257 0.0941828254848 0.0637119113573 0.0286241920591 0.0230840258541 0.00646352723915 0.0203139427516 0.067405355494
107 0.0794090489381 0.0378578024007 0.00277008310249 0.00369344413666 0.0452446906741 0.00461680517082 0.00369344413666 0.295475530933 0.00184672206833 0.231763619575 0.0286241920591 0.00831024930748 0.00277008310249 0.00554016620499 0.0184672206833 0.0175438596491 0.0341643582641 0.0904893813481 0.01108033241 0.0175438596491 0.0590951061865
108 0.0572483841182 0.0101569713758 0.0655586334257 0.0452446906741 0.0230840258541 0.0147737765466 0.0433979686057 0.0655586334257 0.0849492151431 0.106186518929 0.0249307479224 0.0258541089566 0.0101569713758 0.0609418282548 0.118190212373 0.0406278855032 0.0277008310249 0.0498614958449 0.0277008310249 0.0277008310249 0.0701754385965
109 0.0969529085873 0.0138504155125 0.0821791320406 0.144967682364 0.016620498615 0.0286241920591 0.0323176361958 0.0240073868883 0.0895660203139 0.0461680517082 0.0101569713758 0.0470914127424 0.00646352723915 0.0480147737765 0.0849492151431 0.0710987996307 0.0489381348107 0.0193905817175 0.00554016620499 0.0138504155125 0.0692520775623
110 0.0692520775623 0.0212373037858 0.0129270544783 0.0461680517082 0.0480147737765 0.0138504155125 0.0203139427516 0.0867959372114 0.0350877192982 0.299168975069 0.0360110803324 0.0175438596491 0.00369344413666 0.0304709141274 0.0526315789474 0.0267774699908 0.0249307479224 0.0378578024007 0.0203139427516 0.0258541089566 0.0710987996307
111 0.0794090489381 0.0313942751616 0.0101569713758 0.0295475530933 0.0323176361958 0.0147737765466 0.01108033241 0.0951061865189 0.050784856879 0.243767313019 0.0498614958449 0.0175438596491 0.00646352723915 0.0304709141274 0.0433979686057 0.0517082179132 0.0295475530933 0.0581717451524 0.0101569713758 0.0230840258541 0.0812557710065
112 0.0581717451524 0.01108033241 0.0757156048015 0.0914127423823 0.00646352723915 0.0313942751616 0.0230840258541 0.0175438596491 0.104339796861 0.0397045244691 0.016620498615 0.0627885503232 0.0212373037858 0.0766389658356 0.134810710988 0.0821791320406 0.0332409972299 0.0203139427516 0.00369344413666 0.00923361034164 0.0803324099723
113 0.0406278855032 0.0138504155125 0.0600184672207 0.0831024930748 0.00646352723915 0.0766389658356 0.0295475530933 0.0203139427516 0.0904893813481 0.0526315789474 0.016620498615 0.0627885503232 0.0203139427516 0.072945521699 0.0923361034164 0.0895660203139 0.0397045244691 0.0193905817175 0.00369344413666 0.0175438596491 0.0914127423823
114 0.02405355494 0.018513388735 0.0194367497692 0.0203601108033 0.139473684211 0.0369806094183 0.0582179132041 0.0674515235457 0.0379039704524 0.122853185596 0.0194367497692 0.0369806094183 0.0157433056325 0.018513388735 0.0951523545706 0.0222068328717 0.0259002770083 0.0471375807941 0.0268236380425 0.0286703601108 0.118190212373
115 0.0313942751616 0.0147737765466 0.0637119113573 0.0941828254848 0.0147737765466 0.0424746075716 0.0341643582641 0.0184672206833 0.0941828254848 0.0360110803324 0.00369344413666 0.0932594644506 0.0470914127424 0.0535549399815 0.0803324099723 0.0941828254848 0.0544783010157 0.0323176361958 0.00461680517082 0.0138504155125 0.078485687904
116 0.0184672206833 0.0452446906741 0.00554016620499 0.00461680517082 0.0710987996307 0.00277008310249 0.0120036934441 0.18836565097 0.0120036934441 0.112650046168 0.00923361034164 0.00369344413666 0.0138504155125 0.00461680517082 0.01108033241 0.0212373037858 0.0544783010157 0.286241920591 0.0240073868883 0.0249307479224 0.0738688827331
117 0.0304709141274 0.0101569713758 0.0387811634349 0.100646352724 0.0313942751616 0.0184672206833 0.0378578024007 0.0369344413666 0.0960295475531 0.0415512465374 0.00923361034164 0.0313942751616 0.00277008310249 0.0498614958449 0.0987996306556 0.102493074792 0.116343490305 0.0443213296399 0.00369344413666 0.0240073868883 0.0747922437673
118 0.0138504155125 0.00646352723915 0.00554016620499 0.00369344413666 0.234533702678 0.00831024930748 0.00184672206833 0.171745152355 0.00277008310249 0.203139427516 0.0175438596491 0.000923361034164 0.00646352723915 0.00184672206833 0.00369344413666 0.00831024930748 0.00831024930748 0.15974145891 0.0415512465374 0.0193905817175 0.0803324099723
