POS A C D E F G H I K L M N P Q R S T V W Y -
1 0.00189393939394 0.0 0.00189393939394 0.00284090909091 0.00568181818182 0.00378787878788 0.00189393939394 0.00473484848485 0.00378787878788 0.00189393939394 0.00284090909091 0.00094696969697 0.0 0.00189393939394 0.00189393939394 0.00189393939394 0.00189393939394 0.00284090909091 0.0160984848485 0.00473484848485 0.936553030303
2 0.00473484848485 0.00378787878788 0.00473484848485 0.00473484848485 0.00378787878788 0.030303030303 0.00189393939394 0.00473484848485 0.00284090909091 0.00757575757576 0.0 0.00378787878788 0.0 0.00662878787879 0.00378787878788 0.00568181818182 0.00094696969697 0.00473484848485 0.00094696969697 0.00284090909091 0.901515151515
3 0.0094696969697 0.00094696969697 0.0189393939394 0.00662878787879 0.00473484848485 0.00852272727273 0.00094696969697 0.00094696969697 0.00852272727273 0.0094696969697 0.00189393939394 0.03125 0.00378787878788 0.00473484848485 0.00473484848485 0.0217803030303 0.0217803030303 0.00284090909091 0.00094696969697 0.0 0.837121212121
4 0.0785984848485 0.0104166666667 0.00662878787879 0.0274621212121 0.00473484848485 0.00284090909091 0.00189393939394 0.0113636363636 0.0123106060606 0.0435606060606 0.0094696969697 0.00757575757576 0.0842803030303 0.0123106060606 0.0160984848485 0.0227272727273 0.0142045454545 0.0104166666667 0.0 0.00094696969697 0.622159090909
5 0.0170454545455 0.00473484848485 0.00568181818182 0.00473484848485 0.0416666666667 0.00284090909091 0.00473484848485 0.0785984848485 0.00568181818182 0.337121212121 0.0179924242424 0.00473484848485 0.0104166666667 0.00473484848485 0.00094696969697 0.00473484848485 0.00568181818182 0.0435606060606 0.00568181818182 0.00662878787879 0.392045454545
6 0.0369318181818 0.0189393939394 0.0179924242424 0.0123106060606 0.0397727272727 0.0113636363636 0.125946969697 0.0435606060606 0.0170454545455 0.0691287878788 0.032196969697 0.0113636363636 0.0142045454545 0.0284090909091 0.0123106060606 0.0416666666667 0.0170454545455 0.0198863636364 0.0094696969697 0.0416666666667 0.378787878788
7 0.0445075757576 0.0170454545455 0.0236742424242 0.0369318181818 0.0340909090909 0.0094696969697 0.030303030303 0.0492424242424 0.0274621212121 0.09375 0.0151515151515 0.0151515151515 0.00284090909091 0.0217803030303 0.0435606060606 0.032196969697 0.0198863636364 0.0407196969697 0.0340909090909 0.0445075757576 0.363636363636
8 0.449810606061 0.0217803030303 0.0113636363636 0.00852272727273 0.0104166666667 0.0104166666667 0.00284090909091 0.0217803030303 0.0123106060606 0.032196969697 0.00662878787879 0.00852272727273 0.00852272727273 0.00378787878788 0.0104166666667 0.0445075757576 0.0208333333333 0.0255681818182 0.00378787878788 0.0142045454545 0.27178030303
9 0.223484848485 0.0520833333333 0.00852272727273 0.00568181818182 0.0132575757576 0.0104166666667 0.00094696969697 0.121212121212 0.00852272727273 0.0454545454545 0.0132575757576 0.00568181818182 0.00662878787879 0.00662878787879 0.00473484848485 0.0501893939394 0.03125 0.125 0.00189393939394 0.00284090909091 0.262310606061
10 0.0700757575758 0.0160984848485 0.0265151515152 0.0700757575758 0.0198863636364 0.0274621212121 0.0160984848485 0.0255681818182 0.063446969697 0.0691287878788 0.0179924242424 0.0189393939394 0.00662878787879 0.0558712121212 0.0767045454545 0.0596590909091 0.0293560606061 0.0350378787879 0.00757575757576 0.0246212121212 0.263257575758
11 0.0482954545455 0.0113636363636 0.0293560606061 0.0511363636364 0.0340909090909 0.0416666666667 0.0378787878788 0.0160984848485 0.0577651515152 0.0492424242424 0.0123106060606 0.0653409090909 0.0151515151515 0.0331439393939 0.0719696969697 0.0785984848485 0.0340909090909 0.0142045454545 0.00662878787879 0.0426136363636 0.249053030303
12 0.0227272727273 0.0189393939394 0.0549242424242 0.03125 0.00662878787879 0.324810606061 0.0170454545455 0.00473484848485 0.0369318181818 0.0142045454545 0.00662878787879 0.0890151515152 0.00852272727273 0.0189393939394 0.0464015151515 0.032196969697 0.0142045454545 0.00757575757576 0.00284090909091 0.00662878787879 0.234848484848
13 0.0227272727273 0.0179924242424 0.132575757576 0.0246212121212 0.0170454545455 0.0227272727273 0.107954545455 0.00568181818182 0.0331439393939 0.0331439393939 0.00757575757576 0.11553030303 0.00757575757576 0.0350378787879 0.0596590909091 0.0606060606061 0.0170454545455 0.0094696969697 0.0104166666667 0.0217803030303 0.237689393939
14 0.0464015151515 0.00378787878788 0.0227272727273 0.0568181818182 0.0331439393939 0.0217803030303 0.0179924242424 0.0738636363636 0.0388257575758 0.129734848485 0.0208333333333 0.0293560606061 0.0388257575758 0.0142045454545 0.0198863636364 0.0388257575758 0.0473484848485 0.0909090909091 0.0142045454545 0.0208333333333 0.219696969697
15 0.0729166666667 0.00284090909091 0.133522727273 0.164772727273 0.00378787878788 0.0359848484848 0.0142045454545 0.00852272727273 0.0596590909091 0.0255681818182 0.00189393939394 0.0426136363636 0.0369318181818 0.03125 0.0454545454545 0.0539772727273 0.0265151515152 0.0236742424242 0.00284090909091 0.00852272727273 0.204545454545
16 0.0842803030303 0.0274621212121 0.0170454545455 0.0274621212121 0.0227272727273 0.0179924242424 0.0094696969697 0.131628787879 0.0331439393939 0.107954545455 0.0606060606061 0.0123106060606 0.0132575757576 0.0179924242424 0.0208333333333 0.030303030303 0.0501893939394 0.0975378787879 0.00473484848485 0.0094696969697 0.203598484848
17 0.0795454545455 0.0189393939394 0.00378787878788 0.00757575757576 0.0482954545455 0.00473484848485 0.00094696969697 0.11553030303 0.00568181818182 0.163825757576 0.0265151515152 0.00473484848485 0.0104166666667 0.00568181818182 0.00568181818182 0.0189393939394 0.0217803030303 0.254734848485 0.00284090909091 0.00473484848485 0.195075757576
18 0.030303030303 0.0094696969697 0.0464015151515 0.112689393939 0.00662878787879 0.00852272727273 0.0179924242424 0.0208333333333 0.150568181818 0.0397727272727 0.00852272727273 0.0416666666667 0.0123106060606 0.0804924242424 0.120265151515 0.0350378787879 0.030303030303 0.0236742424242 0.00284090909091 0.00852272727273 0.193181818182
19 0.0596590909091 0.0113636363636 0.0236742424242 0.0501893939394 0.0482954545455 0.00662878787879 0.0113636363636 0.0568181818182 0.0501893939394 0.155303030303 0.0255681818182 0.0170454545455 0.0151515151515 0.0265151515152 0.0426136363636 0.0454545454545 0.0340909090909 0.0549242424242 0.0217803030303 0.063446969697 0.179924242424
20 0.0350378787879 0.0113636363636 0.00568181818182 0.0123106060606 0.0568181818182 0.00094696969697 0.0094696969697 0.0795454545455 0.0142045454545 0.463068181818 0.0255681818182 0.00568181818182 0.00378787878788 0.0094696969697 0.00568181818182 0.0104166666667 0.00757575757576 0.0435606060606 0.00189393939394 0.0227272727273 0.175189393939
21 0.0284090909091 0.0094696969697 0.00662878787879 0.0170454545455 0.030303030303 0.00568181818182 0.0123106060606 0.14678030303 0.0104166666667 0.345643939394 0.0274621212121 0.00568181818182 0.00473484848485 0.0132575757576 0.0217803030303 0.0208333333333 0.0123106060606 0.0880681818182 0.00662878787879 0.0179924242424 0.168560606061
22 0.063446969697 0.00284090909091 0.0994318181818 0.140151515152 0.0113636363636 0.0293560606061 0.0142045454545 0.0132575757576 0.0795454545455 0.0359848484848 0.0104166666667 0.0568181818182 0.0151515151515 0.061553030303 0.0606060606061 0.0842803030303 0.0265151515152 0.0132575757576 0.00094696969697 0.00284090909091 0.17803030303
23 0.0757575757576 0.0132575757576 0.03125 0.0539772727273 0.0217803030303 0.0179924242424 0.0748106060606 0.0236742424242 0.0795454545455 0.061553030303 0.0104166666667 0.0672348484848 0.0113636363636 0.0445075757576 0.0691287878788 0.0681818181818 0.0246212121212 0.0170454545455 0.00662878787879 0.0340909090909 0.193181818182
24 0.027509469697 0.00762310606061 0.0540246212121 0.0398200757576 0.0104640151515 0.316335227273 0.027509469697 0.0123579545455 0.0540246212121 0.025615530303 0.00383522727273 0.0511837121212 0.0369791666667 0.0199337121212 0.0312973484848 0.0464488636364 0.0180397727273 0.0123579545455 0.00383522727273 0.0104640151515 0.190340909091
25 0.205492424242 0.0359848484848 0.0274621212121 0.0359848484848 0.0179924242424 0.0350378787879 0.0104166666667 0.0350378787879 0.0255681818182 0.0606060606061 0.0113636363636 0.03125 0.0435606060606 0.0160984848485 0.0179924242424 0.0577651515152 0.0274621212121 0.0729166666667 0.00568181818182 0.0208333333333 0.205492424242
26 0.0407196969697 0.00568181818182 0.215909090909 0.0511363636364 0.00852272727273 0.032196969697 0.0227272727273 0.0151515151515 0.0482954545455 0.0378787878788 0.0113636363636 0.0975378787879 0.0435606060606 0.0208333333333 0.0236742424242 0.0795454545455 0.0179924242424 0.0246212121212 0.00284090909091 0.0217803030303 0.17803030303
27 0.0558712121212 0.00852272727273 0.0246212121212 0.0208333333333 0.030303030303 0.0123106060606 0.00852272727273 0.129734848485 0.0217803030303 0.13446969697 0.0179924242424 0.0132575757576 0.118371212121 0.0132575757576 0.0113636363636 0.0274621212121 0.0369318181818 0.131628787879 0.00757575757576 0.0094696969697 0.16571969697
28 0.0359848484848 0.0113636363636 0.108901515152 0.0672348484848 0.0189393939394 0.0293560606061 0.0208333333333 0.0170454545455 0.0378787878788 0.0407196969697 0.0142045454545 0.211174242424 0.0255681818182 0.0198863636364 0.0340909090909 0.0558712121212 0.0426136363636 0.0217803030303 0.00568181818182 0.0170454545455 0.163825757576
29 0.101325757576 0.0227272727273 0.0369318181818 0.0539772727273 0.0293560606061 0.0293560606061 0.0208333333333 0.0767045454545 0.0454545454545 0.0662878787879 0.0227272727273 0.0217803030303 0.0246212121212 0.0378787878788 0.0350378787879 0.063446969697 0.0464015151515 0.063446969697 0.00852272727273 0.0284090909091 0.164772727273
30 0.0482954545455 0.0217803030303 0.0255681818182 0.0520833333333 0.0179924242424 0.0236742424242 0.0113636363636 0.0388257575758 0.0880681818182 0.0568181818182 0.0113636363636 0.0350378787879 0.0587121212121 0.0710227272727 0.107007575758 0.0407196969697 0.0539772727273 0.0492424242424 0.00568181818182 0.0132575757576 0.169507575758
31 0.0388257575758 0.00284090909091 0.222537878788 0.0407196969697 0.0170454545455 0.0577651515152 0.0123106060606 0.0160984848485 0.0331439393939 0.0265151515152 0.00662878787879 0.132575757576 0.0198863636364 0.0151515151515 0.0274621212121 0.0653409090909 0.0511363636364 0.0123106060606 0.00473484848485 0.0189393939394 0.17803030303
32 0.0473484848485 0.0132575757576 0.0767045454545 0.0662878787879 0.0236742424242 0.0454545454545 0.0208333333333 0.0331439393939 0.0681818181818 0.0388257575758 0.0113636363636 0.0719696969697 0.0520833333333 0.0293560606061 0.0501893939394 0.0918560606061 0.0426136363636 0.030303030303 0.00662878787879 0.0160984848485 0.163825757576
33 0.0340909090909 0.0170454545455 0.094696969697 0.0596590909091 0.0407196969697 0.0388257575758 0.0293560606061 0.0255681818182 0.0426136363636 0.0511363636364 0.0198863636364 0.0890151515152 0.0132575757576 0.0407196969697 0.0454545454545 0.0700757575758 0.0435606060606 0.0198863636364 0.00852272727273 0.0520833333333 0.163825757576
34 0.0274621212121 0.0113636363636 0.0426136363636 0.0274621212121 0.0255681818182 0.362689393939 0.0142045454545 0.0189393939394 0.0435606060606 0.0274621212121 0.0113636363636 0.0473484848485 0.0198863636364 0.0227272727273 0.0369318181818 0.0482954545455 0.0265151515152 0.0113636363636 0.00662878787879 0.0198863636364 0.147727272727
35 0.0416666666667 0.0179924242424 0.0520833333333 0.0804924242424 0.0255681818182 0.0388257575758 0.0179924242424 0.0284090909091 0.0501893939394 0.0662878787879 0.0274621212121 0.0577651515152 0.0227272727273 0.0492424242424 0.0965909090909 0.063446969697 0.0274621212121 0.0246212121212 0.0331439393939 0.0473484848485 0.130681818182
36 0.0435606060606 0.0151515151515 0.0236742424242 0.0170454545455 0.0113636363636 0.0340909090909 0.00852272727273 0.0198863636364 0.0160984848485 0.0407196969697 0.00757575757576 0.063446969697 0.0359848484848 0.0132575757576 0.0284090909091 0.124053030303 0.346590909091 0.0179924242424 0.00189393939394 0.0104166666667 0.120265151515
37 0.1875 0.0236742424242 0.0113636363636 0.0132575757576 0.0113636363636 0.0208333333333 0.00473484848485 0.0416666666667 0.0113636363636 0.114583333333 0.0151515151515 0.00568181818182 0.301136363636 0.00852272727273 0.0104166666667 0.0255681818182 0.0179924242424 0.0435606060606 0.00378787878788 0.0104166666667 0.117424242424
38 0.0236742424242 0.00852272727273 0.00662878787879 0.00852272727273 0.0568181818182 0.00852272727273 0.00662878787879 0.0804924242424 0.00757575757576 0.493371212121 0.0293560606061 0.00757575757576 0.0123106060606 0.0142045454545 0.0151515151515 0.0255681818182 0.0113636363636 0.0501893939394 0.00473484848485 0.0160984848485 0.112689393939
39 0.0520833333333 0.0142045454545 0.0274621212121 0.03125 0.0492424242424 0.0104166666667 0.241477272727 0.0416666666667 0.0198863636364 0.063446969697 0.0568181818182 0.0113636363636 0.00757575757576 0.0587121212121 0.0369318181818 0.0501893939394 0.0359848484848 0.0293560606061 0.00852272727273 0.0388257575758 0.114583333333
40 0.147727272727 0.0255681818182 0.0113636363636 0.0293560606061 0.032196969697 0.00852272727273 0.030303030303 0.0852272727273 0.0132575757576 0.136363636364 0.030303030303 0.0170454545455 0.00568181818182 0.0151515151515 0.03125 0.0416666666667 0.0397727272727 0.0700757575758 0.0255681818182 0.0767045454545 0.126893939394
41 0.379734848485 0.0426136363636 0.0094696969697 0.0151515151515 0.0160984848485 0.0142045454545 0.00284090909091 0.0833333333333 0.00852272727273 0.0785984848485 0.0293560606061 0.00568181818182 0.00852272727273 0.0123106060606 0.0170454545455 0.0473484848485 0.0236742424242 0.0672348484848 0.00378787878788 0.00757575757576 0.126893939394
42 0.111742424242 0.030303030303 0.0369318181818 0.0662878787879 0.0293560606061 0.03125 0.0189393939394 0.0435606060606 0.0606060606061 0.0767045454545 0.0265151515152 0.0208333333333 0.0094696969697 0.0520833333333 0.0767045454545 0.0767045454545 0.0378787878788 0.0445075757576 0.0104166666667 0.0227272727273 0.116477272727
43 0.061553030303 0.0246212121212 0.0255681818182 0.0454545454545 0.0397727272727 0.0388257575758 0.032196969697 0.0160984848485 0.063446969697 0.0776515151515 0.0189393939394 0.0852272727273 0.0217803030303 0.0416666666667 0.0700757575758 0.0804924242424 0.0416666666667 0.0331439393939 0.0104166666667 0.0606060606061 0.110795454545
44 0.0378787878788 0.0104166666667 0.0454545454545 0.0407196969697 0.0104166666667 0.320075757576 0.0198863636364 0.0104166666667 0.0473484848485 0.0265151515152 0.00662878787879 0.105113636364 0.0142045454545 0.0350378787879 0.0587121212121 0.0549242424242 0.0170454545455 0.0170454545455 0.00662878787879 0.0142045454545 0.101325757576
45 0.0217803030303 0.0208333333333 0.100378787879 0.0293560606061 0.0227272727273 0.0426136363636 0.117424242424 0.0142045454545 0.0511363636364 0.0445075757576 0.00852272727273 0.145833333333 0.00852272727273 0.0558712121212 0.061553030303 0.0861742424242 0.0179924242424 0.0132575757576 0.0094696969697 0.03125 0.0965909090909
46 0.0530303030303 0.0123106060606 0.03125 0.0681818181818 0.0388257575758 0.0236742424242 0.0284090909091 0.0842803030303 0.0407196969697 0.119318181818 0.0208333333333 0.0340909090909 0.0662878787879 0.0246212121212 0.0359848484848 0.0520833333333 0.0577651515152 0.0748106060606 0.00852272727273 0.03125 0.09375
47 0.0719696969697 0.0104166666667 0.141098484848 0.185606060606 0.00757575757576 0.0416666666667 0.0227272727273 0.0142045454545 0.061553030303 0.0246212121212 0.00568181818182 0.0388257575758 0.0388257575758 0.0482954545455 0.0568181818182 0.0558712121212 0.0359848484848 0.0284090909091 0.00568181818182 0.0123106060606 0.0918560606061
48 0.0852272727273 0.0378787878788 0.0170454545455 0.0255681818182 0.0388257575758 0.0170454545455 0.00852272727273 0.154356060606 0.0113636363636 0.120265151515 0.0643939393939 0.0189393939394 0.0113636363636 0.0104166666667 0.0094696969697 0.0397727272727 0.0549242424242 0.145833333333 0.0113636363636 0.0151515151515 0.102272727273
49 0.107954545455 0.0284090909091 0.00757575757576 0.0132575757576 0.0492424242424 0.0132575757576 0.00189393939394 0.109848484848 0.0094696969697 0.154356060606 0.0369318181818 0.00568181818182 0.0104166666667 0.00568181818182 0.0113636363636 0.0227272727273 0.0464015151515 0.247159090909 0.00473484848485 0.0104166666667 0.10321969697
50 0.0454545454545 0.0104166666667 0.0568181818182 0.132575757576 0.0094696969697 0.0170454545455 0.0274621212121 0.0189393939394 0.152462121212 0.0378787878788 0.0094696969697 0.03125 0.0132575757576 0.0700757575758 0.133522727273 0.0577651515152 0.0378787878788 0.0331439393939 0.00378787878788 0.00378787878788 0.0975378787879
51 0.0606060606061 0.0123106060606 0.0293560606061 0.0492424242424 0.0710227272727 0.00662878787879 0.0246212121212 0.0757575757576 0.0520833333333 0.193181818182 0.0340909090909 0.0113636363636 0.0142045454545 0.0217803030303 0.0407196969697 0.0246212121212 0.0388257575758 0.0473484848485 0.0255681818182 0.0833333333333 0.0833333333333
52 0.0274621212121 0.0160984848485 0.00473484848485 0.0113636363636 0.0691287878788 0.00757575757576 0.00378787878788 0.0871212121212 0.0132575757576 0.527462121212 0.030303030303 0.00568181818182 0.00568181818182 0.0132575757576 0.0104166666667 0.0142045454545 0.0104166666667 0.032196969697 0.00284090909091 0.0132575757576 0.09375
53 0.032196969697 0.0160984848485 0.00473484848485 0.0170454545455 0.0388257575758 0.0094696969697 0.0170454545455 0.144886363636 0.0160984848485 0.366477272727 0.0340909090909 0.00852272727273 0.00852272727273 0.0123106060606 0.0160984848485 0.0246212121212 0.0189393939394 0.092803030303 0.00662878787879 0.0151515151515 0.0994318181818
54 0.0738636363636 0.00568181818182 0.109848484848 0.139204545455 0.00662878787879 0.0359848484848 0.0246212121212 0.0217803030303 0.0880681818182 0.0416666666667 0.0113636363636 0.0473484848485 0.0189393939394 0.0606060606061 0.0558712121212 0.0833333333333 0.0416666666667 0.0160984848485 0.00189393939394 0.00852272727273 0.107007575758
55 0.0909090909091 0.0123106060606 0.0293560606061 0.0520833333333 0.0170454545455 0.0246212121212 0.0785984848485 0.0179924242424 0.0965909090909 0.0795454545455 0.00757575757576 0.0748106060606 0.0274621212121 0.03125 0.0909090909091 0.0539772727273 0.0236742424242 0.030303030303 0.00473484848485 0.0378787878788 0.118371212121
56 0.0473484848485 0.0160984848485 0.0454545454545 0.0340909090909 0.0142045454545 0.376893939394 0.0246212121212 0.0113636363636 0.0454545454545 0.0227272727273 0.00852272727273 0.0435606060606 0.0265151515152 0.0208333333333 0.0359848484848 0.0359848484848 0.0198863636364 0.0227272727273 0.00473484848485 0.0179924242424 0.125
57 0.242424242424 0.0284090909091 0.0293560606061 0.0426136363636 0.0227272727273 0.0473484848485 0.0170454545455 0.0416666666667 0.0340909090909 0.0454545454545 0.0113636363636 0.0179924242424 0.0492424242424 0.0151515151515 0.0359848484848 0.0643939393939 0.0293560606061 0.0729166666667 0.00568181818182 0.0142045454545 0.132575757576
58 0.0378787878788 0.0113636363636 0.211174242424 0.0511363636364 0.0246212121212 0.0255681818182 0.0132575757576 0.0284090909091 0.0454545454545 0.0435606060606 0.00473484848485 0.13446969697 0.0331439393939 0.0227272727273 0.0293560606061 0.0871212121212 0.0293560606061 0.0293560606061 0.00284090909091 0.0123106060606 0.122159090909
59 0.0596590909091 0.0094696969697 0.0236742424242 0.0236742424242 0.0246212121212 0.0217803030303 0.0151515151515 0.121212121212 0.0340909090909 0.10321969697 0.0217803030303 0.0236742424242 0.153409090909 0.0198863636364 0.0179924242424 0.0340909090909 0.0388257575758 0.110795454545 0.00189393939394 0.0179924242424 0.123106060606
60 0.0397727272727 0.0189393939394 0.111742424242 0.0681818181818 0.0151515151515 0.0397727272727 0.03125 0.0236742424242 0.0426136363636 0.0492424242424 0.00757575757576 0.206439393939 0.0208333333333 0.0189393939394 0.0293560606061 0.0511363636364 0.0426136363636 0.0160984848485 0.00568181818182 0.0227272727273 0.138257575758
61 0.106060606061 0.0104166666667 0.0293560606061 0.0397727272727 0.0293560606061 0.03125 0.0189393939394 0.094696969697 0.0492424242424 0.0975378787879 0.0151515151515 0.030303030303 0.0265151515152 0.0378787878788 0.0397727272727 0.063446969697 0.0511363636364 0.0691287878788 0.00757575757576 0.0265151515152 0.125946969697
62 0.0558712121212 0.0179924242424 0.0217803030303 0.0530303030303 0.0255681818182 0.0179924242424 0.0179924242424 0.0359848484848 0.0899621212121 0.061553030303 0.0113636363636 0.0265151515152 0.0577651515152 0.0625 0.0994318181818 0.0511363636364 0.0625 0.0785984848485 0.00473484848485 0.0189393939394 0.128787878788
63 0.0331439393939 0.0094696969697 0.249053030303 0.0482954545455 0.0142045454545 0.0539772727273 0.0160984848485 0.0160984848485 0.0350378787879 0.0236742424242 0.00852272727273 0.124053030303 0.0217803030303 0.0189393939394 0.0369318181818 0.0738636363636 0.0482954545455 0.0151515151515 0.00378787878788 0.0179924242424 0.131628787879
64 0.0454545454545 0.0132575757576 0.0558712121212 0.063446969697 0.0198863636364 0.061553030303 0.0246212121212 0.0284090909091 0.0852272727273 0.0369318181818 0.0123106060606 0.0691287878788 0.0350378787879 0.0350378787879 0.0748106060606 0.0899621212121 0.0435606060606 0.0284090909091 0.00852272727273 0.03125 0.137310606061
65 0.0359848484848 0.0123106060606 0.106060606061 0.063446969697 0.0378787878788 0.0473484848485 0.0340909090909 0.03125 0.0482954545455 0.0530303030303 0.0142045454545 0.0823863636364 0.0123106060606 0.0359848484848 0.0435606060606 0.0861742424242 0.0464015151515 0.0236742424242 0.0142045454545 0.0407196969697 0.130681818182
66 0.0265151515152 0.00662878787879 0.0407196969697 0.0388257575758 0.0208333333333 0.387310606061 0.0208333333333 0.0170454545455 0.0388257575758 0.032196969697 0.0094696969697 0.0482954545455 0.0236742424242 0.0284090909091 0.0407196969697 0.0482954545455 0.0217803030303 0.0246212121212 0.00473484848485 0.0160984848485 0.104166666667
67 0.0416666666667 0.0151515151515 0.0473484848485 0.0776515151515 0.0293560606061 0.0501893939394 0.0255681818182 0.0255681818182 0.0464015151515 0.0539772727273 0.0293560606061 0.0814393939394 0.0246212121212 0.0606060606061 0.105113636364 0.0662878787879 0.03125 0.0170454545455 0.0378787878788 0.0407196969697 0.092803030303
68 0.0464015151515 0.0123106060606 0.0246212121212 0.0208333333333 0.0094696969697 0.030303030303 0.00757575757576 0.0208333333333 0.0227272727273 0.0350378787879 0.00757575757576 0.0738636363636 0.0369318181818 0.0265151515152 0.0293560606061 0.14678030303 0.318181818182 0.0189393939394 0.00378787878788 0.0142045454545 0.09375
69 0.198863636364 0.0217803030303 0.0123106060606 0.0170454545455 0.0142045454545 0.0151515151515 0.00852272727273 0.0596590909091 0.00568181818182 0.094696969697 0.0142045454545 0.00662878787879 0.285037878788 0.0113636363636 0.0094696969697 0.0350378787879 0.0217803030303 0.0653409090909 0.00473484848485 0.0142045454545 0.0842803030303
70 0.0331439393939 0.0104166666667 0.00284090909091 0.0113636363636 0.0643939393939 0.00284090909091 0.0094696969697 0.0890151515152 0.00568181818182 0.505681818182 0.032196969697 0.0094696969697 0.00757575757576 0.00757575757576 0.0132575757576 0.0227272727273 0.0113636363636 0.0568181818182 0.0104166666667 0.0132575757576 0.0804924242424
71 0.0388257575758 0.0189393939394 0.0236742424242 0.0284090909091 0.0426136363636 0.0104166666667 0.295454545455 0.0492424242424 0.0142045454545 0.0700757575758 0.0445075757576 0.0255681818182 0.0104166666667 0.0426136363636 0.0331439393939 0.0530303030303 0.0359848484848 0.030303030303 0.00757575757576 0.0407196969697 0.0842803030303
72 0.061553030303 0.0255681818182 0.0217803030303 0.0435606060606 0.0445075757576 0.0142045454545 0.0435606060606 0.0785984848485 0.0284090909091 0.152462121212 0.030303030303 0.0198863636364 0.0104166666667 0.0246212121212 0.0464015151515 0.032196969697 0.0359848484848 0.0606060606061 0.0416666666667 0.0984848484848 0.0852272727273
73 0.495265151515 0.0416666666667 0.00757575757576 0.0160984848485 0.0113636363636 0.0227272727273 0.00852272727273 0.0274621212121 0.0123106060606 0.0464015151515 0.0142045454545 0.0113636363636 0.0160984848485 0.00284090909091 0.0179924242424 0.0710227272727 0.03125 0.0549242424242 0.00189393939394 0.0094696969697 0.0795454545455
74 0.245265151515 0.0757575757576 0.0160984848485 0.0208333333333 0.0132575757576 0.0189393939394 0.00473484848485 0.110795454545 0.00852272727273 0.0530303030303 0.0217803030303 0.00852272727273 0.0132575757576 0.0094696969697 0.0123106060606 0.0757575757576 0.0426136363636 0.149621212121 0.00473484848485 0.0104166666667 0.0842803030303
75 0.0804924242424 0.00757575757576 0.0369318181818 0.0710227272727 0.0331439393939 0.0378787878788 0.0189393939394 0.0454545454545 0.0748106060606 0.0738636363636 0.0198863636364 0.0331439393939 0.0142045454545 0.0719696969697 0.100378787879 0.0804924242424 0.0359848484848 0.0217803030303 0.0246212121212 0.0435606060606 0.0738636363636
76 0.0606060606061 0.0208333333333 0.0227272727273 0.0501893939394 0.0388257575758 0.0549242424242 0.0416666666667 0.0198863636364 0.0738636363636 0.0530303030303 0.0179924242424 0.0994318181818 0.0227272727273 0.0407196969697 0.0814393939394 0.0814393939394 0.0426136363636 0.0340909090909 0.0123106060606 0.0549242424242 0.0757575757576
77 0.03125 0.0132575757576 0.0653409090909 0.0558712121212 0.0123106060606 0.348484848485 0.0123106060606 0.0104166666667 0.0520833333333 0.0151515151515 0.00757575757576 0.0975378787879 0.0189393939394 0.0293560606061 0.0587121212121 0.0473484848485 0.0142045454545 0.00852272727273 0.00378787878788 0.0142045454545 0.0833333333333
78 0.0435606060606 0.030303030303 0.0880681818182 0.0274621212121 0.0416666666667 0.0340909090909 0.118371212121 0.0170454545455 0.0397727272727 0.0445075757576 0.0142045454545 0.126893939394 0.0189393939394 0.0445075757576 0.0681818181818 0.0653409090909 0.0255681818182 0.0198863636364 0.00757575757576 0.0426136363636 0.0814393939394
79 0.0482954545455 0.00852272727273 0.032196969697 0.0643939393939 0.0397727272727 0.0293560606061 0.0198863636364 0.0956439393939 0.0378787878788 0.151515151515 0.0227272727273 0.03125 0.0388257575758 0.0198863636364 0.0246212121212 0.0397727272727 0.0729166666667 0.0890151515152 0.0132575757576 0.0407196969697 0.0795454545455
80 0.0643939393939 0.00284090909091 0.162878787879 0.185606060606 0.0094696969697 0.0435606060606 0.0236742424242 0.0123106060606 0.0729166666667 0.0274621212121 0.0094696969697 0.0492424242424 0.0369318181818 0.0388257575758 0.0492424242424 0.0757575757576 0.0255681818182 0.0217803030303 0.00568181818182 0.00568181818182 0.0767045454545
81 0.092803030303 0.0549242424242 0.0151515151515 0.0132575757576 0.0359848484848 0.0255681818182 0.00757575757576 0.175189393939 0.0132575757576 0.136363636364 0.0549242424242 0.0104166666667 0.0113636363636 0.0179924242424 0.0123106060606 0.0426136363636 0.0700757575758 0.130681818182 0.00568181818182 0.0142045454545 0.0596590909091
82 0.107007575758 0.03125 0.0113636363636 0.00662878787879 0.0359848484848 0.00757575757576 0.00189393939394 0.127840909091 0.00757575757576 0.194128787879 0.0435606060606 0.00662878787879 0.00757575757576 0.0123106060606 0.0113636363636 0.0217803030303 0.0340909090909 0.254734848485 0.00284090909091 0.00473484848485 0.0691287878788
83 0.0473484848485 0.00662878787879 0.0482954545455 0.123106060606 0.00473484848485 0.0217803030303 0.0236742424242 0.0132575757576 0.196022727273 0.0397727272727 0.00852272727273 0.0482954545455 0.0160984848485 0.0833333333333 0.149621212121 0.0492424242424 0.0274621212121 0.0179924242424 0.00284090909091 0.00757575757576 0.0643939393939
84 0.0606060606061 0.0160984848485 0.0170454545455 0.0454545454545 0.0785984848485 0.0123106060606 0.0179924242424 0.0710227272727 0.0501893939394 0.201704545455 0.0378787878788 0.00662878787879 0.0104166666667 0.0255681818182 0.0407196969697 0.0388257575758 0.0435606060606 0.061553030303 0.0142045454545 0.0795454545455 0.0700757575758
85 0.0246212121212 0.0208333333333 0.00473484848485 0.00473484848485 0.0643939393939 0.00473484848485 0.00662878787879 0.094696969697 0.00852272727273 0.556818181818 0.0397727272727 0.00284090909091 0.00473484848485 0.00473484848485 0.0104166666667 0.0094696969697 0.0094696969697 0.0445075757576 0.00284090909091 0.00852272727273 0.0719696969697
86 0.0360321969697 0.0170928030303 0.00951704545455 0.0142518939394 0.0237215909091 0.0123579545455 0.0104640151515 0.175236742424 0.0151988636364 0.367471590909 0.027509469697 0.00857007575758 0.0133049242424 0.0123579545455 0.0199337121212 0.0208806818182 0.0170928030303 0.100426136364 0.00951704545455 0.0161458333333 0.0729166666667
87 0.0606060606061 0.00757575757576 0.113636363636 0.17803030303 0.00852272727273 0.0246212121212 0.0265151515152 0.0170454545455 0.107007575758 0.0236742424242 0.00757575757576 0.0454545454545 0.0160984848485 0.0710227272727 0.0653409090909 0.0880681818182 0.0350378787879 0.0123106060606 0.00378787878788 0.0142045454545 0.0738636363636
88 0.109895833333 0.0189867424242 0.0208806818182 0.0369791666667 0.0360321969697 0.027509469697 0.090009469697 0.0237215909091 0.088115530303 0.0720170454545 0.0104640151515 0.0710700757576 0.0218276515152 0.0398200757576 0.0795928030303 0.0483428030303 0.0227746212121 0.0237215909091 0.0047821969697 0.0672821969697 0.0861742424242
89 0.0293560606061 0.0284090909091 0.0416666666667 0.0445075757576 0.0170454545455 0.360795454545 0.0198863636364 0.0142045454545 0.0520833333333 0.0227272727273 0.00662878787879 0.0501893939394 0.03125 0.0265151515152 0.0426136363636 0.0435606060606 0.0236742424242 0.0208333333333 0.0113636363636 0.0198863636364 0.092803030303
90 0.257575757576 0.0340909090909 0.0217803030303 0.0397727272727 0.0189393939394 0.0416666666667 0.0179924242424 0.0492424242424 0.0369318181818 0.0549242424242 0.0132575757576 0.0160984848485 0.0473484848485 0.0160984848485 0.032196969697 0.0568181818182 0.0369318181818 0.0776515151515 0.00473484848485 0.0160984848485 0.109848484848
91 0.0350378787879 0.0104166666667 0.25 0.0530303030303 0.0189393939394 0.0359848484848 0.0113636363636 0.0208333333333 0.0397727272727 0.0454545454545 0.00662878787879 0.121212121212 0.0293560606061 0.0208333333333 0.030303030303 0.0956439393939 0.030303030303 0.0284090909091 0.00284090909091 0.0094696969697 0.104166666667
92 0.0549242424242 0.0151515151515 0.0179924242424 0.0179924242424 0.0227272727273 0.0160984848485 0.0132575757576 0.159090909091 0.0331439393939 0.147727272727 0.0151515151515 0.0132575757576 0.0975378787879 0.0160984848485 0.0170454545455 0.0284090909091 0.030303030303 0.160984848485 0.00662878787879 0.00757575757576 0.108901515152
93 0.0359848484848 0.0113636363636 0.128787878788 0.0710227272727 0.0132575757576 0.0397727272727 0.0359848484848 0.0104166666667 0.0435606060606 0.0293560606061 0.0113636363636 0.243371212121 0.00662878787879 0.0227272727273 0.0378787878788 0.061553030303 0.0549242424242 0.0160984848485 0.00284090909091 0.0170454545455 0.106060606061
94 0.123153409091 0.0237215909091 0.0369791666667 0.0559185606061 0.0312973484848 0.0284564393939 0.0227746212121 0.0776988636364 0.056865530303 0.0862215909091 0.0218276515152 0.0133049242424 0.0303503787879 0.0350852272727 0.0369791666667 0.0644412878788 0.0483428030303 0.0606534090909 0.00762310606061 0.0246685606061 0.113636363636
95 0.0606060606061 0.0123106060606 0.030303030303 0.0340909090909 0.0198863636364 0.0227272727273 0.0142045454545 0.0359848484848 0.113636363636 0.0558712121212 0.0151515151515 0.0179924242424 0.0511363636364 0.0681818181818 0.119318181818 0.0482954545455 0.0606060606061 0.0738636363636 0.00757575757576 0.0198863636364 0.118371212121
96 0.0350378787879 0.00568181818182 0.285984848485 0.0397727272727 0.0123106060606 0.0520833333333 0.0132575757576 0.0160984848485 0.0217803030303 0.0265151515152 0.00473484848485 0.139204545455 0.0246212121212 0.0113636363636 0.0217803030303 0.0710227272727 0.0568181818182 0.0208333333333 0.00378787878788 0.00852272727273 0.128787878788
97 0.0587121212121 0.0132575757576 0.0530303030303 0.061553030303 0.0246212121212 0.0482954545455 0.0378787878788 0.0369318181818 0.0909090909091 0.0407196969697 0.0123106060606 0.0719696969697 0.0350378787879 0.0236742424242 0.0691287878788 0.0814393939394 0.0378787878788 0.0378787878788 0.00473484848485 0.0274621212121 0.132575757576
98 0.0397727272727 0.0113636363636 0.102272727273 0.0719696969697 0.030303030303 0.0492424242424 0.0293560606061 0.0236742424242 0.0530303030303 0.0549242424242 0.0104166666667 0.0909090909091 0.0198863636364 0.032196969697 0.0530303030303 0.0767045454545 0.0369318181818 0.0208333333333 0.0198863636364 0.0445075757576 0.128787878788
99 0.03125 0.0123106060606 0.0435606060606 0.0255681818182 0.0160984848485 0.418560606061 0.0198863636364 0.0123106060606 0.0445075757576 0.0293560606061 0.00852272727273 0.0520833333333 0.0132575757576 0.0227272727273 0.0388257575758 0.0435606060606 0.0160984848485 0.0123106060606 0.00757575757576 0.0160984848485 0.11553030303
100 0.0464015151515 0.0198863636364 0.0577651515152 0.0899621212121 0.0265151515152 0.0340909090909 0.0255681818182 0.0246212121212 0.0511363636364 0.063446969697 0.0331439393939 0.0757575757576 0.0094696969697 0.0700757575758 0.0852272727273 0.0492424242424 0.0265151515152 0.0350378787879 0.0340909090909 0.0350378787879 0.107007575758
101 0.0312973484848 0.0123579545455 0.0294034090909 0.0189867424242 0.0180397727273 0.0189867424242 0.00572916666667 0.025615530303 0.0265625 0.0521306818182 0.0047821969697 0.056865530303 0.025615530303 0.0142518939394 0.0227746212121 0.115577651515 0.378835227273 0.0170928030303 0.0047821969697 0.0133049242424 0.107007575758
102 0.193229166667 0.0208806818182 0.0104640151515 0.0104640151515 0.00572916666667 0.0199337121212 0.0114109848485 0.0312973484848 0.00857007575758 0.0814867424242 0.0114109848485 0.0123579545455 0.34853219697 0.00762310606061 0.00857007575758 0.0379261363636 0.0218276515152 0.0530776515152 0.00288825757576 0.00762310606061 0.094696969697
103 0.0284090909091 0.00852272727273 0.00473484848485 0.0104166666667 0.0625 0.00852272727273 0.0104166666667 0.0909090909091 0.0123106060606 0.501893939394 0.0284090909091 0.00568181818182 0.00757575757576 0.00473484848485 0.00852272727273 0.0132575757576 0.0151515151515 0.063446969697 0.0094696969697 0.0113636363636 0.09375
104 0.0340909090909 0.0142045454545 0.0435606060606 0.03125 0.0539772727273 0.0113636363636 0.285037878788 0.0520833333333 0.0132575757576 0.0681818181818 0.0549242424242 0.0246212121212 0.0113636363636 0.0350378787879 0.0293560606061 0.0435606060606 0.0293560606061 0.0265151515152 0.00757575757576 0.0293560606061 0.101325757576
105 0.0596590909091 0.0265151515152 0.0227272727273 0.0340909090909 0.0331439393939 0.00757575757576 0.0350378787879 0.0814393939394 0.032196969697 0.16571969697 0.0284090909091 0.0170454545455 0.0094696969697 0.0236742424242 0.0397727272727 0.0350378787879 0.0293560606061 0.0776515151515 0.0416666666667 0.094696969697 0.105113636364
106 0.549242424242 0.0293560606061 0.0104166666667 0.0132575757576 0.0104166666667 0.0217803030303 0.00473484848485 0.0246212121212 0.0104166666667 0.0331439393939 0.00662878787879 0.0160984848485 0.0151515151515 0.00662878787879 0.0104166666667 0.0662878787879 0.0217803030303 0.0340909090909 0.00189393939394 0.00757575757576 0.106060606061
107 0.222537878788 0.0757575757576 0.00852272727273 0.0208333333333 0.0132575757576 0.0170454545455 0.00568181818182 0.10321969697 0.0132575757576 0.0710227272727 0.0179924242424 0.0142045454545 0.0142045454545 0.0132575757576 0.0142045454545 0.0662878787879 0.0407196969697 0.160984848485 0.00568181818182 0.00662878787879 0.094696969697
108 0.0634943181818 0.0142518939394 0.0284564393939 0.088115530303 0.0369791666667 0.0312973484848 0.0284564393939 0.0331912878788 0.0871685606061 0.0634943181818 0.0398200757576 0.0303503787879 0.0104640151515 0.056865530303 0.111789772727 0.0644412878788 0.0369791666667 0.025615530303 0.0151988636364 0.0322443181818 0.101325757576
109 0.0520833333333 0.0217803030303 0.0208333333333 0.0511363636364 0.0388257575758 0.0340909090909 0.0511363636364 0.0189393939394 0.0738636363636 0.0558712121212 0.0189393939394 0.105113636364 0.0179924242424 0.0426136363636 0.0776515151515 0.0842803030303 0.0464015151515 0.0217803030303 0.0170454545455 0.0473484848485 0.102272727273
110 0.0435606060606 0.0179924242424 0.0539772727273 0.0378787878788 0.0094696969697 0.3125 0.0132575757576 0.0094696969697 0.061553030303 0.0217803030303 0.00378787878788 0.0861742424242 0.0170454545455 0.032196969697 0.0587121212121 0.0568181818182 0.0227272727273 0.0198863636364 0.00662878787879 0.0123106060606 0.102272727273
111 0.0369318181818 0.0160984848485 0.105113636364 0.030303030303 0.0293560606061 0.0227272727273 0.118371212121 0.0142045454545 0.0416666666667 0.0284090909091 0.0113636363636 0.135416666667 0.0142045454545 0.0511363636364 0.0738636363636 0.0918560606061 0.0227272727273 0.0179924242424 0.00852272727273 0.0350378787879 0.094696969697
112 0.0511363636364 0.0142045454545 0.0208333333333 0.0625 0.0359848484848 0.0217803030303 0.0246212121212 0.0748106060606 0.0520833333333 0.136363636364 0.0217803030303 0.0227272727273 0.0606060606061 0.0198863636364 0.032196969697 0.0482954545455 0.0643939393939 0.0852272727273 0.0094696969697 0.0482954545455 0.092803030303
113 0.0701704545455 0.00577651515152 0.142140151515 0.180965909091 0.0105113636364 0.0294507575758 0.0294507575758 0.020928030303 0.0625946969697 0.0275568181818 0.00482954545455 0.0578598484848 0.0294507575758 0.054071969697 0.0559659090909 0.0635416666667 0.0303977272727 0.020928030303 0.00388257575758 0.00388257575758 0.0956439393939
114 0.0748106060606 0.0435606060606 0.0113636363636 0.0094696969697 0.03125 0.0151515151515 0.00757575757576 0.166666666667 0.0274621212121 0.131628787879 0.0681818181818 0.00662878787879 0.0132575757576 0.0094696969697 0.0142045454545 0.0369318181818 0.0625 0.157196969697 0.00473484848485 0.0132575757576 0.094696969697
115 0.127840909091 0.0208333333333 0.00757575757576 0.0113636363636 0.0539772727273 0.00284090909091 0.0 0.13446969697 0.0094696969697 0.154356060606 0.03125 0.00662878787879 0.00662878787879 0.0132575757576 0.00757575757576 0.030303030303 0.0407196969697 0.232954545455 0.00378787878788 0.00568181818182 0.0984848484848
116 0.0435606060606 0.00662878787879 0.0596590909091 0.13446969697 0.00473484848485 0.0179924242424 0.0227272727273 0.0198863636364 0.151515151515 0.0492424242424 0.00757575757576 0.0284090909091 0.0198863636364 0.0823863636364 0.124053030303 0.0492424242424 0.0416666666667 0.0198863636364 0.00852272727273 0.0104166666667 0.0975378787879
117 0.0454545454545 0.0179924242424 0.0113636363636 0.0511363636364 0.0814393939394 0.00378787878788 0.0189393939394 0.0823863636364 0.0331439393939 0.197916666667 0.0359848484848 0.0113636363636 0.0151515151515 0.0236742424242 0.0274621212121 0.0274621212121 0.0388257575758 0.0577651515152 0.0236742424242 0.0880681818182 0.107007575758
118 0.0142045454545 0.0094696969697 0.00284090909091 0.0094696969697 0.0606060606061 0.00378787878788 0.00378787878788 0.0738636363636 0.00284090909091 0.592803030303 0.0407196969697 0.00473484848485 0.00189393939394 0.00662878787879 0.00473484848485 0.0132575757576 0.00473484848485 0.03125 0.00473484848485 0.0094696969697 0.104166666667
119 0.0340909090909 0.0132575757576 0.00662878787879 0.0094696969697 0.0274621212121 0.0113636363636 0.0104166666667 0.126893939394 0.0227272727273 0.383522727273 0.03125 0.0094696969697 0.00378787878788 0.0170454545455 0.0236742424242 0.0170454545455 0.0189393939394 0.0918560606061 0.00473484848485 0.0198863636364 0.116477272727
