POS A C D E F G H I K L M N P Q R S T V W Y -
1 0.00283822138127 0.0 0.00189214758751 0.00283822138127 0.00662251655629 0.00378429517502 0.00283822138127 0.00473036896878 0.00283822138127 0.00283822138127 0.00189214758751 0.00283822138127 0.0 0.00189214758751 0.00378429517502 0.0 0.00189214758751 0.00378429517502 0.0198675496689 0.00662251655629 0.926206244087
2 0.00567644276254 0.000946073793756 0.00473036896878 0.0141911069063 0.00283822138127 0.0302743614002 0.000946073793756 0.00378429517502 0.00662251655629 0.00946073793756 0.0 0.00946073793756 0.000946073793756 0.00662251655629 0.00283822138127 0.0132450331126 0.000946073793756 0.00473036896878 0.00189214758751 0.00189214758751 0.877956480605
3 0.0085146641438 0.00189214758751 0.0170293282876 0.00378429517502 0.00189214758751 0.0132450331126 0.000946073793756 0.00662251655629 0.00756859035005 0.0113528855251 0.00378429517502 0.0331125827815 0.00946073793756 0.0085146641438 0.00756859035005 0.0359508041627 0.0681173131504 0.00662251655629 0.00189214758751 0.00378429517502 0.748344370861
4 0.0898770104068 0.0132450331126 0.0189214758751 0.0283822138127 0.00378429517502 0.00756859035005 0.00378429517502 0.0170293282876 0.00946073793756 0.038789025544 0.00662251655629 0.00378429517502 0.154210028382 0.0113528855251 0.0151371807001 0.0208136234626 0.0170293282876 0.0198675496689 0.000946073793756 0.00378429517502 0.515610217597
5 0.0236518448439 0.00283822138127 0.00662251655629 0.00283822138127 0.042573320719 0.00283822138127 0.00473036896878 0.0832544938505 0.00378429517502 0.349101229896 0.0217596972564 0.00283822138127 0.0132450331126 0.00189214758751 0.00378429517502 0.00473036896878 0.00473036896878 0.0444654683065 0.00756859035005 0.00756859035005 0.36518448439
6 0.0406811731315 0.0132450331126 0.0132450331126 0.0208136234626 0.0331125827815 0.0132450331126 0.157048249763 0.035004730369 0.0113528855251 0.0709555345317 0.0331125827815 0.0122989593188 0.0141911069063 0.0274361400189 0.0208136234626 0.0454115421003 0.0151371807001 0.0170293282876 0.0104068117313 0.0416272469253 0.353831598865
7 0.046357615894 0.0208136234626 0.0189214758751 0.0331125827815 0.0302743614002 0.0141911069063 0.0283822138127 0.0529801324503 0.0340586565752 0.0974456007569 0.0227057710501 0.0122989593188 0.000946073793756 0.0264900662252 0.035004730369 0.0293282876064 0.0274361400189 0.0406811731315 0.0321665089877 0.0501419110691 0.346263008515
8 0.489120151372 0.0227057710501 0.00378429517502 0.0085146641438 0.00946073793756 0.0189214758751 0.00378429517502 0.0198675496689 0.0104068117313 0.0293282876064 0.0085146641438 0.00567644276254 0.00567644276254 0.00189214758751 0.0113528855251 0.042573320719 0.0217596972564 0.0293282876064 0.00283822138127 0.0085146641438 0.245979186377
9 0.237464522233 0.0690633869442 0.00756859035005 0.00567644276254 0.0113528855251 0.0085146641438 0.00189214758751 0.111636707663 0.0104068117313 0.046357615894 0.0113528855251 0.0085146641438 0.00567644276254 0.00378429517502 0.00473036896878 0.0473036896878 0.0321665089877 0.128666035951 0.00283822138127 0.00567644276254 0.23935666982
10 0.0860927152318 0.0236518448439 0.0236518448439 0.0719016083254 0.0170293282876 0.0274361400189 0.0160832544939 0.0302743614002 0.0671712393567 0.0728476821192 0.0189214758751 0.0179754020814 0.00756859035005 0.0529801324503 0.0709555345317 0.0671712393567 0.0236518448439 0.0283822138127 0.0104068117313 0.0359508041627 0.229895931883
11 0.0558183538316 0.0132450331126 0.0274361400189 0.0539262062441 0.0406811731315 0.0397350993377 0.0331125827815 0.0198675496689 0.0577105014191 0.0529801324503 0.0122989593188 0.0719016083254 0.0104068117313 0.0283822138127 0.0804162724693 0.0870387890255 0.0302743614002 0.0170293282876 0.0085146641438 0.0340586565752 0.225165562914
12 0.0217596972564 0.0217596972564 0.0624408703879 0.0331125827815 0.00756859035005 0.352885525071 0.0141911069063 0.00378429517502 0.0368968779565 0.0122989593188 0.0104068117313 0.0804162724693 0.0104068117313 0.0198675496689 0.0491958372753 0.0264900662252 0.0141911069063 0.00662251655629 0.00189214758751 0.00567644276254 0.208136234626
13 0.0255439924314 0.0151371807001 0.129612109745 0.0245979186377 0.0151371807001 0.0264900662252 0.107852412488 0.00946073793756 0.0416272469253 0.0368968779565 0.00946073793756 0.119205298013 0.00756859035005 0.0406811731315 0.0681173131504 0.0586565752129 0.0160832544939 0.0132450331126 0.0085146641438 0.0264900662252 0.199621570482
14 0.042573320719 0.00567644276254 0.0245979186377 0.0558183538316 0.0255439924314 0.0170293282876 0.0208136234626 0.077578051088 0.0397350993377 0.147587511826 0.0236518448439 0.0274361400189 0.0397350993377 0.0122989593188 0.0264900662252 0.0473036896878 0.0482497634816 0.0879848628193 0.0122989593188 0.0283822138127 0.189214758751
15 0.0709555345317 0.00283822138127 0.145695364238 0.164616840114 0.00662251655629 0.0378429517502 0.0217596972564 0.0141911069063 0.0510879848628 0.0264900662252 0.000946073793756 0.0444654683065 0.0444654683065 0.0406811731315 0.0501419110691 0.0473036896878 0.0274361400189 0.0113528855251 0.00283822138127 0.0085146641438 0.179754020814
16 0.0785241248817 0.0264900662252 0.0198675496689 0.0189214758751 0.0255439924314 0.0236518448439 0.00473036896878 0.134342478713 0.0245979186377 0.117313150426 0.0548722800378 0.0160832544939 0.0104068117313 0.0189214758751 0.0170293282876 0.0359508041627 0.046357615894 0.110690633869 0.00946073793756 0.0179754020814 0.188268684957
17 0.0898770104068 0.0227057710501 0.00567644276254 0.00567644276254 0.0444654683065 0.00756859035005 0.00283822138127 0.121097445601 0.00283822138127 0.166508987701 0.0227057710501 0.00662251655629 0.00473036896878 0.00756859035005 0.00662251655629 0.0217596972564 0.0198675496689 0.253547776727 0.00283822138127 0.00378429517502 0.180700094607
18 0.0539262062441 0.0085146641438 0.046357615894 0.107852412488 0.00662251655629 0.0113528855251 0.0198675496689 0.0179754020814 0.147587511826 0.0397350993377 0.00946073793756 0.0321665089877 0.0122989593188 0.073793755913 0.123935666982 0.0406811731315 0.0283822138127 0.0283822138127 0.00378429517502 0.0104068117313 0.176915799432
19 0.0690633869442 0.0122989593188 0.0227057710501 0.0614947965941 0.0501419110691 0.0113528855251 0.0198675496689 0.0577105014191 0.0501419110691 0.158940397351 0.0217596972564 0.0189214758751 0.0104068117313 0.0227057710501 0.0435193945128 0.0283822138127 0.0302743614002 0.0548722800378 0.0227057710501 0.0605487228004 0.172185430464
20 0.035004730369 0.0151371807001 0.00378429517502 0.00756859035005 0.0520340586566 0.00189214758751 0.00473036896878 0.0794701986755 0.0104068117313 0.486281929991 0.0321665089877 0.00378429517502 0.00189214758751 0.00473036896878 0.00756859035005 0.0160832544939 0.0122989593188 0.0416272469253 0.000946073793756 0.0151371807001 0.167455061495
21 0.0264900662252 0.0085146641438 0.0113528855251 0.00756859035005 0.035004730369 0.00662251655629 0.0085146641438 0.140018921476 0.0179754020814 0.350993377483 0.0264900662252 0.00662251655629 0.00662251655629 0.0104068117313 0.0141911069063 0.0227057710501 0.0208136234626 0.0955534531693 0.00378429517502 0.0179754020814 0.161778618732
22 0.0747398297067 0.00473036896878 0.102175969726 0.135288552507 0.0132450331126 0.0321665089877 0.0122989593188 0.0132450331126 0.0860927152318 0.0302743614002 0.00567644276254 0.0482497634816 0.0170293282876 0.0586565752129 0.0596026490066 0.0756859035005 0.035004730369 0.0132450331126 0.000946073793756 0.00283822138127 0.17880794702
23 0.0719016083254 0.0122989593188 0.0312204351939 0.0529801324503 0.0208136234626 0.0245979186377 0.0747398297067 0.0208136234626 0.073793755913 0.0605487228004 0.0085146641438 0.073793755913 0.0141911069063 0.0473036896878 0.0756859035005 0.0671712393567 0.0208136234626 0.0104068117313 0.00567644276254 0.0444654683065 0.188268684957
24 0.0303216650899 0.00950804162725 0.0587038789026 0.0397824030274 0.0114001892148 0.323604541154 0.0218070009461 0.0123462630085 0.049243140965 0.0293755912961 0.00666982024598 0.0549195837275 0.0359981078524 0.0180227057711 0.0255912961211 0.0416745506149 0.0170766319773 0.0123462630085 0.000993377483444 0.0132923368023 0.187322611164
25 0.219489120151 0.0293282876064 0.035004730369 0.0406811731315 0.0236518448439 0.0359508041627 0.00662251655629 0.0454115421003 0.0274361400189 0.0539262062441 0.00567644276254 0.0255439924314 0.042573320719 0.0160832544939 0.0198675496689 0.0529801324503 0.0274361400189 0.0747398297067 0.00567644276254 0.0179754020814 0.19394512772
26 0.0331125827815 0.00473036896878 0.22421948912 0.0548722800378 0.0085146641438 0.0245979186377 0.0189214758751 0.0151371807001 0.0406811731315 0.0548722800378 0.0122989593188 0.0983916745506 0.038789025544 0.0217596972564 0.0274361400189 0.0719016083254 0.0321665089877 0.0217596972564 0.00283822138127 0.0141911069063 0.17880794702
27 0.042573320719 0.0104068117313 0.0217596972564 0.0160832544939 0.0302743614002 0.0132450331126 0.00756859035005 0.124881740776 0.0236518448439 0.140018921476 0.0085146641438 0.0141911069063 0.110690633869 0.0104068117313 0.0104068117313 0.0245979186377 0.0312204351939 0.164616840114 0.0122989593188 0.0104068117313 0.172185430464
28 0.0274361400189 0.0085146641438 0.120151371807 0.0633869441816 0.0141911069063 0.0208136234626 0.0245979186377 0.0170293282876 0.0397350993377 0.0416272469253 0.0122989593188 0.198675496689 0.0264900662252 0.0293282876064 0.038789025544 0.0539262062441 0.0416272469253 0.0208136234626 0.00567644276254 0.0236518448439 0.17123935667
29 0.107852412488 0.0179754020814 0.0378429517502 0.0596026490066 0.0255439924314 0.0245979186377 0.0170293282876 0.0719016083254 0.0473036896878 0.077578051088 0.0198675496689 0.0160832544939 0.0274361400189 0.0482497634816 0.0368968779565 0.0614947965941 0.0378429517502 0.0605487228004 0.00662251655629 0.0274361400189 0.170293282876
30 0.0501419110691 0.0208136234626 0.0331125827815 0.0473036896878 0.0160832544939 0.0217596972564 0.0160832544939 0.0302743614002 0.0898770104068 0.0586565752129 0.0113528855251 0.0245979186377 0.0520340586566 0.077578051088 0.0964995269631 0.038789025544 0.0596026490066 0.0605487228004 0.00567644276254 0.0179754020814 0.17123935667
31 0.0293282876064 0.0113528855251 0.230842005676 0.0368968779565 0.0208136234626 0.0586565752129 0.0141911069063 0.0122989593188 0.0293282876064 0.0264900662252 0.00567644276254 0.135288552507 0.0151371807001 0.0217596972564 0.0245979186377 0.0643330179754 0.0520340586566 0.0208136234626 0.00473036896878 0.0132450331126 0.172185430464
32 0.0520340586566 0.0151371807001 0.0624408703879 0.0681173131504 0.0255439924314 0.0482497634816 0.0264900662252 0.0283822138127 0.0785241248817 0.038789025544 0.00756859035005 0.0652790917692 0.042573320719 0.0293282876064 0.0454115421003 0.0898770104068 0.038789025544 0.0312204351939 0.0085146641438 0.0264900662252 0.17123935667
33 0.0444654683065 0.0141911069063 0.0993377483444 0.0596026490066 0.038789025544 0.0368968779565 0.0255439924314 0.0340586565752 0.0454115421003 0.0473036896878 0.0198675496689 0.0889309366131 0.0160832544939 0.0406811731315 0.0331125827815 0.0794701986755 0.0293282876064 0.0245979186377 0.0113528855251 0.046357615894 0.164616840114
34 0.0331125827815 0.0104068117313 0.0302743614002 0.0274361400189 0.0217596972564 0.36518448439 0.0160832544939 0.0122989593188 0.0473036896878 0.0331125827815 0.0122989593188 0.0510879848628 0.0170293282876 0.0321665089877 0.038789025544 0.042573320719 0.0255439924314 0.0113528855251 0.0085146641438 0.0151371807001 0.14853358562
35 0.0331125827815 0.0170293282876 0.0444654683065 0.0728476821192 0.0264900662252 0.0510879848628 0.0208136234626 0.0255439924314 0.0510879848628 0.0671712393567 0.0227057710501 0.0491958372753 0.0179754020814 0.0473036896878 0.121097445601 0.0605487228004 0.0331125827815 0.0217596972564 0.0312204351939 0.046357615894 0.139072847682
36 0.0368968779565 0.0113528855251 0.0255439924314 0.0160832544939 0.0104068117313 0.0293282876064 0.0113528855251 0.0227057710501 0.0189214758751 0.0406811731315 0.00378429517502 0.0624408703879 0.0321665089877 0.0104068117313 0.0255439924314 0.123935666982 0.360454115421 0.0170293282876 0.00189214758751 0.0085146641438 0.130558183538
37 0.191106906339 0.0189214758751 0.0085146641438 0.0104068117313 0.00946073793756 0.0151371807001 0.00567644276254 0.0416272469253 0.0113528855251 0.106906338694 0.0132450331126 0.00378429517502 0.304635761589 0.00756859035005 0.0141911069063 0.0217596972564 0.0264900662252 0.046357615894 0.00567644276254 0.0132450331126 0.123935666982
38 0.0217596972564 0.0085146641438 0.00756859035005 0.00567644276254 0.0529801324503 0.00473036896878 0.00662251655629 0.081362346263 0.00756859035005 0.497634815516 0.0331125827815 0.0085146641438 0.00946073793756 0.0151371807001 0.0160832544939 0.0208136234626 0.0104068117313 0.0491958372753 0.00473036896878 0.0179754020814 0.120151371807
39 0.0501419110691 0.0132450331126 0.0312204351939 0.0283822138127 0.0435193945128 0.0170293282876 0.258278145695 0.0454115421003 0.0179754020814 0.0766319772942 0.0586565752129 0.0170293282876 0.00662251655629 0.0510879848628 0.0255439924314 0.0491958372753 0.0227057710501 0.0236518448439 0.00756859035005 0.0340586565752 0.122043519395
40 0.134342478713 0.0264900662252 0.00567644276254 0.0293282876064 0.0406811731315 0.0085146641438 0.0302743614002 0.0870387890255 0.0208136234626 0.145695364238 0.0208136234626 0.0179754020814 0.00662251655629 0.0179754020814 0.0283822138127 0.035004730369 0.0368968779565 0.0700094607379 0.0331125827815 0.0719016083254 0.132450331126
41 0.263954588458 0.0662251655629 0.0085146641438 0.0113528855251 0.0179754020814 0.0085146641438 0.00378429517502 0.103122043519 0.00946073793756 0.0917691579943 0.0378429517502 0.0085146641438 0.00756859035005 0.00662251655629 0.0085146641438 0.0605487228004 0.0331125827815 0.108798486282 0.00189214758751 0.00378429517502 0.138126773888
42 0.108798486282 0.0198675496689 0.0302743614002 0.0728476821192 0.0293282876064 0.0293282876064 0.0245979186377 0.0473036896878 0.073793755913 0.0709555345317 0.0255439924314 0.0208136234626 0.0122989593188 0.0501419110691 0.0652790917692 0.0700094607379 0.035004730369 0.0454115421003 0.00756859035005 0.0321665089877 0.128666035951
43 0.0567644276254 0.0198675496689 0.0236518448439 0.0577105014191 0.0274361400189 0.0302743614002 0.0397350993377 0.0245979186377 0.0671712393567 0.0652790917692 0.0170293282876 0.081362346263 0.0170293282876 0.0435193945128 0.0804162724693 0.0936613055818 0.0255439924314 0.0274361400189 0.00567644276254 0.0681173131504 0.127719962157
44 0.0368968779565 0.00756859035005 0.0473036896878 0.0312204351939 0.00946073793756 0.328287606433 0.0208136234626 0.0085146641438 0.0473036896878 0.0255439924314 0.00662251655629 0.107852412488 0.0160832544939 0.0236518448439 0.0633869441816 0.0586565752129 0.0189214758751 0.0170293282876 0.00567644276254 0.0085146641438 0.110690633869
45 0.0236518448439 0.0255439924314 0.0860927152318 0.0321665089877 0.0283822138127 0.035004730369 0.115421002838 0.0122989593188 0.0416272469253 0.042573320719 0.00662251655629 0.142857142857 0.0160832544939 0.0709555345317 0.0643330179754 0.0879848628193 0.0198675496689 0.0151371807001 0.0113528855251 0.0283822138127 0.0936613055818
46 0.0482497634816 0.0104068117313 0.0368968779565 0.0766319772942 0.0378429517502 0.0198675496689 0.0293282876064 0.0804162724693 0.0444654683065 0.140018921476 0.0189214758751 0.0331125827815 0.0596026490066 0.0179754020814 0.0340586565752 0.0397350993377 0.0614947965941 0.0860927152318 0.00946073793756 0.0217596972564 0.0936613055818
47 0.077578051088 0.00662251655629 0.150425733207 0.198675496689 0.00756859035005 0.0368968779565 0.0274361400189 0.0132450331126 0.0577105014191 0.0217596972564 0.00378429517502 0.038789025544 0.0406811731315 0.0406811731315 0.0482497634816 0.0548722800378 0.0368968779565 0.0198675496689 0.00567644276254 0.0179754020814 0.0946073793756
48 0.0804162724693 0.0406811731315 0.0151371807001 0.0151371807001 0.038789025544 0.0255439924314 0.00662251655629 0.181646168401 0.0141911069063 0.134342478713 0.0596026490066 0.0160832544939 0.00946073793756 0.00946073793756 0.0160832544939 0.0331125827815 0.0510879848628 0.128666035951 0.00756859035005 0.0141911069063 0.102175969726
49 0.112582781457 0.0198675496689 0.00473036896878 0.0160832544939 0.0444654683065 0.0132450331126 0.00189214758751 0.122043519395 0.0160832544939 0.136234626301 0.035004730369 0.00473036896878 0.0141911069063 0.00378429517502 0.0085146641438 0.0236518448439 0.038789025544 0.258278145695 0.00473036896878 0.0104068117313 0.110690633869
50 0.0416272469253 0.0085146641438 0.0605487228004 0.122989593188 0.0104068117313 0.0208136234626 0.0236518448439 0.0198675496689 0.152317880795 0.038789025544 0.0104068117313 0.0340586565752 0.0132450331126 0.0747398297067 0.119205298013 0.0605487228004 0.0406811731315 0.0321665089877 0.00378429517502 0.00378429517502 0.107852412488
51 0.0491958372753 0.0151371807001 0.0179754020814 0.0624408703879 0.0747398297067 0.00756859035005 0.0198675496689 0.0728476821192 0.0444654683065 0.192052980132 0.0331125827815 0.0085146641438 0.0085146641438 0.0217596972564 0.0444654683065 0.0264900662252 0.035004730369 0.0482497634816 0.0331125827815 0.0879848628193 0.0964995269631
52 0.0255439924314 0.0151371807001 0.00378429517502 0.00756859035005 0.0728476821192 0.00567644276254 0.00378429517502 0.0889309366131 0.0132450331126 0.544938505203 0.0331125827815 0.00567644276254 0.00189214758751 0.00946073793756 0.00662251655629 0.0113528855251 0.0122989593188 0.0236518448439 0.00283822138127 0.0151371807001 0.0964995269631
53 0.0274361400189 0.00946073793756 0.00662251655629 0.0189214758751 0.0264900662252 0.0085146641438 0.0151371807001 0.135288552507 0.0189214758751 0.377483443709 0.0321665089877 0.00662251655629 0.0085146641438 0.0151371807001 0.0160832544939 0.0217596972564 0.0198675496689 0.103122043519 0.00473036896878 0.0189214758751 0.108798486282
54 0.0643330179754 0.0085146641438 0.112582781457 0.140018921476 0.00756859035005 0.0359508041627 0.0227057710501 0.0198675496689 0.085146641438 0.0444654683065 0.00946073793756 0.0567644276254 0.0189214758751 0.0605487228004 0.0454115421003 0.0927152317881 0.0331125827815 0.0160832544939 0.000946073793756 0.00567644276254 0.119205298013
55 0.0832544938505 0.0113528855251 0.0368968779565 0.0501419110691 0.0189214758751 0.0245979186377 0.0766319772942 0.0179754020814 0.0842005676443 0.0719016083254 0.00946073793756 0.073793755913 0.0170293282876 0.0378429517502 0.0964995269631 0.0577105014191 0.0274361400189 0.0302743614002 0.00662251655629 0.0406811731315 0.126773888363
56 0.042573320719 0.0227057710501 0.046357615894 0.0302743614002 0.0132450331126 0.383159886471 0.0217596972564 0.0170293282876 0.0359508041627 0.0227057710501 0.00662251655629 0.0340586565752 0.0208136234626 0.0151371807001 0.0435193945128 0.0435193945128 0.0160832544939 0.0179754020814 0.00662251655629 0.0198675496689 0.140018921476
57 0.24692526017 0.0340586565752 0.0274361400189 0.0340586565752 0.0179754020814 0.0454115421003 0.0170293282876 0.0406811731315 0.0312204351939 0.0491958372753 0.00946073793756 0.0141911069063 0.0520340586566 0.0179754020814 0.0264900662252 0.0624408703879 0.0331125827815 0.0719016083254 0.00283822138127 0.0170293282876 0.14853358562
58 0.0368968779565 0.0085146641438 0.223273415326 0.0567644276254 0.0255439924314 0.0293282876064 0.0160832544939 0.0217596972564 0.0378429517502 0.0454115421003 0.00473036896878 0.109744560076 0.035004730369 0.0312204351939 0.0312204351939 0.0870387890255 0.0274361400189 0.0283822138127 0.00283822138127 0.0132450331126 0.127719962157
59 0.0624408703879 0.00946073793756 0.0208136234626 0.0236518448439 0.0255439924314 0.0236518448439 0.0141911069063 0.107852412488 0.0340586565752 0.110690633869 0.0208136234626 0.0160832544939 0.147587511826 0.0208136234626 0.0179754020814 0.0331125827815 0.0435193945128 0.120151371807 0.00283822138127 0.0160832544939 0.128666035951
60 0.035004730369 0.0170293282876 0.121097445601 0.0681173131504 0.0141911069063 0.0331125827815 0.0302743614002 0.0274361400189 0.035004730369 0.0482497634816 0.00756859035005 0.202459791864 0.0179754020814 0.0236518448439 0.0274361400189 0.0614947965941 0.0397350993377 0.0113528855251 0.00378429517502 0.0245979186377 0.150425733207
61 0.0974456007569 0.0141911069063 0.0312204351939 0.0359508041627 0.0227057710501 0.0274361400189 0.0113528855251 0.0908230842006 0.046357615894 0.100283822138 0.0189214758751 0.0340586565752 0.0255439924314 0.0359508041627 0.0368968779565 0.0728476821192 0.0491958372753 0.0662251655629 0.0122989593188 0.0198675496689 0.150425733207
62 0.0520340586566 0.0217596972564 0.0331125827815 0.0435193945128 0.0245979186377 0.0198675496689 0.0122989593188 0.0331125827815 0.0832544938505 0.0671712393567 0.0141911069063 0.0189214758751 0.0539262062441 0.0596026490066 0.0993377483444 0.0454115421003 0.0567644276254 0.0633869441816 0.0113528855251 0.0208136234626 0.165562913907
63 0.0368968779565 0.0122989593188 0.235572374645 0.0406811731315 0.0151371807001 0.0482497634816 0.0122989593188 0.0189214758751 0.0368968779565 0.0236518448439 0.0085146641438 0.115421002838 0.0236518448439 0.0179754020814 0.0368968779565 0.0605487228004 0.0539262062441 0.0189214758751 0.0085146641438 0.0160832544939 0.158940397351
64 0.038789025544 0.00946073793756 0.0700094607379 0.0577105014191 0.0198675496689 0.0520340586566 0.0283822138127 0.0331125827815 0.0908230842006 0.038789025544 0.0104068117313 0.0614947965941 0.0321665089877 0.0416272469253 0.0671712393567 0.0728476821192 0.0454115421003 0.0283822138127 0.0085146641438 0.0368968779565 0.15610217597
65 0.035004730369 0.0113528855251 0.0936613055818 0.0624408703879 0.0368968779565 0.0416272469253 0.0416272469253 0.0321665089877 0.0520340586566 0.0529801324503 0.0104068117313 0.0927152317881 0.0141911069063 0.0368968779565 0.0491958372753 0.0700094607379 0.0501419110691 0.0217596972564 0.0132450331126 0.0331125827815 0.14853358562
66 0.0312204351939 0.00283822138127 0.046357615894 0.0378429517502 0.0151371807001 0.368022705771 0.0170293282876 0.0179754020814 0.0416272469253 0.0321665089877 0.0141911069063 0.0444654683065 0.0236518448439 0.0283822138127 0.042573320719 0.0529801324503 0.0208136234626 0.0227057710501 0.00662251655629 0.0113528855251 0.122043519395
67 0.0368968779565 0.0151371807001 0.0416272469253 0.0662251655629 0.0510879848628 0.038789025544 0.0255439924314 0.0302743614002 0.0416272469253 0.0662251655629 0.0236518448439 0.0709555345317 0.0227057710501 0.0605487228004 0.100283822138 0.0624408703879 0.0255439924314 0.0227057710501 0.0435193945128 0.0416272469253 0.112582781457
68 0.0558183538316 0.0189214758751 0.0245979186377 0.0245979186377 0.0132450331126 0.0245979186377 0.00946073793756 0.0208136234626 0.0198675496689 0.0416272469253 0.0104068117313 0.0662251655629 0.0321665089877 0.0274361400189 0.0397350993377 0.120151371807 0.298959318827 0.0302743614002 0.00283822138127 0.0113528855251 0.106906338694
69 0.187322611164 0.0189214758751 0.0104068117313 0.0208136234626 0.0151371807001 0.0170293282876 0.0085146641438 0.0501419110691 0.0113528855251 0.0964995269631 0.0141911069063 0.00756859035005 0.281929990539 0.00756859035005 0.0113528855251 0.038789025544 0.0312204351939 0.0586565752129 0.00283822138127 0.0113528855251 0.0983916745506
70 0.0293282876064 0.00662251655629 0.00473036896878 0.0141911069063 0.0700094607379 0.00189214758751 0.00567644276254 0.0974456007569 0.00756859035005 0.485335856197 0.0264900662252 0.0085146641438 0.0104068117313 0.0113528855251 0.0113528855251 0.0189214758751 0.0122989593188 0.0529801324503 0.0085146641438 0.0179754020814 0.0983916745506
71 0.0312204351939 0.0227057710501 0.0236518448439 0.035004730369 0.0501419110691 0.0085146641438 0.302743614002 0.0416272469253 0.0179754020814 0.0690633869442 0.0406811731315 0.0245979186377 0.00662251655629 0.0397350993377 0.0378429517502 0.0501419110691 0.0340586565752 0.0312204351939 0.00662251655629 0.0321665089877 0.0936613055818
72 0.0643330179754 0.0274361400189 0.0198675496689 0.0406811731315 0.042573320719 0.0179754020814 0.0444654683065 0.0870387890255 0.0293282876064 0.136234626301 0.0302743614002 0.0208136234626 0.00756859035005 0.0274361400189 0.0416272469253 0.0312204351939 0.0359508041627 0.0643330179754 0.046357615894 0.0889309366131 0.0955534531693
73 0.495742667928 0.0340586565752 0.0085146641438 0.0170293282876 0.0122989593188 0.0245979186377 0.0085146641438 0.0312204351939 0.0122989593188 0.0548722800378 0.0132450331126 0.00756859035005 0.0132450331126 0.00283822138127 0.0198675496689 0.0681173131504 0.0293282876064 0.0454115421003 0.00283822138127 0.0122989593188 0.0860927152318
74 0.250709555345 0.0700094607379 0.0122989593188 0.0151371807001 0.0122989593188 0.0236518448439 0.00946073793756 0.115421002838 0.00946073793756 0.0719016083254 0.0198675496689 0.00756859035005 0.0151371807001 0.00662251655629 0.0132450331126 0.0605487228004 0.0454115421003 0.140018921476 0.00378429517502 0.0122989593188 0.085146641438
75 0.0804162724693 0.0160832544939 0.0340586565752 0.081362346263 0.0331125827815 0.0397350993377 0.0189214758751 0.042573320719 0.073793755913 0.0756859035005 0.0217596972564 0.0283822138127 0.0160832544939 0.0605487228004 0.0993377483444 0.0804162724693 0.0378429517502 0.0312204351939 0.0236518448439 0.0359508041627 0.0690633869442
76 0.0577105014191 0.0217596972564 0.0264900662252 0.0539262062441 0.0302743614002 0.046357615894 0.038789025544 0.0227057710501 0.0756859035005 0.0539262062441 0.0160832544939 0.107852412488 0.0198675496689 0.0482497634816 0.0690633869442 0.0917691579943 0.0444654683065 0.0331125827815 0.0198675496689 0.0491958372753 0.0728476821192
77 0.0397350993377 0.0141911069063 0.0605487228004 0.0510879848628 0.00946073793756 0.352885525071 0.0141911069063 0.00662251655629 0.0567644276254 0.0198675496689 0.00473036896878 0.0917691579943 0.0198675496689 0.0255439924314 0.0548722800378 0.0510879848628 0.0189214758751 0.0141911069063 0.00662251655629 0.0132450331126 0.073793755913
78 0.0397350993377 0.0264900662252 0.0823084200568 0.0406811731315 0.0368968779565 0.0283822138127 0.106906338694 0.0227057710501 0.0444654683065 0.0416272469253 0.0151371807001 0.132450331126 0.0208136234626 0.0539262062441 0.0690633869442 0.0756859035005 0.0274361400189 0.0198675496689 0.0132450331126 0.0321665089877 0.0700094607379
79 0.0520340586566 0.0104068117313 0.0397350993377 0.0577105014191 0.042573320719 0.0264900662252 0.0122989593188 0.0964995269631 0.0416272469253 0.158940397351 0.0302743614002 0.0340586565752 0.0359508041627 0.0160832544939 0.0302743614002 0.0473036896878 0.0671712393567 0.0842005676443 0.0122989593188 0.0359508041627 0.0681173131504
80 0.0671712393567 0.00473036896878 0.157994323557 0.192999053926 0.00946073793756 0.0397350993377 0.0236518448439 0.0141911069063 0.0766319772942 0.0255439924314 0.0104068117313 0.0501419110691 0.042573320719 0.0473036896878 0.0454115421003 0.0652790917692 0.0283822138127 0.0198675496689 0.00662251655629 0.00756859035005 0.0643330179754
81 0.0946073793756 0.0416272469253 0.0189214758751 0.0151371807001 0.0406811731315 0.0227057710501 0.0113528855251 0.172185430464 0.0179754020814 0.145695364238 0.0567644276254 0.0151371807001 0.0122989593188 0.0132450331126 0.0160832544939 0.0312204351939 0.0690633869442 0.124881740776 0.00567644276254 0.0208136234626 0.0539262062441
82 0.110690633869 0.0312204351939 0.0085146641438 0.0141911069063 0.0416272469253 0.00567644276254 0.00189214758751 0.122043519395 0.0085146641438 0.188268684957 0.0473036896878 0.00567644276254 0.00756859035005 0.00946073793756 0.0104068117313 0.0198675496689 0.0340586565752 0.252601702933 0.00283822138127 0.0104068117313 0.0671712393567
83 0.0444654683065 0.00662251655629 0.0520340586566 0.136234626301 0.00378429517502 0.0245979186377 0.0255439924314 0.0198675496689 0.188268684957 0.0359508041627 0.0085146641438 0.0378429517502 0.0160832544939 0.0785241248817 0.138126773888 0.0614947965941 0.0331125827815 0.0179754020814 0.00189214758751 0.00567644276254 0.0633869441816
84 0.0491958372753 0.0132450331126 0.0198675496689 0.0406811731315 0.081362346263 0.00756859035005 0.0189214758751 0.0643330179754 0.0491958372753 0.214758751183 0.0378429517502 0.0132450331126 0.0132450331126 0.0283822138127 0.046357615894 0.0340586565752 0.0397350993377 0.0596026490066 0.0151371807001 0.0832544938505 0.0700094607379
85 0.0274361400189 0.0160832544939 0.00378429517502 0.00662251655629 0.073793755913 0.00567644276254 0.00378429517502 0.106906338694 0.0085146641438 0.529801324503 0.0454115421003 0.00189214758751 0.00378429517502 0.00567644276254 0.00662251655629 0.0085146641438 0.00756859035005 0.0529801324503 0.00378429517502 0.0141911069063 0.0671712393567
86 0.0397824030274 0.0161305581835 0.00950804162725 0.0161305581835 0.0341059602649 0.00950804162725 0.00856196783349 0.164664143803 0.0114001892148 0.369962157048 0.0265373699149 0.00572374645222 0.00856196783349 0.0161305581835 0.0246452223273 0.0208609271523 0.0123462630085 0.105061494797 0.0132923368023 0.0199148533586 0.0671712393567
87 0.0652790917692 0.0085146641438 0.117313150426 0.16367076632 0.00662251655629 0.0274361400189 0.0274361400189 0.0179754020814 0.0860927152318 0.0264900662252 0.00756859035005 0.0510879848628 0.0179754020814 0.0709555345317 0.0823084200568 0.0898770104068 0.035004730369 0.0170293282876 0.00473036896878 0.0104068117313 0.0662251655629
88 0.0908703878903 0.0180227057711 0.0189687795648 0.0426206244087 0.0322138126774 0.0255912961211 0.0870860927152 0.0199148533586 0.095600756859 0.0757332071902 0.0114001892148 0.0681646168401 0.0236991485336 0.0388363292337 0.0757332071902 0.0615421002838 0.0265373699149 0.0293755912961 0.0114001892148 0.0700567644276 0.0766319772942
89 0.0303216650899 0.0274834437086 0.05302743614 0.0416745506149 0.0170766319773 0.364285714286 0.0189687795648 0.0208609271523 0.049243140965 0.0180227057711 0.00666982024598 0.0482970671712 0.0236991485336 0.0274834437086 0.0407284768212 0.0426206244087 0.0303216650899 0.0218070009461 0.00761589403974 0.0236991485336 0.0860927152318
90 0.252601702933 0.0331125827815 0.0283822138127 0.0397350993377 0.0208136234626 0.038789025544 0.0198675496689 0.0605487228004 0.0378429517502 0.0406811731315 0.0104068117313 0.0122989593188 0.042573320719 0.0208136234626 0.035004730369 0.0614947965941 0.0302743614002 0.0832544938505 0.0085146641438 0.0255439924314 0.0974456007569
91 0.0312204351939 0.0132450331126 0.250709555345 0.0501419110691 0.0198675496689 0.0321665089877 0.0198675496689 0.0217596972564 0.0435193945128 0.0473036896878 0.0085146641438 0.122989593188 0.0321665089877 0.0217596972564 0.0321665089877 0.0908230842006 0.0283822138127 0.0245979186377 0.00283822138127 0.0132450331126 0.0927152317881
92 0.0473036896878 0.0189214758751 0.0160832544939 0.0227057710501 0.0255439924314 0.0151371807001 0.0132450331126 0.150425733207 0.0331125827815 0.159886471145 0.0170293282876 0.0151371807001 0.102175969726 0.0198675496689 0.0170293282876 0.0302743614002 0.0283822138127 0.15610217597 0.00662251655629 0.0085146641438 0.0964995269631
93 0.0435193945128 0.0141911069063 0.116367076632 0.0804162724693 0.0132450331126 0.038789025544 0.0340586565752 0.0141911069063 0.0368968779565 0.0359508041627 0.0104068117313 0.222327341533 0.0113528855251 0.0236518448439 0.042573320719 0.0558183538316 0.0643330179754 0.0208136234626 0.0085146641438 0.0170293282876 0.0955534531693
94 0.123982970672 0.0227530747398 0.0350520340587 0.0464049195837 0.0341059602649 0.0331598864711 0.0199148533586 0.0804635761589 0.0539735099338 0.0965468306528 0.0199148533586 0.0189687795648 0.0265373699149 0.0284295175024 0.0322138126774 0.0577578051088 0.05302743614 0.0700567644276 0.010454115421 0.0255912961211 0.110690633869
95 0.0501419110691 0.00946073793756 0.0283822138127 0.035004730369 0.0217596972564 0.0255439924314 0.0170293282876 0.0444654683065 0.104068117313 0.0605487228004 0.0170293282876 0.0227057710501 0.042573320719 0.0756859035005 0.118259224219 0.0406811731315 0.0567644276254 0.081362346263 0.0113528855251 0.0170293282876 0.120151371807
96 0.0331125827815 0.00946073793756 0.297067171239 0.0397350993377 0.0113528855251 0.0529801324503 0.0151371807001 0.0141911069063 0.0170293282876 0.0274361400189 0.00756859035005 0.14096499527 0.0141911069063 0.0141911069063 0.0293282876064 0.0700094607379 0.046357615894 0.0189214758751 0.00473036896878 0.0170293282876 0.119205298013
97 0.0567644276254 0.0132450331126 0.0624408703879 0.0614947965941 0.0198675496689 0.0510879848628 0.0302743614002 0.042573320719 0.0955534531693 0.0368968779565 0.0151371807001 0.0823084200568 0.0416272469253 0.0293282876064 0.0756859035005 0.0709555345317 0.0331125827815 0.0340586565752 0.00473036896878 0.0227057710501 0.120151371807
98 0.0378429517502 0.0122989593188 0.0964995269631 0.0804162724693 0.0293282876064 0.035004730369 0.0331125827815 0.0227057710501 0.0539262062441 0.0548722800378 0.00946073793756 0.0879848628193 0.0189214758751 0.0378429517502 0.0577105014191 0.0785241248817 0.0482497634816 0.0189214758751 0.0170293282876 0.0454115421003 0.123935666982
99 0.0255439924314 0.0132450331126 0.042573320719 0.0359508041627 0.0198675496689 0.405865657521 0.0189214758751 0.0085146641438 0.0368968779565 0.0359508041627 0.00283822138127 0.0520340586566 0.0189214758751 0.0274361400189 0.0302743614002 0.0435193945128 0.0217596972564 0.0198675496689 0.0085146641438 0.0189214758751 0.112582781457
100 0.0378429517502 0.0217596972564 0.0596026490066 0.085146641438 0.0236518448439 0.0435193945128 0.0198675496689 0.0236518448439 0.0596026490066 0.0624408703879 0.0312204351939 0.0823084200568 0.0104068117313 0.0652790917692 0.0842005676443 0.0596026490066 0.0274361400189 0.0302743614002 0.0406811731315 0.0312204351939 0.100283822138
101 0.0312677388836 0.0114001892148 0.0274834437086 0.0227530747398 0.0151844843898 0.0236991485336 0.00856196783349 0.0218070009461 0.0246452223273 0.0473509933775 0.00572374645222 0.0539735099338 0.0246452223273 0.014238410596 0.0218070009461 0.117360454115 0.388883632923 0.0189687795648 0.00572374645222 0.0180227057711 0.0964995269631
102 0.203453169347 0.0208609271523 0.00856196783349 0.010454115421 0.00572374645222 0.0208609271523 0.014238410596 0.0284295175024 0.010454115421 0.0833017975402 0.00666982024598 0.0151844843898 0.324550614948 0.010454115421 0.00666982024598 0.0416745506149 0.0274834437086 0.0681646168401 0.00288552507096 0.00572374645222 0.0842005676443
103 0.0331125827815 0.00662251655629 0.00662251655629 0.00756859035005 0.0596026490066 0.00567644276254 0.0085146641438 0.0946073793756 0.00946073793756 0.517502365184 0.0302743614002 0.00283822138127 0.00567644276254 0.00473036896878 0.00662251655629 0.0151371807001 0.0179754020814 0.0633869441816 0.00567644276254 0.0132450331126 0.085146641438
104 0.0321665089877 0.0104068117313 0.0501419110691 0.0274361400189 0.0548722800378 0.0122989593188 0.280983916746 0.046357615894 0.0217596972564 0.0709555345317 0.0482497634816 0.0236518448439 0.0141911069063 0.0444654683065 0.0283822138127 0.0473036896878 0.0340586565752 0.0264900662252 0.00756859035005 0.0302743614002 0.0879848628193
105 0.0596026490066 0.0283822138127 0.0236518448439 0.0359508041627 0.035004730369 0.0132450331126 0.0312204351939 0.0955534531693 0.0340586565752 0.14853358562 0.0321665089877 0.0132450331126 0.0104068117313 0.0293282876064 0.0435193945128 0.0293282876064 0.0406811731315 0.073793755913 0.042573320719 0.0889309366131 0.0908230842006
106 0.547776726585 0.0293282876064 0.0104068117313 0.0132450331126 0.0085146641438 0.0283822138127 0.00662251655629 0.0236518448439 0.00756859035005 0.0340586565752 0.00946073793756 0.0179754020814 0.0132450331126 0.00946073793756 0.0160832544939 0.0596026490066 0.0227057710501 0.0406811731315 0.000946073793756 0.00946073793756 0.0908230842006
107 0.221381267739 0.0747398297067 0.0085146641438 0.0170293282876 0.0141911069063 0.0179754020814 0.00756859035005 0.114474929044 0.0113528855251 0.0643330179754 0.0208136234626 0.0132450331126 0.0141911069063 0.0160832544939 0.0160832544939 0.0605487228004 0.046357615894 0.166508987701 0.00473036896878 0.00473036896878 0.085146641438
108 0.0615421002838 0.0123462630085 0.0378902554399 0.0965468306528 0.0303216650899 0.0293755912961 0.0255912961211 0.0303216650899 0.0691106906339 0.0747871333964 0.0322138126774 0.0303216650899 0.0132923368023 0.05302743614 0.112630085147 0.0643803216651 0.0350520340587 0.0331598864711 0.0208609271523 0.0388363292337 0.0983916745506
109 0.0539262062441 0.0170293282876 0.0255439924314 0.0510879848628 0.0368968779565 0.038789025544 0.0520340586566 0.0217596972564 0.0709555345317 0.0662251655629 0.0189214758751 0.103122043519 0.0198675496689 0.0406811731315 0.0870387890255 0.0804162724693 0.038789025544 0.0170293282876 0.0160832544939 0.0482497634816 0.0955534531693
110 0.0378429517502 0.0227057710501 0.0539262062441 0.0397350993377 0.00756859035005 0.324503311258 0.0170293282876 0.0085146641438 0.0633869441816 0.0217596972564 0.00473036896878 0.0936613055818 0.0189214758751 0.0302743614002 0.0643330179754 0.0501419110691 0.0208136234626 0.0113528855251 0.00756859035005 0.0122989593188 0.0889309366131
111 0.0378429517502 0.0189214758751 0.102175969726 0.0331125827815 0.0245979186377 0.0198675496689 0.122043519395 0.0141911069063 0.046357615894 0.0378429517502 0.0122989593188 0.141911069063 0.0151371807001 0.0454115421003 0.073793755913 0.0832544938505 0.0208136234626 0.0198675496689 0.0085146641438 0.0340586565752 0.0879848628193
112 0.0520340586566 0.00946073793756 0.0245979186377 0.0709555345317 0.0302743614002 0.0245979186377 0.0245979186377 0.0785241248817 0.0454115421003 0.14096499527 0.0264900662252 0.0217596972564 0.0529801324503 0.0208136234626 0.0368968779565 0.0567644276254 0.0614947965941 0.0823084200568 0.0104068117313 0.0454115421003 0.0832544938505
113 0.0776726584674 0.00293282876064 0.159981078524 0.172280037843 0.0114474929044 0.0388836329234 0.0199621570482 0.0190160832545 0.067265846736 0.024692526017 0.0105014191107 0.052128666036 0.0303689687796 0.0483443708609 0.059697256386 0.0540208136235 0.0313150425733 0.0275307473983 0.0038789025544 0.00671712393567 0.081362346263
114 0.077578051088 0.0397350993377 0.0113528855251 0.00946073793756 0.0312204351939 0.0141911069063 0.00662251655629 0.159886471145 0.0179754020814 0.137180700095 0.0804162724693 0.00946073793756 0.00946073793756 0.0122989593188 0.0160832544939 0.0312204351939 0.0681173131504 0.159886471145 0.00473036896878 0.0122989593188 0.0908230842006
115 0.105014191107 0.0160832544939 0.00756859035005 0.0141911069063 0.0454115421003 0.00567644276254 0.00189214758751 0.129612109745 0.00946073793756 0.146641438032 0.0435193945128 0.00473036896878 0.00473036896878 0.00946073793756 0.00662251655629 0.0293282876064 0.0435193945128 0.279091769158 0.00283822138127 0.00567644276254 0.0889309366131
116 0.0444654683065 0.00473036896878 0.0586565752129 0.134342478713 0.0085146641438 0.0245979186377 0.0264900662252 0.0104068117313 0.17880794702 0.035004730369 0.00567644276254 0.0359508041627 0.0160832544939 0.0709555345317 0.119205298013 0.0567644276254 0.0435193945128 0.0189214758751 0.00473036896878 0.0151371807001 0.0870387890255
117 0.0454115421003 0.0227057710501 0.00662251655629 0.038789025544 0.0700094607379 0.00946073793756 0.0151371807001 0.0756859035005 0.0416272469253 0.22421948912 0.0283822138127 0.0104068117313 0.0132450331126 0.0245979186377 0.0331125827815 0.0236518448439 0.0435193945128 0.0596026490066 0.0170293282876 0.105960264901 0.0908230842006
118 0.0160832544939 0.0113528855251 0.000946073793756 0.00662251655629 0.0586565752129 0.00473036896878 0.00378429517502 0.081362346263 0.000946073793756 0.602649006623 0.038789025544 0.00378429517502 0.00283822138127 0.00378429517502 0.00567644276254 0.0170293282876 0.00662251655629 0.0293282876064 0.00378429517502 0.00756859035005 0.0936613055818
