POS A C D E F G H I K L M N P Q R S T V W Y -
1 0.0113438045375 0.0 0.00261780104712 0.00261780104712 0.00261780104712 0.0043630017452 0.00087260034904 0.0279232111693 0.042757417103 0.042757417103 0.0122164048866 0.00610820244328 0.0532286212914 0.0139616055846 0.0610820244328 0.00959860383944 0.0157068062827 0.0541012216405 0.00174520069808 0.00087260034904 0.633507853403
2 0.0383944153578 0.00261780104712 0.0497382198953 0.0628272251309 0.0043630017452 0.0287958115183 0.0191972076789 0.0104712041885 0.0628272251309 0.0261780104712 0.00349040139616 0.043630017452 0.173647469459 0.0331588132635 0.0506108202443 0.0392670157068 0.0261780104712 0.021815008726 0.00087260034904 0.0043630017452 0.297556719023
3 0.0514834205934 0.00698080279232 0.130017452007 0.102094240838 0.0130890052356 0.0261780104712 0.0200698080279 0.0104712041885 0.0497382198953 0.022687609075 0.00523560209424 0.0663176265271 0.0916230366492 0.0200698080279 0.0191972076789 0.103839441536 0.0270506108202 0.0174520069808 0.00174520069808 0.0191972076789 0.195462478185
4 0.0541448516579 0.00876963350785 0.0323298429319 0.0393106457243 0.0358202443281 0.0157504363002 0.011387434555 0.116972076789 0.0585078534031 0.0480366492147 0.0148778359511 0.0209860383944 0.077705061082 0.0183682373473 0.100392670157 0.0253490401396 0.0288394415358 0.137041884817 0.00178883071553 0.0157504363002 0.137870855148
5 0.00785340314136 0.839441535777 0.00261780104712 0.00523560209424 0.00523560209424 0.00349040139616 0.00174520069808 0.00174520069808 0.0043630017452 0.00785340314136 0.00349040139616 0.00523560209424 0.0043630017452 0.00261780104712 0.0043630017452 0.00698080279232 0.00174520069808 0.00261780104712 0.00087260034904 0.00261780104712 0.0855148342059
6 0.0322862129145 0.00349040139616 0.0383944153578 0.0471204188482 0.0732984293194 0.0357766143106 0.0244328097731 0.0253054101222 0.0689354275742 0.138743455497 0.0183246073298 0.0680628272251 0.0122164048866 0.043630017452 0.0567190226876 0.104712041885 0.0619546247818 0.0139616055846 0.00785340314136 0.0392670157068 0.0855148342059
7 0.0410122164049 0.0191972076789 0.0244328097731 0.106457242583 0.0244328097731 0.0314136125654 0.0183246073298 0.0235602094241 0.0680628272251 0.260034904014 0.0453752181501 0.0087260034904 0.0244328097731 0.113438045375 0.0314136125654 0.0270506108202 0.0157068062827 0.0244328097731 0.00610820244328 0.0148342059337 0.0715532286213
8 0.0375218150087 0.00261780104712 0.0479930191972 0.0732984293194 0.00610820244328 0.022687609075 0.00698080279232 0.0087260034904 0.0724258289703 0.0183246073298 0.0113438045375 0.0253054101222 0.39965095986 0.0314136125654 0.0541012216405 0.0514834205934 0.0322862129145 0.0183246073298 0.0 0.0148342059337 0.064572425829
9 0.0549738219895 0.00261780104712 0.0157068062827 0.022687609075 0.020942408377 0.0104712041885 0.0270506108202 0.0689354275742 0.0750436300175 0.0881326352531 0.0340314136126 0.0139616055846 0.274869109948 0.020942408377 0.0663176265271 0.0296684118674 0.0244328097731 0.0541012216405 0.00349040139616 0.0253054101222 0.0663176265271
10 0.0567190226876 0.00523560209424 0.203315881326 0.119546247818 0.0139616055846 0.0314136125654 0.0191972076789 0.0139616055846 0.0549738219895 0.0235602094241 0.0087260034904 0.0636998254799 0.0689354275742 0.0331588132635 0.0349040139616 0.0610820244328 0.0331588132635 0.0602094240838 0.00087260034904 0.022687609075 0.0706806282723
11 0.0497382198953 0.00523560209424 0.0305410122164 0.0828970331588 0.021815008726 0.0357766143106 0.0165794066318 0.0514834205934 0.0706806282723 0.0514834205934 0.0104712041885 0.044502617801 0.0968586387435 0.0541012216405 0.0741710296684 0.0610820244328 0.0855148342059 0.0680628272251 0.0104712041885 0.0253054101222 0.0532286212914
12 0.0235602094241 0.00349040139616 0.0253054101222 0.0401396160558 0.00087260034904 0.577661431065 0.00785340314136 0.0104712041885 0.0279232111693 0.0148342059337 0.00523560209424 0.0244328097731 0.0305410122164 0.0165794066318 0.0296684118674 0.0575916230366 0.0270506108202 0.0157068062827 0.00174520069808 0.00349040139616 0.0558464223386
13 0.0279232111693 0.00610820244328 0.0532286212914 0.0357766143106 0.0270506108202 0.0401396160558 0.0253054101222 0.0279232111693 0.0549738219895 0.0375218150087 0.0157068062827 0.0881326352531 0.14572425829 0.0296684118674 0.0724258289703 0.105584642234 0.0724258289703 0.0253054101222 0.00610820244328 0.0418848167539 0.0610820244328
14 0.0104712041885 0.619546247818 0.00959860383944 0.0148342059337 0.0104712041885 0.124781849913 0.00610820244328 0.00959860383944 0.0174520069808 0.0130890052356 0.0043630017452 0.0087260034904 0.00785340314136 0.00610820244328 0.0157068062827 0.0183246073298 0.020942408377 0.00610820244328 0.00349040139616 0.0087260034904 0.0636998254799
15 0.0479930191972 0.0183246073298 0.0602094240838 0.0567190226876 0.0261780104712 0.086387434555 0.0200698080279 0.0148342059337 0.086387434555 0.0305410122164 0.00785340314136 0.0741710296684 0.0401396160558 0.0392670157068 0.140488656195 0.0732984293194 0.0558464223386 0.022687609075 0.0130890052356 0.0314136125654 0.0541012216405
16 0.144851657941 0.00698080279232 0.043630017452 0.0855148342059 0.0148342059337 0.15445026178 0.0122164048866 0.0270506108202 0.0602094240838 0.0270506108202 0.0183246073298 0.0610820244328 0.0462478184991 0.0471204188482 0.044502617801 0.0619546247818 0.0514834205934 0.0200698080279 0.0043630017452 0.0253054101222 0.042757417103
17 0.042757417103 0.00523560209424 0.020942408377 0.0305410122164 0.0532286212914 0.044502617801 0.0349040139616 0.0349040139616 0.0663176265271 0.0724258289703 0.0165794066318 0.0732984293194 0.0715532286213 0.0331588132635 0.0593368237347 0.0933682373473 0.0636998254799 0.0357766143106 0.0314136125654 0.0741710296684 0.0418848167539
18 0.0366492146597 0.0043630017452 0.0183246073298 0.0636998254799 0.0828970331588 0.0349040139616 0.0331588132635 0.105584642234 0.0488656195462 0.0942408376963 0.0174520069808 0.0244328097731 0.0139616055846 0.0392670157068 0.0593368237347 0.0898778359511 0.0575916230366 0.104712041885 0.00349040139616 0.0349040139616 0.0322862129145
19 0.0165794066318 0.00349040139616 0.0279232111693 0.0750436300175 0.0305410122164 0.0148342059337 0.0122164048866 0.0698080279232 0.086387434555 0.0776614310646 0.00959860383944 0.0357766143106 0.130890052356 0.0453752181501 0.0759162303665 0.0506108202443 0.123036649215 0.0558464223386 0.00785340314136 0.0270506108202 0.0235602094241
20 0.0375218150087 0.00174520069808 0.00785340314136 0.0130890052356 0.0148342059337 0.0663176265271 0.0253054101222 0.00959860383944 0.0898778359511 0.0366492146597 0.065445026178 0.0148342059337 0.00610820244328 0.0270506108202 0.438917975567 0.0401396160558 0.0130890052356 0.0401396160558 0.0104712041885 0.020942408377 0.0200698080279
21 0.00610820244328 0.00087260034904 0.00174520069808 0.00174520069808 0.174520069808 0.00261780104712 0.0087260034904 0.0113438045375 0.00087260034904 0.00610820244328 0.00261780104712 0.0043630017452 0.00174520069808 0.00087260034904 0.00261780104712 0.00349040139616 0.00610820244328 0.0157068062827 0.384816753927 0.344677137871 0.0183246073298
22 0.0689354275742 0.0 0.00349040139616 0.00261780104712 0.169284467714 0.0523560209424 0.0453752181501 0.0113438045375 0.00523560209424 0.00959860383944 0.00523560209424 0.0043630017452 0.00087260034904 0.00174520069808 0.0261780104712 0.0488656195462 0.0680628272251 0.0183246073298 0.0244328097731 0.417102966841 0.0165794066318
23 0.00174520069808 0.00261780104712 0.00174520069808 0.00174520069808 0.341186736475 0.00174520069808 0.0087260034904 0.0043630017452 0.00174520069808 0.020942408377 0.00523560209424 0.00261780104712 0.00174520069808 0.00174520069808 0.00174520069808 0.00261780104712 0.00523560209424 0.00698080279232 0.022687609075 0.553228621291 0.00959860383944
24 0.011387434555 0.00178883071553 0.412783595113 0.0218586387435 0.00527923211169 0.00440663176265 0.0244764397906 0.0148778359511 0.0174956369983 0.00440663176265 0.00266143106457 0.331631762653 0.00353403141361 0.00789703315881 0.00964223385689 0.0672338568935 0.011387434555 0.0157504363002 0.00178883071553 0.0192408376963 0.0104712041885
25 0.0855584642234 0.00353403141361 0.0157504363002 0.0349476439791 0.0270942408377 0.03407504363 0.0305846422339 0.0349476439791 0.107373472949 0.0279668411867 0.0192408376963 0.0523996509599 0.158856893543 0.0401832460733 0.0576352530541 0.13442408377 0.0506544502618 0.0366928446771 0.00876963350785 0.0270942408377 0.0122164048866
26 0.0637434554974 0.00353403141361 0.055017452007 0.126570680628 0.00964223385689 0.0358202443281 0.0148778359511 0.0227312390925 0.111736474695 0.0262216404887 0.00964223385689 0.0742146596859 0.0157504363002 0.0445462478185 0.0724694589878 0.112609075044 0.119589877836 0.0323298429319 0.00266143106457 0.0253490401396 0.020942408377
27 0.0462914485166 0.00178883071553 0.0454188481675 0.0646160558464 0.0140052356021 0.00876963350785 0.0218586387435 0.0323298429319 0.0934118673647 0.0602530541012 0.0148778359511 0.0384380453752 0.00353403141361 0.033202443281 0.0576352530541 0.16147469459 0.239136125654 0.0262216404887 0.00178883071553 0.0166230366492 0.0183246073298
28 0.0192408376963 0.00440663176265 0.0934118673647 0.0480366492147 0.00178883071553 0.219938917976 0.0305846422339 0.00266143106457 0.13442408377 0.0183682373473 0.0227312390925 0.163219895288 0.00178883071553 0.0698516579407 0.0899214659686 0.0375654450262 0.0148778359511 0.00266143106457 0.000916230366492 0.00964223385689 0.0139616055846
29 0.0479930191972 0.0043630017452 0.0418848167539 0.0698080279232 0.0165794066318 0.0165794066318 0.0148342059337 0.0331588132635 0.171029668412 0.0392670157068 0.0287958115183 0.0357766143106 0.00087260034904 0.0933682373473 0.128272251309 0.0802792321117 0.112565445026 0.0392670157068 0.00087260034904 0.00785340314136 0.0165794066318
30 0.00261780104712 0.938917975567 0.00261780104712 0.00174520069808 0.00261780104712 0.00174520069808 0.00087260034904 0.00261780104712 0.00174520069808 0.00174520069808 0.00174520069808 0.00174520069808 0.0 0.0 0.00610820244328 0.0043630017452 0.00349040139616 0.0113438045375 0.00087260034904 0.0 0.0130890052356
31 0.022687609075 0.00261780104712 0.0191972076789 0.196335078534 0.0340314136126 0.0130890052356 0.0287958115183 0.0506108202443 0.12739965096 0.087260034904 0.0279232111693 0.0104712041885 0.00261780104712 0.0715532286213 0.0741710296684 0.0357766143106 0.0340314136126 0.126527050611 0.0 0.0183246073298 0.0165794066318
32 0.0462478184991 0.00785340314136 0.0139616055846 0.0994764397906 0.0165794066318 0.0174520069808 0.0104712041885 0.021815008726 0.0924956369983 0.0671902268761 0.0314136125654 0.0183246073298 0.157068062827 0.0890052356021 0.0942408376963 0.0959860383944 0.0619546247818 0.0183246073298 0.0087260034904 0.0113438045375 0.0200698080279
33 0.0191972076789 0.00174520069808 0.00959860383944 0.0087260034904 0.584642233857 0.00610820244328 0.0087260034904 0.044502617801 0.0157068062827 0.0497382198953 0.0165794066318 0.00523560209424 0.00174520069808 0.00261780104712 0.0130890052356 0.0200698080279 0.0122164048866 0.0253054101222 0.00174520069808 0.0933682373473 0.0593368237347
34 0.0192408376963 0.00266143106457 0.0288394415358 0.0366928446771 0.0497818499127 0.012260034904 0.0244764397906 0.0925392670157 0.0689790575916 0.076832460733 0.0314572425829 0.0401832460733 0.0262216404887 0.0358202443281 0.0672338568935 0.0585078534031 0.101265270506 0.0742146596859 0.0393106457243 0.0471640488656 0.0663176265271
35 0.0183682373473 0.00702443280977 0.0148778359511 0.011387434555 0.116972076789 0.0174956369983 0.0279668411867 0.0105148342059 0.012260034904 0.0244764397906 0.00440663176265 0.0157504363002 0.0183682373473 0.00527923211169 0.0201134380454 0.0471640488656 0.0358202443281 0.0201134380454 0.0576352530541 0.442452006981 0.0715532286213
36 0.0131762652705 0.0262652705061 0.0315008726003 0.023647469459 0.0210296684119 0.281064572426 0.00968586387435 0.00794066317627 0.0568062827225 0.0437172774869 0.00706806282723 0.0515706806283 0.0184118673647 0.0253926701571 0.0541884816754 0.133595113438 0.0856020942408 0.0149214659686 0.00968586387435 0.0201570680628 0.064572425829
37 0.0270506108202 0.00523560209424 0.0314136125654 0.0314136125654 0.0043630017452 0.630017452007 0.0113438045375 0.00785340314136 0.0322862129145 0.022687609075 0.0043630017452 0.021815008726 0.0148342059337 0.0183246073298 0.0314136125654 0.044502617801 0.0183246073298 0.0139616055846 0.00087260034904 0.00959860383944 0.0183246073298
38 0.0235602094241 0.689354275742 0.0104712041885 0.0113438045375 0.0174520069808 0.0174520069808 0.0087260034904 0.0104712041885 0.0191972076789 0.0244328097731 0.00523560209424 0.0157068062827 0.0104712041885 0.0130890052356 0.0122164048866 0.0287958115183 0.0130890052356 0.0270506108202 0.00174520069808 0.0148342059337 0.0253054101222
39 0.0541012216405 0.00698080279232 0.0811518324607 0.0532286212914 0.0157068062827 0.315008726003 0.022687609075 0.0087260034904 0.0488656195462 0.0296684118674 0.0130890052356 0.0532286212914 0.0401396160558 0.0383944153578 0.0523560209424 0.0584642233857 0.0314136125654 0.0157068062827 0.0270506108202 0.0139616055846 0.0200698080279
40 0.0401832460733 4.3630017452e-05 0.0428010471204 0.0358202443281 0.00702443280977 0.500043630017 0.0166230366492 0.00353403141361 0.0585078534031 0.0192408376963 0.00353403141361 0.0218586387435 0.0515270506108 0.0131326352531 0.0366928446771 0.0462914485166 0.0349476439791 0.033202443281 0.000916230366492 0.00876963350785 0.0253054101222
41 0.0183246073298 0.0 0.0331588132635 0.0200698080279 0.00610820244328 0.0724258289703 0.0139616055846 0.0104712041885 0.043630017452 0.00610820244328 0.00261780104712 0.49127399651 0.0139616055846 0.0174520069808 0.020942408377 0.0881326352531 0.0820244328098 0.00959860383944 0.00174520069808 0.0130890052356 0.0349040139616
42 0.102137870855 0.0288394415358 0.0689790575916 0.098647469459 0.0131326352531 0.145767888307 0.00876963350785 0.011387434555 0.077705061082 0.0419284467714 0.011387434555 0.0462914485166 0.0384380453752 0.0471640488656 0.076832460733 0.0733420593368 0.03407504363 0.0262216404887 0.00527923211169 0.0166230366492 0.0270506108202
43 0.0044502617801 0.00183246073298 0.00183246073298 0.00706806282723 0.000959860383944 0.0166666666667 0.00619546247818 0.00532286212914 0.0192844677138 0.00619546247818 8.7260034904e-05 0.834293193717 0.00881326352531 0.00706806282723 0.0123036649215 0.00794066317627 0.0149214659686 0.00357766143106 0.000959860383944 0.00619546247818 0.0340314136126
44 0.0200698080279 0.0087260034904 0.0139616055846 0.0148342059337 0.0244328097731 0.0340314136126 0.0305410122164 0.0418848167539 0.0523560209424 0.0462478184991 0.0122164048866 0.299301919721 0.0122164048866 0.022687609075 0.19982547993 0.0715532286213 0.0235602094241 0.0287958115183 0.00261780104712 0.0139616055846 0.0261780104712
45 0.00174520069808 0.00174520069808 0.00174520069808 0.00174520069808 0.861256544503 0.00087260034904 0.00523560209424 0.00785340314136 0.00174520069808 0.0122164048866 0.00087260034904 0.00087260034904 0.00261780104712 0.0 0.0043630017452 0.00785340314136 0.00523560209424 0.00349040139616 0.00261780104712 0.0506108202443 0.0253054101222
46 0.0663176265271 0.0122164048866 0.0750436300175 0.123909249564 0.0261780104712 0.0383944153578 0.0244328097731 0.020942408377 0.086387434555 0.0759162303665 0.00785340314136 0.0532286212914 0.0907504363002 0.0366492146597 0.0584642233857 0.0671902268761 0.0357766143106 0.0331588132635 0.00959860383944 0.0322862129145 0.0253054101222
47 0.00527923211169 0.00353403141361 0.0646160558464 0.0218586387435 0.011387434555 0.00789703315881 0.00964223385689 0.000916230366492 0.0288394415358 0.00876963350785 0.00178883071553 0.0846858638743 0.00353403141361 0.000916230366492 0.0227312390925 0.303708551483 0.378752181501 0.00527923211169 0.00266143106457 0.00615183246073 0.0270506108202
48 0.0305410122164 0.044502617801 0.00698080279232 0.149214659686 0.0261780104712 0.00349040139616 0.0113438045375 0.044502617801 0.169284467714 0.12739965096 0.0349040139616 0.0087260034904 0.0191972076789 0.0619546247818 0.120418848168 0.0270506108202 0.00349040139616 0.0253054101222 0.00785340314136 0.0506108202443 0.0270506108202
49 0.0733420593368 0.000916230366492 0.0750872600349 0.226047120419 0.012260034904 0.0323298429319 0.0174956369983 0.0244764397906 0.114354275742 0.0349476439791 0.00876963350785 0.0384380453752 0.00876963350785 0.0890488656195 0.055017452007 0.0611256544503 0.0515270506108 0.0262216404887 0.00527923211169 0.0174956369983 0.0270506108202
50 0.0846858638743 0.00615183246073 0.162347294939 0.300218150087 0.00702443280977 0.0157504363002 0.0201134380454 0.0157504363002 0.0637434554974 0.0297120418848 0.00876963350785 0.0192408376963 0.00266143106457 0.0855584642234 0.0183682373473 0.0611256544503 0.0445462478185 0.0157504363002 0.000916230366492 0.00527923211169 0.0322862129145
51 0.00610820244328 0.901396160558 0.00087260034904 0.0043630017452 0.00174520069808 0.00087260034904 0.00087260034904 0.00349040139616 0.0043630017452 0.0043630017452 0.00174520069808 0.00261780104712 0.00261780104712 0.00174520069808 0.00349040139616 0.00610820244328 0.00523560209424 0.0087260034904 0.00087260034904 0.00261780104712 0.0357766143106
52 0.0200698080279 0.00349040139616 0.021815008726 0.192844677138 0.0130890052356 0.00261780104712 0.0174520069808 0.0558464223386 0.0715532286213 0.0890052356021 0.0846422338569 0.0671902268761 0.00610820244328 0.108202443281 0.0767888307155 0.0253054101222 0.0261780104712 0.0366492146597 0.0139616055846 0.0235602094241 0.043630017452
53 0.0750436300175 0.0043630017452 0.0532286212914 0.112565445026 0.0113438045375 0.0235602094241 0.0122164048866 0.0235602094241 0.151832460733 0.0322862129145 0.021815008726 0.0619546247818 0.00349040139616 0.0794066317627 0.126527050611 0.0802792321117 0.044502617801 0.0157068062827 0.00959860383944 0.0122164048866 0.044502617801
54 0.118717277487 0.00702443280977 0.011387434555 0.0698516579407 0.0462914485166 0.00440663176265 0.0270942408377 0.0480366492147 0.0873036649215 0.0462914485166 0.0183682373473 0.0349476439791 0.00178883071553 0.0358202443281 0.077705061082 0.0401832460733 0.169328097731 0.0602530541012 0.00353403141361 0.0445462478185 0.0471204188482
55 0.00527923211169 0.878752181501 0.000916230366492 0.00440663176265 0.00266143106457 0.00266143106457 0.00178883071553 4.3630017452e-05 0.00527923211169 0.00527923211169 0.00266143106457 0.00527923211169 0.00178883071553 0.00178883071553 0.00527923211169 0.00615183246073 0.00702443280977 0.00702443280977 0.00178883071553 0.000916230366492 0.0532286212914
56 0.0549738219895 0.00610820244328 0.00523560209424 0.0279232111693 0.00610820244328 0.086387434555 0.00523560209424 0.021815008726 0.0898778359511 0.0392670157068 0.0331588132635 0.0139616055846 0.0349040139616 0.0165794066318 0.0305410122164 0.0619546247818 0.0183246073298 0.0523560209424 0.00261780104712 0.00174520069808 0.39092495637
