POS A C D E F G H I K L M N P Q R S T V W Y -
1 0.00081499592502 0.0 0.0 0.0 0.00366748166259 0.0 0.00081499592502 0.00122249388753 0.00081499592502 0.00285248573757 0.0040749796251 0.0 0.00122249388753 0.0 0.00040749796251 0.00040749796251 0.00081499592502 0.00203748981255 0.00122249388753 0.00081499592502 0.978810105949
2 0.0 0.0 0.0 0.0 0.0146699266504 0.0 0.0 0.00040749796251 0.00081499592502 0.00244498777506 0.0 0.0 0.0 0.0 0.0 0.00122249388753 0.0 0.0 0.00244498777506 0.00081499592502 0.977180114099
3 0.0040749796251 0.00081499592502 0.00366748166259 0.00366748166259 0.00040749796251 0.00203748981255 0.0 0.0 0.00081499592502 0.0 0.0 0.00325998370008 0.0 0.00122249388753 0.00081499592502 0.00366748166259 0.00122249388753 0.00122249388753 0.00040749796251 0.0 0.972697636512
4 0.00122249388753 0.00081499592502 0.0040749796251 0.00203748981255 0.00040749796251 0.00122249388753 0.00122249388753 0.00040749796251 0.00122249388753 0.00122249388753 0.00040749796251 0.00488997555012 0.00040749796251 0.00122249388753 0.00855745721271 0.0040749796251 0.00244498777506 0.00081499592502 0.0 0.0 0.963325183374
5 0.00081499592502 0.00040749796251 0.0 0.0 0.0 0.00040749796251 0.0 0.00611246943765 0.00040749796251 0.0110024449878 0.00244498777506 0.00040749796251 0.0 0.0 0.0 0.0 0.00203748981255 0.0122249388753 0.0 0.00081499592502 0.962917685412
6 0.00203748981255 0.0 0.00203748981255 0.00366748166259 0.00122249388753 0.00081499592502 0.00081499592502 0.0 0.00325998370008 0.00366748166259 0.00040749796251 0.00203748981255 0.0081499592502 0.00081499592502 0.00203748981255 0.00488997555012 0.00366748166259 0.00162999185004 0.00040749796251 0.00040749796251 0.958027709861
7 0.0040749796251 0.0 0.00081499592502 0.00488997555012 0.00040749796251 0.00081499592502 0.00081499592502 0.00040749796251 0.00325998370008 0.00325998370008 0.00325998370008 0.00285248573757 0.00325998370008 0.00448247758761 0.00448247758761 0.00325998370008 0.00285248573757 0.0 0.0 0.00122249388753 0.955582722086
8 0.00937245313773 0.0 0.00122249388753 0.00122249388753 0.00162999185004 0.00366748166259 0.00040749796251 0.00611246943765 0.00244498777506 0.0118174409128 0.00162999185004 0.0 0.00325998370008 0.00081499592502 0.00040749796251 0.00325998370008 0.00122249388753 0.00325998370008 0.0 0.00325998370008 0.944987775061
9 0.00611246943765 0.0 0.00122249388753 0.00488997555012 0.00162999185004 0.00448247758761 0.00040749796251 0.00122249388753 0.00692746536267 0.00285248573757 0.00040749796251 0.0 0.0138549307253 0.00325998370008 0.00244498777506 0.0040749796251 0.00285248573757 0.00122249388753 0.0 0.00081499592502 0.941320293399
10 0.0040749796251 0.00040749796251 0.00122249388753 0.00366748166259 0.00040749796251 0.00162999185004 0.00040749796251 0.00244498777506 0.0040749796251 0.00285248573757 0.00040749796251 0.00040749796251 0.0264873675632 0.00285248573757 0.00081499592502 0.00366748166259 0.00285248573757 0.00325998370008 0.0 0.00040749796251 0.937652811736
11 0.00081499592502 0.0 0.0240423797881 0.00325998370008 0.00122249388753 0.00203748981255 0.00081499592502 0.00162999185004 0.00203748981255 0.00162999185004 0.0 0.0040749796251 0.00081499592502 0.00122249388753 0.00081499592502 0.0134474327628 0.00081499592502 0.00081499592502 0.0 0.0040749796251 0.936430317848
12 0.0081499592502 0.0 0.00244498777506 0.00611246943765 0.00122249388753 0.00488997555012 0.00040749796251 0.00162999185004 0.00611246943765 0.00285248573757 0.00040749796251 0.00244498777506 0.0171149144254 0.00081499592502 0.00081499592502 0.00651996740016 0.00285248573757 0.00285248573757 0.0 0.00040749796251 0.931947840261
13 0.00203748981255 0.0 0.0 0.00203748981255 0.00285248573757 0.00081499592502 0.00081499592502 0.0321923390383 0.00040749796251 0.0040749796251 0.00203748981255 0.00122249388753 0.00081499592502 0.0 0.00081499592502 0.00122249388753 0.00611246943765 0.00774246128769 0.00244498777506 0.00122249388753 0.931132844336
14 0.00366748166259 0.00040749796251 0.00162999185004 0.00203748981255 0.018337408313 0.00244498777506 0.00081499592502 0.00285248573757 0.00081499592502 0.0154849225754 0.00244498777506 0.00081499592502 0.00040749796251 0.00081499592502 0.00733496332518 0.00203748981255 0.00244498777506 0.00285248573757 0.00040749796251 0.00040749796251 0.931540342298
15 0.0122249388753 0.0 0.00162999185004 0.00774246128769 0.00081499592502 0.0081499592502 0.00081499592502 0.00122249388753 0.00692746536267 0.00081499592502 0.00040749796251 0.00203748981255 0.00081499592502 0.00529747351263 0.00733496332518 0.00651996740016 0.00448247758761 0.00162999185004 0.0 0.00081499592502 0.930317848411
16 0.00366748166259 0.00040749796251 0.00040749796251 0.0 0.00122249388753 0.00122249388753 0.00040749796251 0.0158924205379 0.00162999185004 0.0244498777506 0.00325998370008 0.0 0.00122249388753 0.0040749796251 0.0 0.00203748981255 0.00285248573757 0.00896495517522 0.00081499592502 0.00040749796251 0.927057864711
17 0.0138549307253 0.00081499592502 0.00162999185004 0.00203748981255 0.00285248573757 0.00325998370008 0.00203748981255 0.00244498777506 0.00203748981255 0.00366748166259 0.0040749796251 0.00611246943765 0.0 0.00366748166259 0.00203748981255 0.0142624286879 0.00651996740016 0.0040749796251 0.0 0.00081499592502 0.923797881011
18 0.0142624286879 0.0 0.00896495517522 0.0105949470253 0.0 0.00488997555012 0.00081499592502 0.00122249388753 0.00733496332518 0.00122249388753 0.00040749796251 0.00448247758761 0.00081499592502 0.00651996740016 0.00611246943765 0.00448247758761 0.00448247758761 0.00081499592502 0.0 0.0 0.922575387123
19 0.0101874490628 0.0 0.00325998370008 0.0118174409128 0.00122249388753 0.00285248573757 0.00203748981255 0.00285248573757 0.00977995110024 0.0110024449878 0.00040749796251 0.00122249388753 0.00203748981255 0.00651996740016 0.00896495517522 0.00366748166259 0.00081499592502 0.00040749796251 0.0 0.00081499592502 0.920130399348
20 0.0244498777506 0.00203748981255 0.00285248573757 0.00488997555012 0.0167074164629 0.00122249388753 0.00040749796251 0.00570497147514 0.00122249388753 0.0138549307253 0.00203748981255 0.00040749796251 0.00285248573757 0.00285248573757 0.00203748981255 0.00448247758761 0.00366748166259 0.0081499592502 0.00285248573757 0.0134474327628 0.883863080685
21 0.0134474327628 0.0 0.00448247758761 0.00529747351263 0.00122249388753 0.00651996740016 0.00244498777506 0.00162999185004 0.0195599022005 0.00488997555012 0.00285248573757 0.00733496332518 0.00162999185004 0.0081499592502 0.0134474327628 0.00692746536267 0.00366748166259 0.00285248573757 0.0 0.0 0.893643031785
22 0.0232273838631 0.00203748981255 0.00488997555012 0.0118174409128 0.00162999185004 0.00651996740016 0.00081499592502 0.00366748166259 0.0122249388753 0.00611246943765 0.00203748981255 0.00611246943765 0.0040749796251 0.00448247758761 0.00774246128769 0.00733496332518 0.00488997555012 0.00651996740016 0.0 0.00285248573757 0.881010594947
23 0.0154849225754 0.0 0.0305623471883 0.00855745721271 0.00081499592502 0.00244498777506 0.00081499592502 0.00244498777506 0.00529747351263 0.00937245313773 0.00325998370008 0.00529747351263 0.00285248573757 0.0040749796251 0.00977995110024 0.00774246128769 0.00692746536267 0.00692746536267 0.00122249388753 0.00122249388753 0.874898125509
24 0.0105949470253 0.00040749796251 0.00570497147514 0.00977995110024 0.00040749796251 0.00570497147514 0.00162999185004 0.00570497147514 0.0175224123879 0.0040749796251 0.00081499592502 0.00529747351263 0.0154849225754 0.00366748166259 0.00977995110024 0.0081499592502 0.0122249388753 0.00692746536267 0.00081499592502 0.00448247758761 0.870823145884
25 0.0142624286879 0.0 0.0154849225754 0.0126324368378 0.0040749796251 0.0195599022005 0.00570497147514 0.00325998370008 0.00651996740016 0.00611246943765 0.00244498777506 0.0138549307253 0.0118174409128 0.00692746536267 0.0146699266504 0.0154849225754 0.0081499592502 0.00651996740016 0.0 0.00366748166259 0.828850855746
26 0.0273023634882 0.00040749796251 0.0362673186634 0.0395273023635 0.0040749796251 0.0240423797881 0.0118174409128 0.00692746536267 0.0444172779136 0.0110024449878 0.00285248573757 0.0158924205379 0.0741646291769 0.018337408313 0.0301548492258 0.0289323553382 0.0171149144254 0.0114099429503 0.00040749796251 0.00325998370008 0.591687041565
27 0.021597392013 0.00162999185004 0.10065199674 0.0440097799511 0.00366748166259 0.0745721271394 0.0122249388753 0.00651996740016 0.038304808476 0.00733496332518 0.00366748166259 0.0334148329258 0.0342298288509 0.0175224123879 0.0187449062755 0.0224123879381 0.0154849225754 0.00855745721271 0.00081499592502 0.00937245313773 0.525264873676
28 0.0362673186634 0.00611246943765 0.00774246128769 0.0101874490628 0.0134474327628 0.00896495517522 0.00366748166259 0.0635696821516 0.0338223308883 0.0660146699267 0.0211898940505 0.0040749796251 0.0211898940505 0.00937245313773 0.0158924205379 0.0130399348003 0.0154849225754 0.115729421353 0.00488997555012 0.0195599022005 0.5097799511
29 0.0167074164629 0.00448247758761 0.00325998370008 0.00081499592502 0.0158924205379 0.00285248573757 0.00611246943765 0.204971475143 0.00203748981255 0.0973920130399 0.00611246943765 0.00162999185004 0.00122249388753 0.00040749796251 0.00733496332518 0.0040749796251 0.0150774246129 0.0729421352893 0.00040749796251 0.0350448247759 0.501222493888
30 0.0162999185004 0.00285248573757 0.129584352078 0.00855745721271 0.0081499592502 0.00977995110024 0.018337408313 0.0040749796251 0.0134474327628 0.00733496332518 0.00896495517522 0.108394458028 0.0668296658517 0.00529747351263 0.0179299103504 0.0594947025265 0.00285248573757 0.00529747351263 0.00040749796251 0.00651996740016 0.499592502037
31 0.021597392013 0.00529747351263 0.00122249388753 0.0 0.114506927465 0.00448247758761 0.00203748981255 0.00529747351263 0.00162999185004 0.272208638957 0.0464547677262 0.00081499592502 0.00366748166259 0.0 0.00162999185004 0.00448247758761 0.00162999185004 0.0101874490628 0.00162999185004 0.00366748166259 0.497555012225
32 0.075814995925 0.0114303178484 0.0146903015485 0.0114303178484 0.00450285248574 0.094152404238 0.00654034229829 0.00328035859821 0.00368785656072 0.00735533822331 0.00368785656072 0.034250203749 0.0028728606357 0.00654034229829 0.0102078239609 0.116972290139 0.0464751426243 0.00654034229829 0.0395476772616 0.00205786471068 0.497962510187
33 0.0374898125509 0.00325998370008 0.00570497147514 0.00651996740016 0.0110024449878 0.0342298288509 0.020782396088 0.0847595762021 0.00692746536267 0.0448247758761 0.0138549307253 0.00977995110024 0.0134474327628 0.0256723716381 0.00855745721271 0.0550122249389 0.0289323553382 0.0770171149144 0.00448247758761 0.00937245313773 0.49837000815
34 0.0880195599022 0.00448247758761 0.00692746536267 0.00203748981255 0.00081499592502 0.250611246944 0.00203748981255 0.00162999185004 0.00081499592502 0.00285248573757 0.00081499592502 0.0517522412388 0.00366748166259 0.00203748981255 0.0040749796251 0.0187449062755 0.0040749796251 0.0040749796251 0.00040749796251 0.0040749796251 0.546047269764
35 0.0260798696007 0.00285248573757 0.104319478403 0.0660146699267 0.00448247758761 0.00896495517522 0.00488997555012 0.0122249388753 0.00325998370008 0.0211898940505 0.0130399348003 0.039119804401 0.00244498777506 0.019967400163 0.00529747351263 0.0350448247759 0.0146699266504 0.0256723716381 0.00122249388753 0.00692746536267 0.582314588427
36 0.0126324368378 0.00366748166259 0.00448247758761 0.00611246943765 0.0264873675632 0.00570497147514 0.00448247758761 0.00448247758761 0.00285248573757 0.0171149144254 0.0040749796251 0.00896495517522 0.0749796251019 0.00325998370008 0.00448247758761 0.0158924205379 0.00896495517522 0.0134474327628 0.00325998370008 0.0757946210269 0.698859005705
37 0.00937245313773 0.00325998370008 0.0171149144254 0.00325998370008 0.00651996740016 0.00611246943765 0.00285248573757 0.00977995110024 0.00488997555012 0.0660146699267 0.0533822330888 0.00244498777506 0.118174409128 0.00325998370008 0.0162999185004 0.0110024449878 0.0171149144254 0.0134474327628 0.00040749796251 0.00733496332518 0.627954360228
38 0.0273227383863 0.00205786471068 0.102709861451 0.00980032599837 0.00572534637327 0.0387326813366 0.00898533007335 0.0028728606357 0.00205786471068 0.00491035044825 0.00205786471068 0.0313977180114 0.0187652811736 0.00328035859821 0.00531784841076 0.0216177669112 0.00898533007335 0.00409535452323 0.000427872860636 0.00205786471068 0.696821515892
39 0.0240423797881 0.00040749796251 0.0138549307253 0.0330073349633 0.0162999185004 0.00366748166259 0.00488997555012 0.0101874490628 0.00570497147514 0.040749796251 0.00325998370008 0.0114099429503 0.0517522412388 0.00325998370008 0.00692746536267 0.0142624286879 0.0118174409128 0.00937245313773 0.00285248573757 0.00651996740016 0.725753871231
40 0.0338223308883 0.00122249388753 0.039934800326 0.0293398533007 0.00651996740016 0.0118174409128 0.00611246943765 0.00244498777506 0.00611246943765 0.00977995110024 0.00162999185004 0.0203748981255 0.0081499592502 0.00937245313773 0.0134474327628 0.0440097799511 0.0101874490628 0.00611246943765 0.00122249388753 0.00529747351263 0.733088834556
41 0.0256723716381 0.00244498777506 0.0122249388753 0.00896495517522 0.00692746536267 0.0656071719641 0.00937245313773 0.00855745721271 0.00488997555012 0.0619396903015 0.0081499592502 0.00611246943765 0.00774246128769 0.00977995110024 0.0130399348003 0.0175224123879 0.0122249388753 0.00855745721271 0.00040749796251 0.00570497147514 0.704156479218
42 0.0134474327628 0.0040749796251 0.0937245313773 0.0150774246129 0.0680521597392 0.00855745721271 0.0256723716381 0.0162999185004 0.0142624286879 0.0427872860636 0.00366748166259 0.0325998370008 0.00937245313773 0.00937245313773 0.0114099429503 0.0175224123879 0.0167074164629 0.00733496332518 0.00203748981255 0.00855745721271 0.579462102689
43 0.0179299103504 0.00203748981255 0.0150774246129 0.0101874490628 0.0827220863896 0.0158924205379 0.00448247758761 0.0110024449878 0.00937245313773 0.0289323553382 0.00366748166259 0.00366748166259 0.172371638142 0.00570497147514 0.00651996740016 0.0146699266504 0.018337408313 0.0130399348003 0.00040749796251 0.00855745721271 0.555419722901
44 0.0403422982885 0.00122249388753 0.020782396088 0.0281173594132 0.0142624286879 0.0138549307253 0.00692746536267 0.0179299103504 0.018337408313 0.0366748166259 0.00977995110024 0.00774246128769 0.0863895680522 0.0179299103504 0.0256723716381 0.0187449062755 0.0154849225754 0.0203748981255 0.0150774246129 0.0110024449878 0.573349633252
45 0.0293398533007 0.0162999185004 0.00570497147514 0.00733496332518 0.00285248573757 0.00529747351263 0.00325998370008 0.0244498777506 0.00692746536267 0.0346373268134 0.0134474327628 0.00244498777506 0.0346373268134 0.00448247758761 0.00244498777506 0.0134474327628 0.0676446617767 0.0684596577017 0.00244498777506 0.00651996740016 0.647921760391
46 0.0444172779136 0.00692746536267 0.0179299103504 0.00977995110024 0.0236348818256 0.00488997555012 0.0171149144254 0.0220048899756 0.0179299103504 0.0423797881011 0.00611246943765 0.0105949470253 0.166666666667 0.0081499592502 0.0118174409128 0.0224123879381 0.0142624286879 0.0167074164629 0.00244498777506 0.00733496332518 0.526487367563
47 0.0485126324368 2.03748981255e-05 0.0578850855746 0.0794824775876 0.00328035859821 0.0146903015485 0.00409535452323 0.00898533007335 0.0432151589242 0.0155052974735 0.000835370823146 0.0138753056235 0.103117359413 0.036695191524 0.0318052159739 0.0252852485738 0.0138753056235 0.00613284433578 0.00124286878566 0.00124286878566 0.4902200489
48 0.0957620211899 0.0118174409128 0.020782396088 0.059087204564 0.0260798696007 0.0195599022005 0.0236348818256 0.018337408313 0.0228198859006 0.0297473512632 0.00488997555012 0.0114099429503 0.0358598207009 0.0162999185004 0.019152404238 0.039934800326 0.0211898940505 0.0309698451508 0.00366748166259 0.00937245313773 0.479625101874
49 0.0444172779136 0.00285248573757 0.00162999185004 0.00285248573757 0.0281173594132 0.00203748981255 0.00040749796251 0.119804400978 0.00162999185004 0.099837000815 0.019152404238 0.00040749796251 0.00285248573757 0.00122249388753 0.00203748981255 0.00651996740016 0.00733496332518 0.151589242054 0.0281173594132 0.00855745721271 0.468622656887
50 0.0509372453138 0.00570497147514 0.0118174409128 0.0146699266504 0.00896495517522 0.0105949470253 0.0118174409128 0.0525672371638 0.0635696821516 0.0468622656887 0.0081499592502 0.00977995110024 0.00611246943765 0.039119804401 0.0863895680522 0.0273023634882 0.0256723716381 0.0395273023635 0.00122249388753 0.00488997555012 0.474327628362
51 0.0509372453138 0.00081499592502 0.0721271393643 0.119396903015 0.00203748981255 0.00611246943765 0.0081499592502 0.0040749796251 0.0554197229014 0.00937245313773 0.00162999185004 0.019152404238 0.00855745721271 0.0501222493888 0.0570497147514 0.0281173594132 0.0134474327628 0.00325998370008 0.00203748981255 0.00366748166259 0.484515077425
52 0.240831295844 0.00977995110024 0.00570497147514 0.0220048899756 0.00855745721271 0.0203748981255 0.00774246128769 0.0187449062755 0.0175224123879 0.0301548492258 0.00488997555012 0.00488997555012 0.00244498777506 0.00570497147514 0.0146699266504 0.0220048899756 0.0224123879381 0.0268948655257 0.00122249388753 0.0126324368378 0.500814995925
53 0.0562347188264 0.00570497147514 0.00366748166259 0.0150774246129 0.0252648736756 0.00937245313773 0.00325998370008 0.0594947025265 0.00570497147514 0.148329258354 0.0387123064385 0.00162999185004 0.00162999185004 0.0122249388753 0.00937245313773 0.0146699266504 0.0228198859006 0.0513447432763 0.00203748981255 0.0142624286879 0.499185004075
54 0.0460472697637 0.00040749796251 0.0346373268134 0.0635696821516 0.00448247758761 0.0118174409128 0.0105949470253 0.00896495517522 0.0586797066015 0.018337408313 0.00162999185004 0.0281173594132 0.00529747351263 0.0488997555012 0.0733496332518 0.0301548492258 0.0179299103504 0.0081499592502 0.00203748981255 0.00448247758761 0.522412387938
55 0.114506927465 0.0040749796251 0.0179299103504 0.0468622656887 0.00611246943765 0.00937245313773 0.00977995110024 0.0114099429503 0.0281173594132 0.0211898940505 0.00325998370008 0.0195599022005 0.00366748166259 0.0281173594132 0.0688671556642 0.0395273023635 0.0187449062755 0.0256723716381 0.00325998370008 0.0130399348003 0.506927465363
56 0.0525672371638 0.00325998370008 0.00448247758761 0.00529747351263 0.021597392013 0.00733496332518 0.00448247758761 0.0623471882641 0.00325998370008 0.130806845966 0.0228198859006 0.00855745721271 0.00325998370008 0.00244498777506 0.00651996740016 0.0138549307253 0.00937245313773 0.0562347188264 0.0110024449878 0.0305623471883 0.539934800326
57 0.0627546862266 0.00285248573757 0.0395273023635 0.0366748166259 0.00733496332518 0.0452322738386 0.00651996740016 0.0134474327628 0.0305623471883 0.0423797881011 0.00733496332518 0.0167074164629 0.0081499592502 0.0285248573757 0.0546047269764 0.0440097799511 0.0232273838631 0.0179299103504 0.00203748981255 0.00448247758761 0.505704971475
58 0.0248573757131 0.00162999185004 0.0334148329258 0.0440097799511 0.00162999185004 0.0105949470253 0.00611246943765 0.00692746536267 0.021597392013 0.00611246943765 0.00366748166259 0.020782396088 0.00570497147514 0.019152404238 0.0273023634882 0.0305623471883 0.0158924205379 0.00448247758761 0.00081499592502 0.00203748981255 0.71271393643
59 0.0228198859006 0.00081499592502 0.0252648736756 0.0162999185004 0.00285248573757 0.0309698451508 0.0040749796251 0.00488997555012 0.00896495517522 0.0142624286879 0.00611246943765 0.0187449062755 0.0550122249389 0.0101874490628 0.0146699266504 0.0211898940505 0.0175224123879 0.0110024449878 0.00162999185004 0.0040749796251 0.708638956805
60 0.0452322738386 0.00285248573757 0.0444172779136 0.0293398533007 0.0081499592502 0.0325998370008 0.0321923390383 0.0101874490628 0.0244498777506 0.0224123879381 0.00529747351263 0.0264873675632 0.0358598207009 0.0203748981255 0.0297473512632 0.0431947840261 0.0362673186634 0.0236348818256 0.00244498777506 0.00529747351263 0.5195599022
61 0.0346373268134 0.00325998370008 0.0403422982885 0.0464547677262 0.00855745721271 0.104319478403 0.019152404238 0.00651996740016 0.0342298288509 0.039934800326 0.00529747351263 0.0301548492258 0.0273023634882 0.0240423797881 0.0350448247759 0.0513447432763 0.0264873675632 0.0122249388753 0.00692746536267 0.00774246128769 0.436022819886
62 0.058272208639 0.0101874490628 0.0297473512632 0.0162999185004 0.0293398533007 0.019152404238 0.0171149144254 0.0497147514262 0.0179299103504 0.0973920130399 0.0134474327628 0.0252648736756 0.0167074164629 0.0130399348003 0.0114099429503 0.0513447432763 0.021597392013 0.0460472697637 0.0142624286879 0.0256723716381 0.416055419723
63 0.0301548492258 0.0081499592502 0.00692746536267 0.0081499592502 0.0672371638142 0.0305623471883 0.0472697636512 0.0126324368378 0.0130399348003 0.125509372453 0.0195599022005 0.0362673186634 0.00570497147514 0.0146699266504 0.0118174409128 0.0317848410758 0.0521597392013 0.0167074164629 0.00733496332518 0.0427872860636 0.411572942135
64 0.0440097799511 0.00244498777506 0.0248573757131 0.0342298288509 0.0101874490628 0.138141809291 0.0281173594132 0.00692746536267 0.0236348818256 0.0154849225754 0.00162999185004 0.0362673186634 0.0130399348003 0.0647921760391 0.0627546862266 0.0574572127139 0.0252648736756 0.00896495517522 0.00081499592502 0.0101874490628 0.390790546047
65 0.0122249388753 0.00366748166259 0.0040749796251 0.00448247758761 0.018337408313 0.00570497147514 0.00529747351263 0.00529747351263 0.00203748981255 0.0110024449878 0.00285248573757 0.00488997555012 0.0101874490628 0.00570497147514 0.00855745721271 0.0378973105134 0.00570497147514 0.00774246128769 0.00244498777506 0.451507742461 0.390383048085
66 0.059902200489 0.00692746536267 0.0236348818256 0.021597392013 0.00611246943765 0.105134474328 0.0130399348003 0.00937245313773 0.00529747351263 0.0264873675632 0.00488997555012 0.0122249388753 0.0835370823146 0.0289323553382 0.040749796251 0.0660146699267 0.0725346373268 0.0126324368378 0.00203748981255 0.0101874490628 0.388753056235
67 0.0370823145884 0.00203748981255 0.0672371638142 0.0293398533007 0.0138549307253 0.0240423797881 0.0150774246129 0.00651996740016 0.00774246128769 0.0440097799511 0.0101874490628 0.0187449062755 0.118174409128 0.018337408313 0.019152404238 0.0594947025265 0.0167074164629 0.0122249388753 0.00203748981255 0.0162999185004 0.461695191524
68 0.0488997555012 0.00285248573757 0.0309698451508 0.0175224123879 0.0236348818256 0.021597392013 0.00977995110024 0.0493072534637 0.0081499592502 0.0403422982885 0.0126324368378 0.020782396088 0.104726976365 0.0154849225754 0.0146699266504 0.0631621841891 0.0550122249389 0.0370823145884 0.00651996740016 0.0154849225754 0.401385493073
69 0.0709046454768 0.00774246128769 0.0330073349633 0.0431947840261 0.0142624286879 0.041564792176 0.0171149144254 0.0142624286879 0.0260798696007 0.0358598207009 0.0081499592502 0.0211898940505 0.0325998370008 0.0550122249389 0.0436022819886 0.0513447432763 0.0403422982885 0.0110024449878 0.00651996740016 0.0162999185004 0.409942950285
70 0.018337408313 0.00203748981255 0.0224123879381 0.0138549307253 0.00733496332518 0.433985330073 0.00529747351263 0.00896495517522 0.0040749796251 0.0187449062755 0.00285248573757 0.00651996740016 0.00692746536267 0.00448247758761 0.00977995110024 0.0110024449878 0.0114099429503 0.00855745721271 0.00244498777506 0.0150774246129 0.385900570497
71 0.0289323553382 0.00529747351263 0.0484922575387 0.0370823145884 0.0150774246129 0.00733496332518 0.0252648736756 0.0546047269764 0.00937245313773 0.111246943765 0.0105949470253 0.0330073349633 0.00896495517522 0.0142624286879 0.019152404238 0.0517522412388 0.0431947840261 0.0305623471883 0.00488997555012 0.0431947840261 0.39771801141
72 0.058272208639 0.00325998370008 0.0366748166259 0.0753871230644 0.0110024449878 0.0146699266504 0.0118174409128 0.0154849225754 0.0289323553382 0.0566422167889 0.00692746536267 0.0138549307253 0.139771801141 0.0338223308883 0.0305623471883 0.0321923390383 0.0342298288509 0.0130399348003 0.00325998370008 0.0105949470253 0.369600651997
73 0.0819070904645 0.00122249388753 0.0541972290139 0.165036674817 0.00570497147514 0.0330073349633 0.00977995110024 0.0101874490628 0.040749796251 0.0171149144254 0.0040749796251 0.0175224123879 0.0493072534637 0.0342298288509 0.0578647106764 0.0501222493888 0.0175224123879 0.0203748981255 0.00488997555012 0.00855745721271 0.31662591687
74 0.0537897310513 0.0081499592502 0.00733496332518 0.00733496332518 0.0949470252649 0.00325998370008 0.0195599022005 0.0268948655257 0.00203748981255 0.340260798696 0.00611246943765 0.00448247758761 0.00570497147514 0.0101874490628 0.00285248573757 0.00733496332518 0.0228198859006 0.0431947840261 0.00162999185004 0.0305623471883 0.301548492258
75 0.0228198859006 0.0118174409128 0.00122249388753 0.0342298288509 0.00774246128769 0.00488997555012 0.0309698451508 0.0301548492258 0.0594947025265 0.0488997555012 0.00366748166259 0.0142624286879 0.00203748981255 0.0150774246129 0.351263243684 0.0114099429503 0.0158924205379 0.0248573757131 0.00040749796251 0.0175224123879 0.291361043195
76 0.0786471067645 0.00081499592502 0.0529747351263 0.190301548492 0.00162999185004 0.0150774246129 0.0162999185004 0.00774246128769 0.079869600652 0.0171149144254 0.00325998370008 0.0334148329258 0.0040749796251 0.0937245313773 0.0541972290139 0.0354523227384 0.0330073349633 0.0110024449878 0.0 0.00285248573757 0.268541157294
77 0.275876120619 0.00529747351263 0.0126324368378 0.0672371638142 0.0081499592502 0.00855745721271 0.00774246128769 0.0211898940505 0.0325998370008 0.0529747351263 0.00488997555012 0.0118174409128 0.00122249388753 0.0419722901385 0.0411572942135 0.0623471882641 0.0346373268134 0.0228198859006 0.0146699266504 0.00488997555012 0.267318663407
78 0.0660146699267 0.0081499592502 0.00040749796251 0.00040749796251 0.0533822330888 0.0211898940505 0.00040749796251 0.198451507742 0.00122249388753 0.209046454768 0.0167074164629 0.0 0.00040749796251 0.00244498777506 0.00081499592502 0.00488997555012 0.0122249388753 0.122656886716 0.00651996740016 0.0081499592502 0.266503667482
79 0.342298288509 0.0240423797881 0.00285248573757 0.0533822330888 0.00325998370008 0.018337408313 0.00325998370008 0.0297473512632 0.0256723716381 0.0240423797881 0.00733496332518 0.00325998370008 0.00122249388753 0.0289323553382 0.0256723716381 0.0733496332518 0.0228198859006 0.039934800326 0.00081499592502 0.00285248573757 0.266911165444
80 0.079869600652 0.00285248573757 0.0786471067645 0.111246943765 0.00325998370008 0.0431947840261 0.0232273838631 0.00488997555012 0.080684596577 0.0122249388753 0.00122249388753 0.0497147514262 0.00651996740016 0.0603096984515 0.0831295843521 0.0505297473513 0.0256723716381 0.0040749796251 0.0040749796251 0.00448247758761 0.270171149144
81 0.0248573757131 0.00081499592502 0.0130399348003 0.0236348818256 0.101466992665 0.00488997555012 0.0480847595762 0.0171149144254 0.0448247758761 0.107986960065 0.0162999185004 0.00244498777506 0.00081499592502 0.0114099429503 0.0611246943765 0.0114099429503 0.00774246128769 0.0154849225754 0.11858190709 0.0973920130399 0.270578647107
82 0.0232273838631 0.0105949470253 0.00040749796251 0.00937245313773 0.0668296658517 0.00285248573757 0.021597392013 0.0737571312143 0.00081499592502 0.248166259169 0.038304808476 0.00488997555012 0.00325998370008 0.0175224123879 0.00570497147514 0.00937245313773 0.0158924205379 0.0541972290139 0.0081499592502 0.0920945395273 0.292991035045
83 0.0819070904645 0.00488997555012 0.0167074164629 0.0354523227384 0.0366748166259 0.0876120619397 0.0179299103504 0.00529747351263 0.0505297473513 0.0452322738386 0.00692746536267 0.0696821515892 0.00325998370008 0.0305623471883 0.0484922575387 0.0603096984515 0.0224123879381 0.00977995110024 0.0040749796251 0.0256723716381 0.336593317033
84 0.0419722901385 0.00122249388753 0.0338223308883 0.0562347188264 0.00203748981255 0.0851670741646 0.0167074164629 0.00855745721271 0.058272208639 0.0154849225754 0.00244498777506 0.0264873675632 0.0114099429503 0.0346373268134 0.0884270578647 0.0370823145884 0.0256723716381 0.0150774246129 0.00122249388753 0.00488997555012 0.433170334148
85 0.0252648736756 0.00488997555012 0.0232273838631 0.0423797881011 0.0358598207009 0.00733496332518 0.0232273838631 0.0195599022005 0.0330073349633 0.0366748166259 0.0081499592502 0.0158924205379 0.0105949470253 0.0293398533007 0.099837000815 0.0273023634882 0.0211898940505 0.0285248573757 0.0134474327628 0.0154849225754 0.478810105949
86 0.0118174409128 0.00325998370008 0.0330073349633 0.0179299103504 0.0448247758761 0.0464547677262 0.0517522412388 0.00977995110024 0.021597392013 0.039119804401 0.00570497147514 0.0232273838631 0.00977995110024 0.0195599022005 0.0358598207009 0.0273023634882 0.0130399348003 0.00896495517522 0.00611246943765 0.0558272208639 0.515077424613
87 0.0236348818256 0.00325998370008 0.019967400163 0.0101874490628 0.0114099429503 0.118989405053 0.0105949470253 0.0387123064385 0.0142624286879 0.0289323553382 0.00651996740016 0.0354523227384 0.0118174409128 0.0187449062755 0.0256723716381 0.0268948655257 0.00937245313773 0.0293398533007 0.00203748981255 0.0110024449878 0.543194784026
88 0.0281173594132 0.00774246128769 0.0240423797881 0.0211898940505 0.0110024449878 0.0252648736756 0.0154849225754 0.0252648736756 0.0244498777506 0.0334148329258 0.00692746536267 0.0150774246129 0.0334148329258 0.0162999185004 0.021597392013 0.0232273838631 0.0248573757131 0.0436022819886 0.0289323553382 0.0175224123879 0.552567237164
89 0.0293398533007 0.00203748981255 0.0240423797881 0.0346373268134 0.00325998370008 0.00855745721271 0.00651996740016 0.00937245313773 0.018337408313 0.0081499592502 0.00081499592502 0.0175224123879 0.0350448247759 0.0126324368378 0.0105949470253 0.0228198859006 0.0167074164629 0.00977995110024 0.00122249388753 0.00325998370008 0.725346373268
90 0.0774246128769 0.0313773431133 0.0081499592502 0.00896495517522 0.0175224123879 0.0101874490628 0.00244498777506 0.0880195599022 0.00448247758761 0.0700896495518 0.00488997555012 0.00325998370008 0.0126324368378 0.00285248573757 0.00570497147514 0.0150774246129 0.0301548492258 0.116136919315 0.00448247758761 0.0244498777506 0.461695191524
91 0.0354523227384 0.00366748166259 0.116544417278 0.059902200489 0.00162999185004 0.0228198859006 0.0101874490628 0.00651996740016 0.0395273023635 0.00937245313773 0.00203748981255 0.0334148329258 0.0444172779136 0.0277098614507 0.0211898940505 0.0676446617767 0.0517522412388 0.0081499592502 0.00162999185004 0.00285248573757 0.433577832111
92 0.0872045639772 0.00244498777506 0.0224123879381 0.0460472697637 0.00325998370008 0.0158924205379 0.00733496332518 0.0130399348003 0.0321923390383 0.0114099429503 0.00325998370008 0.0146699266504 0.199266503667 0.0118174409128 0.0228198859006 0.0374898125509 0.0293398533007 0.0203748981255 0.0040749796251 0.0081499592502 0.40749796251
93 0.041564792176 0.00122249388753 0.172371638142 0.19804400978 0.00488997555012 0.0289323553382 0.0130399348003 0.00162999185004 0.0387123064385 0.00692746536267 0.00366748166259 0.039119804401 0.0187449062755 0.0313773431133 0.0236348818256 0.0476772616137 0.021597392013 0.00366748166259 0.00570497147514 0.00692746536267 0.29054604727
94 0.0277098614507 0.0101874490628 0.0916870415648 0.11695191524 0.00651996740016 0.0175224123879 0.0452322738386 0.00325998370008 0.020782396088 0.00692746536267 0.00896495517522 0.102689486553 0.00244498777506 0.0933170334148 0.0721271393643 0.0362673186634 0.0171149144254 0.00488997555012 0.0309698451508 0.0101874490628 0.274246128769
95 0.0452322738386 0.0171149144254 0.00040749796251 0.00203748981255 0.019967400163 0.00448247758761 0.00122249388753 0.248166259169 0.0 0.0961695191524 0.0158924205379 0.00122249388753 0.00203748981255 0.00162999185004 0.00040749796251 0.0110024449878 0.0171149144254 0.199266503667 0.00325998370008 0.00448247758761 0.308883455583
96 0.0195599022005 0.0040749796251 0.0040749796251 0.0162999185004 0.00366748166259 0.00366748166259 0.00366748166259 0.00977995110024 0.00162999185004 0.0195599022005 0.00244498777506 0.00692746536267 0.00081499592502 0.00611246943765 0.00244498777506 0.00651996740016 0.00488997555012 0.021597392013 0.00040749796251 0.00162999185004 0.860228198859
97 0.0126324368378 0.00570497147514 0.0 0.00162999185004 0.0081499592502 0.00774246128769 0.00040749796251 0.0334148329258 0.0 0.0150774246129 0.00244498777506 0.00040749796251 0.00651996740016 0.00122249388753 0.0 0.0110024449878 0.00855745721271 0.0444172779136 0.00040749796251 0.00285248573757 0.837408312958
98 0.0847595762021 0.0236348818256 0.00081499592502 0.0040749796251 0.0525672371638 0.0081499592502 0.00896495517522 0.121434392828 0.00692746536267 0.184189079055 0.0387123064385 0.00325998370008 0.00244498777506 0.0118174409128 0.019152404238 0.0175224123879 0.0305623471883 0.179299103504 0.00325998370008 0.0118174409128 0.18663406683
99 0.0456397718011 0.0134474327628 0.00162999185004 0.00244498777506 0.103096984515 0.00774246128769 0.00651996740016 0.141809290954 0.00203748981255 0.146699266504 0.0203748981255 0.0040749796251 0.0448247758761 0.0248573757131 0.00448247758761 0.019152404238 0.0309698451508 0.171556642217 0.0040749796251 0.021597392013 0.182966585167
100 0.0554197229014 0.0374898125509 0.00122249388753 0.00203748981255 0.0635696821516 0.0843520782396 0.00651996740016 0.021597392013 0.0 0.0464547677262 0.0110024449878 0.0105949470253 0.00611246943765 0.00692746536267 0.00162999185004 0.0631621841891 0.341483292584 0.0941320293399 0.00040749796251 0.0154849225754 0.130399348003
101 0.105154849226 0.0155052974735 0.0155052974735 0.0118378158109 0.00491035044825 0.0448451507742 0.0269152404238 0.0224327628362 0.015097799511 0.0285452322738 0.00898533007335 0.146719641402 0.120639771801 0.016727791361 0.0232477587612 0.145089649552 0.0680725346373 0.0362876935615 0.00165036674817 0.014282803586 0.127546862266
102 0.0130399348003 0.0081499592502 0.0150774246129 0.00285248573757 0.00162999185004 0.542379788101 0.00162999185004 0.00081499592502 0.00122249388753 0.00081499592502 0.00081499592502 0.0627546862266 0.00285248573757 0.00081499592502 0.00896495517522 0.167074164629 0.0346373268134 0.00122249388753 0.00081499592502 0.00122249388753 0.131214343928
103 0.229828850856 0.0301548492258 0.00325998370008 0.0040749796251 0.00611246943765 0.233088834556 0.00122249388753 0.0256723716381 0.0 0.018337408313 0.00611246943765 0.00325998370008 0.00651996740016 0.00203748981255 0.00325998370008 0.119396903015 0.0851670741646 0.0904645476773 0.00162999185004 0.00325998370008 0.127139364303
104 0.0395273023635 0.00774246128769 0.020782396088 0.0114099429503 0.0162999185004 0.0171149144254 0.0130399348003 0.0268948655257 0.0493072534637 0.0358598207009 0.0362673186634 0.020782396088 0.00040749796251 0.114914425428 0.0297473512632 0.141809290954 0.211491442543 0.0370823145884 0.00651996740016 0.0342298288509 0.128769356153
105 0.0855745721271 0.00611246943765 0.0562347188264 0.180929095355 0.00937245313773 0.0802770986145 0.059087204564 0.0101874490628 0.00162999185004 0.0236348818256 0.0232273838631 0.0317848410758 0.0346373268134 0.114506927465 0.0081499592502 0.0786471067645 0.039119804401 0.0110024449878 0.00162999185004 0.018337408313 0.125916870416
106 0.428687856561 0.00774246128769 0.00244498777506 0.00081499592502 0.00651996740016 0.20945395273 0.00040749796251 0.0256723716381 0.0 0.0688671556642 0.00529747351263 0.00244498777506 0.00529747351263 0.00040749796251 0.00122249388753 0.0627546862266 0.020782396088 0.0248573757131 0.0 0.00040749796251 0.125916870416
107 0.0171149144254 0.0081499592502 0.00325998370008 0.00325998370008 0.0509372453138 0.00448247758761 0.0040749796251 0.21434392828 0.00122249388753 0.324775876121 0.0468622656887 0.0766096169519 0.00040749796251 0.00203748981255 0.00122249388753 0.00733496332518 0.020782396088 0.0725346373268 0.00488997555012 0.0101874490628 0.125509372453
108 0.0884270578647 0.00692746536267 0.0745721271394 0.0566422167889 0.0647921760391 0.0228198859006 0.039934800326 0.0211898940505 0.0118174409128 0.0586797066015 0.0236348818256 0.0762021189894 0.00162999185004 0.0317848410758 0.039934800326 0.0810920945395 0.0529747351263 0.0366748166259 0.0118174409128 0.0684596577017 0.129991850041
109 0.137734311328 0.0179299103504 0.0110024449878 0.00855745721271 0.0277098614507 0.0334148329258 0.0224123879381 0.080684596577 0.0154849225754 0.221271393643 0.0374898125509 0.0330073349633 0.00162999185004 0.019152404238 0.0171149144254 0.0427872860636 0.060717196414 0.0594947025265 0.00692746536267 0.0187449062755 0.126731866341
110 0.227383863081 0.019152404238 0.00040749796251 0.00040749796251 0.0305623471883 0.0228198859006 0.00040749796251 0.136511817441 0.00081499592502 0.177669111654 0.0162999185004 0.0 0.00285248573757 0.0 0.00203748981255 0.0350448247759 0.0521597392013 0.144661776691 0.00244498777506 0.00285248573757 0.125509372453
111 0.125916870416 0.0289323553382 0.00122249388753 0.00122249388753 0.0831295843521 0.0171149144254 0.00203748981255 0.140994295029 0.00122249388753 0.240423797881 0.0472697636512 0.00488997555012 0.019152404238 0.0040749796251 0.00203748981255 0.0342298288509 0.0228198859006 0.0794621026895 0.00162999185004 0.0122249388753 0.129991850041
112 0.0513447432763 0.00529747351263 0.0334148329258 0.0529747351263 0.0252648736756 0.0240423797881 0.0297473512632 0.0114099429503 0.0546047269764 0.079054604727 0.040749796251 0.0411572942135 0.0114099429503 0.0925020374898 0.152404237979 0.0770171149144 0.0387123064385 0.0118174409128 0.0118174409128 0.0195599022005 0.135696821516
113 0.213528932355 0.0309698451508 0.00448247758761 0.0105949470253 0.0228198859006 0.0631621841891 0.0114099429503 0.0350448247759 0.00488997555012 0.109209453953 0.0211898940505 0.0285248573757 0.00244498777506 0.0101874490628 0.0114099429503 0.0977995110024 0.0839445802771 0.0513447432763 0.00244498777506 0.0171149144254 0.167481662592
114 0.0537897310513 0.0167074164629 0.00162999185004 0.00203748981255 0.115729421353 0.0040749796251 0.00774246128769 0.079054604727 0.00203748981255 0.390383048085 0.0203748981255 0.00325998370008 0.00162999185004 0.00611246943765 0.0081499592502 0.0126324368378 0.0224123879381 0.0696821515892 0.00855745721271 0.0358598207009 0.138141809291
115 0.0937245313773 0.0635696821516 0.019967400163 0.0130399348003 0.0321923390383 0.039119804401 0.00570497147514 0.0448247758761 0.0358598207009 0.164629176854 0.0167074164629 0.0122249388753 0.0240423797881 0.0105949470253 0.0423797881011 0.0493072534637 0.0819070904645 0.0762021189894 0.00203748981255 0.00488997555012 0.167074164629
116 0.0468622656887 0.00529747351263 0.0880195599022 0.0778321108394 0.00937245313773 0.0476772616137 0.0110024449878 0.0126324368378 0.0684596577017 0.0334148329258 0.00366748166259 0.0766096169519 0.0293398533007 0.0440097799511 0.0692746536267 0.0484922575387 0.0240423797881 0.0142624286879 0.0105949470253 0.0040749796251 0.275061124694
117 0.0167074164629 0.00040749796251 0.0105949470253 0.0134474327628 0.00896495517522 0.0126324368378 0.00774246128769 0.00325998370008 0.0150774246129 0.0081499592502 0.00122249388753 0.00977995110024 0.0297473512632 0.0114099429503 0.0126324368378 0.0081499592502 0.00774246128769 0.00366748166259 0.00285248573757 0.00651996740016 0.809290953545
118 0.0081499592502 0.00203748981255 0.00570497147514 0.00366748166259 0.00570497147514 0.0126324368378 0.00162999185004 0.00529747351263 0.00529747351263 0.0110024449878 0.00244498777506 0.00203748981255 0.00570497147514 0.00203748981255 0.00937245313773 0.00570497147514 0.00244498777506 0.00488997555012 0.0 0.00570497147514 0.898533007335
