POS A C D E F G H I K L M N P Q R S T V W Y -
1 0.0004500450045 0.0 0.0 0.0 0.0031503150315 0.0 0.0004500450045 0.0013501350135 0.0004500450045 0.001800180018 0.002700270027 0.0 0.000900090009001 0.0 0.0 0.000900090009001 0.000900090009001 0.0022502250225 0.0004500450045 0.0013501350135 0.982898289829
2 0.0 0.0 0.0 0.0 0.0103510351035 0.0 0.0 0.0004500450045 0.000900090009001 0.0031503150315 0.0 0.0 0.0 0.0 0.0 0.000900090009001 0.0004500450045 0.0 0.001800180018 0.0004500450045 0.981548154815
3 0.0049504950495 0.0004500450045 0.003600360036 0.001800180018 0.0004500450045 0.001800180018 0.0 0.0 0.0004500450045 0.0 0.0 0.0022502250225 0.0 0.0004500450045 0.0004500450045 0.002700270027 0.000900090009001 0.001800180018 0.0004500450045 0.0 0.977497749775
4 0.001800180018 0.0004500450045 0.0040504050405 0.000900090009001 0.0004500450045 0.0013501350135 0.0013501350135 0.0004500450045 0.000900090009001 0.001800180018 0.0 0.0040504050405 0.0004500450045 0.0 0.0049504950495 0.0040504050405 0.001800180018 0.000900090009001 0.0 0.0 0.970297029703
5 0.000900090009001 0.0 0.0 0.0 0.0 0.0 0.0 0.0049504950495 0.0004500450045 0.00945094509451 0.000900090009001 0.0004500450045 0.0 0.0 0.0 0.0004500450045 0.0022502250225 0.00900090009001 0.0 0.000900090009001 0.970297029703
6 0.0022502250225 0.0 0.0013501350135 0.001800180018 0.0013501350135 0.0004500450045 0.000900090009001 0.0 0.003600360036 0.0031503150315 0.0 0.001800180018 0.00765076507651 0.0013501350135 0.0013501350135 0.003600360036 0.0031503150315 0.0013501350135 0.0 0.0 0.964896489649
7 0.004500450045 0.0 0.0004500450045 0.0040504050405 0.0004500450045 0.0013501350135 0.0 0.0 0.001800180018 0.0031503150315 0.001800180018 0.0013501350135 0.0022502250225 0.0040504050405 0.004500450045 0.002700270027 0.002700270027 0.0 0.0 0.002700270027 0.962196219622
8 0.00810081008101 0.0 0.0013501350135 0.0004500450045 0.000900090009001 0.002700270027 0.0004500450045 0.00585058505851 0.003600360036 0.00945094509451 0.0013501350135 0.0004500450045 0.0022502250225 0.001800180018 0.000900090009001 0.002700270027 0.0004500450045 0.001800180018 0.0 0.0004500450045 0.95499549955
9 0.00585058505851 0.0004500450045 0.0013501350135 0.0040504050405 0.0013501350135 0.002700270027 0.0004500450045 0.000900090009001 0.0049504950495 0.0031503150315 0.0004500450045 0.000900090009001 0.012601260126 0.001800180018 0.002700270027 0.004500450045 0.0022502250225 0.0004500450045 0.0 0.0013501350135 0.947794779478
10 0.003600360036 0.0004500450045 0.0013501350135 0.003600360036 0.0 0.0022502250225 0.0004500450045 0.002700270027 0.0031503150315 0.0031503150315 0.0 0.000900090009001 0.021602160216 0.0031503150315 0.0013501350135 0.002700270027 0.002700270027 0.0022502250225 0.0 0.0 0.944644464446
11 0.001800180018 0.0 0.0166516651665 0.0022502250225 0.0013501350135 0.001800180018 0.000900090009001 0.0031503150315 0.001800180018 0.002700270027 0.0 0.0040504050405 0.000900090009001 0.0013501350135 0.0013501350135 0.00945094509451 0.0022502250225 0.000900090009001 0.0 0.0031503150315 0.944194419442
12 0.00675067506751 0.0 0.0031503150315 0.0049504950495 0.000900090009001 0.001800180018 0.0004500450045 0.001800180018 0.00540054005401 0.0031503150315 0.0004500450045 0.0022502250225 0.015301530153 0.0004500450045 0.000900090009001 0.00585058505851 0.002700270027 0.003600360036 0.0 0.0 0.940144014401
13 0.002700270027 0.0 0.0 0.0022502250225 0.004500450045 0.000900090009001 0.0013501350135 0.0247524752475 0.0004500450045 0.004500450045 0.001800180018 0.0013501350135 0.0 0.0 0.0004500450045 0.001800180018 0.0049504950495 0.00675067506751 0.000900090009001 0.000900090009001 0.939693969397
14 0.003600360036 0.0004500450045 0.0013501350135 0.0013501350135 0.013501350135 0.001800180018 0.000900090009001 0.0031503150315 0.0013501350135 0.0121512151215 0.000900090009001 0.001800180018 0.0 0.0013501350135 0.00675067506751 0.0022502250225 0.001800180018 0.003600360036 0.0004500450045 0.000900090009001 0.940594059406
15 0.00990099009901 0.0 0.0022502250225 0.00540054005401 0.0 0.00675067506751 0.000900090009001 0.000900090009001 0.00810081008101 0.000900090009001 0.0004500450045 0.0022502250225 0.000900090009001 0.00540054005401 0.00630063006301 0.00720072007201 0.002700270027 0.000900090009001 0.0 0.000900090009001 0.937893789379
16 0.0040504050405 0.0004500450045 0.0 0.0004500450045 0.0013501350135 0.0022502250225 0.0004500450045 0.011701170117 0.0013501350135 0.021602160216 0.002700270027 0.0 0.000900090009001 0.002700270027 0.0004500450045 0.001800180018 0.0022502250225 0.00855085508551 0.000900090009001 0.0013501350135 0.934743474347
17 0.013501350135 0.000900090009001 0.0004500450045 0.0022502250225 0.001800180018 0.002700270027 0.0022502250225 0.0031503150315 0.001800180018 0.0040504050405 0.001800180018 0.00540054005401 0.0 0.0031503150315 0.001800180018 0.0121512151215 0.00630063006301 0.003600360036 0.0 0.000900090009001 0.93204320432
18 0.010801080108 0.0 0.00765076507651 0.00900090009001 0.0 0.00720072007201 0.001800180018 0.0004500450045 0.00585058505851 0.0013501350135 0.0 0.0040504050405 0.0022502250225 0.00540054005401 0.0049504950495 0.003600360036 0.0031503150315 0.0004500450045 0.0 0.0 0.93204320432
19 0.00945094509451 0.0 0.0031503150315 0.0121512151215 0.0013501350135 0.002700270027 0.0022502250225 0.0022502250225 0.00720072007201 0.00945094509451 0.0 0.0 0.0013501350135 0.004500450045 0.00810081008101 0.0040504050405 0.0013501350135 0.0004500450045 0.0 0.0004500450045 0.929792979298
20 0.019801980198 0.001800180018 0.0022502250225 0.004500450045 0.013501350135 0.000900090009001 0.0 0.0040504050405 0.0013501350135 0.0139513951395 0.002700270027 0.0004500450045 0.0022502250225 0.0013501350135 0.0022502250225 0.00585058505851 0.003600360036 0.00630063006301 0.002700270027 0.0157515751575 0.894689468947
21 0.013501350135 0.0 0.003600360036 0.003600360036 0.0013501350135 0.00720072007201 0.002700270027 0.001800180018 0.015301530153 0.00540054005401 0.0031503150315 0.0049504950495 0.001800180018 0.00855085508551 0.0112511251125 0.00585058505851 0.0022502250225 0.0049504950495 0.0 0.000900090009001 0.901890189019
22 0.0202520252025 0.0022502250225 0.0031503150315 0.010801080108 0.0013501350135 0.00540054005401 0.000900090009001 0.0040504050405 0.011701170117 0.00675067506751 0.001800180018 0.0049504950495 0.0049504950495 0.004500450045 0.00765076507651 0.00675067506751 0.00585058505851 0.0049504950495 0.0004500450045 0.0031503150315 0.888388838884
23 0.0112511251125 0.0 0.0301530153015 0.00900090009001 0.000900090009001 0.0022502250225 0.0013501350135 0.0022502250225 0.00630063006301 0.00540054005401 0.001800180018 0.004500450045 0.0031503150315 0.0040504050405 0.00855085508551 0.00675067506751 0.00585058505851 0.00765076507651 0.0013501350135 0.001800180018 0.885688568857
24 0.012601260126 0.0004500450045 0.0049504950495 0.00855085508551 0.000900090009001 0.00630063006301 0.000900090009001 0.0049504950495 0.0166516651665 0.003600360036 0.0 0.004500450045 0.0130513051305 0.003600360036 0.00675067506751 0.00675067506751 0.0130513051305 0.00675067506751 0.0 0.0031503150315 0.882538253825
25 0.010801080108 0.0004500450045 0.0139513951395 0.0112511251125 0.003600360036 0.014401440144 0.00810081008101 0.003600360036 0.0049504950495 0.00630063006301 0.001800180018 0.0130513051305 0.011701170117 0.00540054005401 0.015301530153 0.0148514851485 0.00720072007201 0.00720072007201 0.0 0.0031503150315 0.842934293429
26 0.025202520252 0.0004500450045 0.0301530153015 0.0364536453645 0.0031503150315 0.019801980198 0.010801080108 0.00720072007201 0.0355535553555 0.0112511251125 0.002700270027 0.0157515751575 0.0639063906391 0.01800180018 0.026102610261 0.0265526552655 0.0184518451845 0.00810081008101 0.000900090009001 0.0031503150315 0.636363636364
27 0.020702070207 0.0013501350135 0.0805580558056 0.034203420342 0.003600360036 0.0679567956796 0.0112511251125 0.00585058505851 0.0337533753375 0.00765076507651 0.002700270027 0.0319531953195 0.035103510351 0.016201620162 0.01800180018 0.020702070207 0.0148514851485 0.00855085508551 0.000900090009001 0.00765076507651 0.576507650765
28 0.034203420342 0.00675067506751 0.00720072007201 0.010801080108 0.012601260126 0.00765076507651 0.004500450045 0.0580558055806 0.0301530153015 0.0603060306031 0.0175517551755 0.0031503150315 0.0175517551755 0.00765076507651 0.016201620162 0.0103510351035 0.013501350135 0.0985598559856 0.00945094509451 0.0166516651665 0.557155715572
29 0.014401440144 0.00675067506751 0.0031503150315 0.0013501350135 0.014401440144 0.002700270027 0.0049504950495 0.1800180018 0.000900090009001 0.0850585058506 0.00585058505851 0.0040504050405 0.0004500450045 0.0004500450045 0.0049504950495 0.00585058505851 0.015301530153 0.0679567956796 0.0 0.030603060306 0.550855085509
30 0.016201620162 0.002700270027 0.126462646265 0.00675067506751 0.00630063006301 0.00765076507651 0.0184518451845 0.00540054005401 0.0121512151215 0.00540054005401 0.00675067506751 0.0958595859586 0.0513051305131 0.0049504950495 0.0175517551755 0.0517551755176 0.002700270027 0.003600360036 0.0004500450045 0.00765076507651 0.5499549955
31 0.018901890189 0.0040504050405 0.0013501350135 0.0004500450045 0.0985598559856 0.0049504950495 0.0013501350135 0.00675067506751 0.001800180018 0.248874887489 0.037803780378 0.0013501350135 0.0031503150315 0.000900090009001 0.001800180018 0.0031503150315 0.0013501350135 0.0112511251125 0.000900090009001 0.0031503150315 0.548154815482
32 0.0679567956796 0.00900090009001 0.015301530153 0.00990099009901 0.00630063006301 0.0855085508551 0.0049504950495 0.001800180018 0.003600360036 0.00630063006301 0.004500450045 0.0274527452745 0.002700270027 0.004500450045 0.00945094509451 0.108910891089 0.044104410441 0.004500450045 0.0319531953195 0.002700270027 0.548604860486
33 0.032403240324 0.0040504050405 0.0049504950495 0.00675067506751 0.010801080108 0.0310531053105 0.0211521152115 0.0733573357336 0.00540054005401 0.039603960396 0.010801080108 0.0121512151215 0.0103510351035 0.021602160216 0.00855085508551 0.0544554455446 0.029702970297 0.0616561656166 0.003600360036 0.00855085508551 0.549054905491
34 0.0787578757876 0.00720072007201 0.00720072007201 0.0022502250225 0.0013501350135 0.217371737174 0.0022502250225 0.000900090009001 0.0013501350135 0.0040504050405 0.0013501350135 0.045904590459 0.004500450045 0.0022502250225 0.004500450045 0.0193519351935 0.0049504950495 0.003600360036 0.0004500450045 0.003600360036 0.586858685869
35 0.029702970297 0.0031503150315 0.0909090909091 0.0589558955896 0.013501350135 0.0103510351035 0.011701170117 0.0175517551755 0.00585058505851 0.0265526552655 0.011701170117 0.038703870387 0.003600360036 0.019801980198 0.00810081008101 0.0400540054005 0.017101710171 0.028802880288 0.0031503150315 0.010801080108 0.5499549955
36 0.00810081008101 0.002700270027 0.0040504050405 0.0013501350135 0.021602160216 0.0031503150315 0.0031503150315 0.00720072007201 0.0004500450045 0.0247524752475 0.0391539153915 0.00675067506751 0.113411341134 0.0004500450045 0.0013501350135 0.013501350135 0.013501350135 0.013501350135 0.0004500450045 0.0625562556256 0.658865886589
37 0.00720072007201 0.0040504050405 0.013501350135 0.002700270027 0.004500450045 0.0040504050405 0.000900090009001 0.003600360036 0.0049504950495 0.038703870387 0.0022502250225 0.0022502250225 0.0540054005401 0.0022502250225 0.0121512151215 0.004500450045 0.00630063006301 0.00585058505851 0.0 0.00585058505851 0.820432043204
38 0.0211746174617 0.00182268226823 0.0814806480648 0.00812331233123 0.00677317731773 0.0288253825383 0.00857335733573 0.00272277227723 0.00227272727273 0.00632313231323 0.00137263726373 0.0283753375338 0.0175742574257 0.00182268226823 0.00632313231323 0.0180243024302 0.00767326732673 0.00452295229523 0.00182268226823 0.00452295229523 0.739873987399
39 0.0229522952295 0.0004500450045 0.011701170117 0.023402340234 0.00900090009001 0.003600360036 0.00585058505851 0.00855085508551 0.00540054005401 0.0301530153015 0.0031503150315 0.011701170117 0.044104410441 0.003600360036 0.00585058505851 0.012601260126 0.013501350135 0.00540054005401 0.001800180018 0.00720072007201 0.7700270027
40 0.0328532853285 0.0013501350135 0.03600360036 0.023402340234 0.0040504050405 0.00990099009901 0.00630063006301 0.001800180018 0.004500450045 0.00810081008101 0.000900090009001 0.0139513951395 0.00810081008101 0.00990099009901 0.0121512151215 0.036903690369 0.00765076507651 0.00585058505851 0.0013501350135 0.0022502250225 0.772727272727
41 0.0211521152115 0.001800180018 0.00855085508551 0.004500450045 0.0049504950495 0.0783078307831 0.00765076507651 0.00810081008101 0.00585058505851 0.0535553555356 0.010801080108 0.00855085508551 0.00945094509451 0.00810081008101 0.00855085508551 0.0220522052205 0.0112511251125 0.00720072007201 0.0004500450045 0.004500450045 0.714671467147
42 0.0157515751575 0.003600360036 0.0819081908191 0.012601260126 0.0427542754275 0.00765076507651 0.01800180018 0.016201620162 0.0130513051305 0.031503150315 0.0049504950495 0.034203420342 0.0184518451845 0.00945094509451 0.00990099009901 0.021602160216 0.0148514851485 0.00675067506751 0.0013501350135 0.00630063006301 0.629162916292
43 0.018901890189 0.000900090009001 0.011701170117 0.011701170117 0.0796579657966 0.00585058505851 0.00540054005401 0.0148514851485 0.00855085508551 0.033303330333 0.0031503150315 0.0031503150315 0.129612961296 0.00540054005401 0.00765076507651 0.017101710171 0.0175517551755 0.01800180018 0.0004500450045 0.00900090009001 0.598109810981
44 0.0391539153915 0.0013501350135 0.0175517551755 0.025202520252 0.016201620162 0.0166516651665 0.00810081008101 0.017101710171 0.017101710171 0.0427542754275 0.00630063006301 0.011701170117 0.0810081008101 0.0157515751575 0.024302430243 0.0184518451845 0.0148514851485 0.01800180018 0.0157515751575 0.012601260126 0.580108010801
45 0.0265526552655 0.0139513951395 0.0040504050405 0.00765076507651 0.0031503150315 0.00675067506751 0.003600360036 0.0220522052205 0.0049504950495 0.036903690369 0.0148514851485 0.003600360036 0.0531053105311 0.00630063006301 0.0040504050405 0.0148514851485 0.0535553555356 0.0481548154815 0.002700270027 0.00540054005401 0.663816381638
46 0.035103510351 0.00810081008101 0.0157515751575 0.00810081008101 0.0211521152115 0.0049504950495 0.01800180018 0.013501350135 0.0103510351035 0.037803780378 0.00720072007201 0.00810081008101 0.139513951395 0.00945094509451 0.00945094509451 0.025202520252 0.0121512151215 0.0103510351035 0.0031503150315 0.00675067506751 0.595859585959
47 0.0414266426643 2.2502250225e-05 0.0526777677768 0.0643789378938 0.00407290729073 0.0112736273627 0.00497299729973 0.00902340234023 0.0409765976598 0.0130738073807 0.000472547254725 0.00902340234023 0.102182718272 0.0315256525653 0.0274752475248 0.0261251125113 0.0126237623762 0.00632313231323 0.00137263726373 0.00137263726373 0.539603960396
48 0.0666066606661 0.00855085508551 0.0256525652565 0.0580558055806 0.0229522952295 0.0166516651665 0.017101710171 0.0175517551755 0.0211521152115 0.030603060306 0.00585058505851 0.00990099009901 0.031503150315 0.0175517551755 0.0202520252025 0.039603960396 0.0211521152115 0.0256525652565 0.004500450045 0.00675067506751 0.532403240324
49 0.034203420342 0.00540054005401 0.002700270027 0.0022502250225 0.0265526552655 0.0013501350135 0.0004500450045 0.11296129613 0.0004500450045 0.0985598559856 0.017101710171 0.0004500450045 0.002700270027 0.0004500450045 0.001800180018 0.0040504050405 0.00675067506751 0.156165616562 0.020702070207 0.00630063006301 0.498649864986
50 0.042304230423 0.0040504050405 0.00945094509451 0.018901890189 0.00765076507651 0.00990099009901 0.0103510351035 0.0481548154815 0.0589558955896 0.0585058505851 0.0103510351035 0.00945094509451 0.00990099009901 0.033303330333 0.0760576057606 0.025202520252 0.024302430243 0.039603960396 0.0013501350135 0.0040504050405 0.498199819982
51 0.0531053105311 0.0004500450045 0.0688568856886 0.111611161116 0.003600360036 0.00630063006301 0.00990099009901 0.001800180018 0.0526552655266 0.00990099009901 0.001800180018 0.0229522952295 0.00810081008101 0.0418541854185 0.0513051305131 0.025202520252 0.0121512151215 0.0031503150315 0.001800180018 0.0031503150315 0.510351035104
52 0.223672367237 0.00810081008101 0.00810081008101 0.022502250225 0.00855085508551 0.014401440144 0.00765076507651 0.0175517551755 0.0184518451845 0.0247524752475 0.003600360036 0.00720072007201 0.002700270027 0.00675067506751 0.012601260126 0.0256525652565 0.0220522052205 0.02700270027 0.000900090009001 0.012601260126 0.525202520252
53 0.0589558955896 0.0040504050405 0.004500450045 0.011701170117 0.020702070207 0.00945094509451 0.0022502250225 0.0558055805581 0.00630063006301 0.123312331233 0.0454545454545 0.0013501350135 0.000900090009001 0.014401440144 0.00990099009901 0.0148514851485 0.0193519351935 0.049504950495 0.0022502250225 0.01800180018 0.52700270027
54 0.0508550855086 0.001800180018 0.0328532853285 0.0720072007201 0.0031503150315 0.00990099009901 0.00900090009001 0.00540054005401 0.0535553555356 0.010801080108 0.0013501350135 0.023402340234 0.003600360036 0.044104410441 0.0684068406841 0.029702970297 0.017101710171 0.00765076507651 0.0013501350135 0.002700270027 0.551305130513
55 0.112511251125 0.0049504950495 0.0103510351035 0.02700270027 0.004500450045 0.00990099009901 0.0112511251125 0.0157515751575 0.0229522952295 0.0247524752475 0.004500450045 0.0157515751575 0.004500450045 0.024302430243 0.0445544554455 0.030603060306 0.0166516651665 0.034203420342 0.002700270027 0.015301530153 0.56300630063
56 0.048604860486 0.003600360036 0.0049504950495 0.00540054005401 0.0184518451845 0.00720072007201 0.004500450045 0.0594059405941 0.0031503150315 0.129612961296 0.0247524752475 0.00945094509451 0.003600360036 0.0022502250225 0.00540054005401 0.0148514851485 0.013501350135 0.0549054905491 0.00585058505851 0.011701170117 0.568856885689
57 0.0639063906391 0.0022502250225 0.0445544554455 0.0355535553555 0.00720072007201 0.020702070207 0.00990099009901 0.01800180018 0.033303330333 0.0364536453645 0.00900090009001 0.014401440144 0.014401440144 0.025202520252 0.0522052205221 0.0346534653465 0.022502250225 0.014401440144 0.0013501350135 0.0031503150315 0.536903690369
58 0.030603060306 0.0022502250225 0.0319531953195 0.039603960396 0.0040504050405 0.013501350135 0.00720072007201 0.00720072007201 0.0256525652565 0.0121512151215 0.0031503150315 0.026102610261 0.00630063006301 0.019801980198 0.0346534653465 0.0283528352835 0.0166516651665 0.00585058505851 0.001800180018 0.002700270027 0.680468046805
59 0.023402340234 0.0004500450045 0.0265526552655 0.019801980198 0.0040504050405 0.0481548154815 0.002700270027 0.0049504950495 0.00990099009901 0.013501350135 0.00855085508551 0.0166516651665 0.046804680468 0.0103510351035 0.011701170117 0.022502250225 0.014401440144 0.00945094509451 0.001800180018 0.004500450045 0.699819981998
60 0.0436543654365 0.0022502250225 0.043204320432 0.02700270027 0.0103510351035 0.032403240324 0.032403240324 0.010801080108 0.0238523852385 0.023402340234 0.00585058505851 0.0256525652565 0.035103510351 0.0184518451845 0.027902790279 0.0391539153915 0.034203420342 0.0193519351935 0.002700270027 0.00855085508551 0.533753375338
61 0.030603060306 0.0031503150315 0.041404140414 0.0499549954995 0.00810081008101 0.0846084608461 0.014401440144 0.00765076507651 0.0310531053105 0.0400540054005 0.00675067506751 0.0301530153015 0.0238523852385 0.025202520252 0.044104410441 0.0481548154815 0.0274527452745 0.00855085508551 0.00945094509451 0.013501350135 0.451845184518
62 0.0522052205221 0.00900090009001 0.029702970297 0.0166516651665 0.0238523852385 0.019801980198 0.0193519351935 0.04500450045 0.012601260126 0.0913591359136 0.013501350135 0.0247524752475 0.019801980198 0.0130513051305 0.011701170117 0.0549054905491 0.0211521152115 0.0409540954095 0.014401440144 0.027902790279 0.438343834383
63 0.02700270027 0.00630063006301 0.00675067506751 0.00720072007201 0.0643564356436 0.0319531953195 0.043204320432 0.0148514851485 0.0139513951395 0.117461746175 0.018901890189 0.0355535553555 0.00900090009001 0.014401440144 0.012601260126 0.0373537353735 0.042304230423 0.013501350135 0.00810081008101 0.0373537353735 0.437893789379
64 0.040504050405 0.002700270027 0.025202520252 0.0355535553555 0.00900090009001 0.129162916292 0.027902790279 0.00945094509451 0.0202520252025 0.0184518451845 0.0013501350135 0.035103510351 0.015301530153 0.0625562556256 0.0526552655266 0.0517551755176 0.026102610261 0.00945094509451 0.0022502250225 0.00990099009901 0.415391539154
65 0.011701170117 0.003600360036 0.00765076507651 0.00585058505851 0.027902790279 0.00810081008101 0.00720072007201 0.004500450045 0.003600360036 0.00990099009901 0.004500450045 0.00675067506751 0.0103510351035 0.00630063006301 0.010801080108 0.0337533753375 0.00900090009001 0.00990099009901 0.002700270027 0.418541854185 0.397389738974
66 0.0526552655266 0.00720072007201 0.0247524752475 0.0193519351935 0.00810081008101 0.101260126013 0.017101710171 0.013501350135 0.00765076507651 0.02700270027 0.00720072007201 0.01800180018 0.0774077407741 0.0265526552655 0.0409540954095 0.0670567056706 0.0598559855986 0.013501350135 0.0022502250225 0.013501350135 0.395139513951
67 0.040504050405 0.001800180018 0.0648064806481 0.0283528352835 0.0139513951395 0.026102610261 0.011701170117 0.00900090009001 0.00720072007201 0.040504050405 0.00675067506751 0.0175517551755 0.111161116112 0.013501350135 0.0184518451845 0.0499549954995 0.01800180018 0.017101710171 0.0031503150315 0.0148514851485 0.485598559856
68 0.0517551755176 0.003600360036 0.0328532853285 0.0193519351935 0.023402340234 0.0256525652565 0.00990099009901 0.044104410441 0.00765076507651 0.0427542754275 0.012601260126 0.022502250225 0.0918091809181 0.0148514851485 0.0157515751575 0.0675067506751 0.0535553555356 0.037803780378 0.004500450045 0.0166516651665 0.401440144014
69 0.0616561656166 0.00585058505851 0.036903690369 0.0463546354635 0.0139513951395 0.0436543654365 0.014401440144 0.011701170117 0.0265526552655 0.036903690369 0.010801080108 0.0220522052205 0.040504050405 0.0499549954995 0.041404140414 0.048604860486 0.039603960396 0.010801080108 0.0049504950495 0.0166516651665 0.416741674167
70 0.0193519351935 0.0031503150315 0.021602160216 0.015301530153 0.00765076507651 0.397839783978 0.00675067506751 0.00945094509451 0.00720072007201 0.01800180018 0.001800180018 0.00585058505851 0.011701170117 0.00585058505851 0.012601260126 0.013501350135 0.013501350135 0.013501350135 0.002700270027 0.014401440144 0.398289828983
71 0.030603060306 0.00675067506751 0.0436543654365 0.0400540054005 0.0148514851485 0.00765076507651 0.0229522952295 0.0562556255626 0.00900090009001 0.110711071107 0.00945094509451 0.0319531953195 0.00855085508551 0.016201620162 0.018901890189 0.046804680468 0.041404140414 0.035103510351 0.00765076507651 0.041404140414 0.400090009001
72 0.0549054905491 0.002700270027 0.0391539153915 0.0783078307831 0.010801080108 0.0148514851485 0.011701170117 0.016201620162 0.0310531053105 0.0544554455446 0.00810081008101 0.01800180018 0.130513051305 0.0310531053105 0.033303330333 0.0337533753375 0.02700270027 0.0157515751575 0.001800180018 0.0130513051305 0.373537353735
73 0.0702070207021 0.001800180018 0.0522052205221 0.164716471647 0.004500450045 0.0319531953195 0.00990099009901 0.00900090009001 0.042304230423 0.020702070207 0.002700270027 0.015301530153 0.04500450045 0.0391539153915 0.0616561656166 0.0526552655266 0.0229522952295 0.0193519351935 0.0040504050405 0.00810081008101 0.321782178218
74 0.0589558955896 0.00945094509451 0.00675067506751 0.00765076507651 0.0927092709271 0.004500450045 0.0148514851485 0.0346534653465 0.001800180018 0.319531953195 0.00990099009901 0.004500450045 0.0049504950495 0.010801080108 0.0022502250225 0.00900090009001 0.0283528352835 0.0472547254725 0.0013501350135 0.02700270027 0.303780378038
75 0.031503150315 0.0103510351035 0.001800180018 0.041404140414 0.00540054005401 0.00585058505851 0.024302430243 0.029702970297 0.0630063006301 0.0472547254725 0.00585058505851 0.012601260126 0.0022502250225 0.016201620162 0.33303330333 0.0139513951395 0.0193519351935 0.0238523852385 0.000900090009001 0.0202520252025 0.291179117912
76 0.0765076507651 0.000900090009001 0.0589558955896 0.178667866787 0.0013501350135 0.015301530153 0.0148514851485 0.00630063006301 0.0850585058506 0.019801980198 0.003600360036 0.028802880288 0.0031503150315 0.0963096309631 0.0558055805581 0.0355535553555 0.030603060306 0.010801080108 0.0 0.0040504050405 0.273627362736
77 0.249774977498 0.00585058505851 0.0193519351935 0.0630063006301 0.010801080108 0.00990099009901 0.00585058505851 0.0256525652565 0.036903690369 0.0585058505851 0.00810081008101 0.0157515751575 0.001800180018 0.041404140414 0.0454545454545 0.0567056705671 0.034203420342 0.020702070207 0.0130513051305 0.004500450045 0.272727272727
78 0.0733573357336 0.00945094509451 0.0004500450045 0.0004500450045 0.0531053105311 0.020702070207 0.000900090009001 0.191719171917 0.0022502250225 0.209270927093 0.0175517551755 0.0 0.0004500450045 0.001800180018 0.0004500450045 0.004500450045 0.012601260126 0.116111611161 0.0049504950495 0.00855085508551 0.271377137714
79 0.327182718272 0.0256525652565 0.003600360036 0.0490549054905 0.0049504950495 0.0184518451845 0.00720072007201 0.029702970297 0.030603060306 0.0238523852385 0.00810081008101 0.003600360036 0.0022502250225 0.027902790279 0.028802880288 0.0738073807381 0.0229522952295 0.0355535553555 0.000900090009001 0.002700270027 0.273177317732
80 0.0783078307831 0.0022502250225 0.0769576957696 0.111161116112 0.002700270027 0.041404140414 0.021602160216 0.00585058505851 0.0841584158416 0.0103510351035 0.0013501350135 0.046804680468 0.00585058505851 0.0589558955896 0.0774077407741 0.0517551755176 0.0310531053105 0.0049504950495 0.004500450045 0.00630063006301 0.276327632763
81 0.029702970297 0.000900090009001 0.0139513951395 0.025202520252 0.0981098109811 0.0049504950495 0.0445544554455 0.023402340234 0.0364536453645 0.114311431143 0.0166516651665 0.003600360036 0.0013501350135 0.011701170117 0.0558055805581 0.0103510351035 0.00945094509451 0.0184518451845 0.101710171017 0.0985598559856 0.280828082808
82 0.030603060306 0.011701170117 0.0013501350135 0.00900090009001 0.0724572457246 0.0049504950495 0.022502250225 0.0823582358236 0.0013501350135 0.221422142214 0.033303330333 0.00540054005401 0.0031503150315 0.0112511251125 0.0040504050405 0.00900090009001 0.015301530153 0.0567056705671 0.00945094509451 0.0918091809181 0.302880288029
83 0.0756075607561 0.00585058505851 0.014401440144 0.030603060306 0.0337533753375 0.105310531053 0.0184518451845 0.00585058505851 0.0567056705671 0.043204320432 0.00630063006301 0.0648064806481 0.0040504050405 0.032403240324 0.0454545454545 0.0598559855986 0.0229522952295 0.00765076507651 0.0040504050405 0.0256525652565 0.337083708371
84 0.0607560756076 0.0049504950495 0.0310531053105 0.0499549954995 0.0022502250225 0.0778577857786 0.0139513951395 0.00855085508551 0.0634563456346 0.0175517551755 0.002700270027 0.023402340234 0.011701170117 0.0301530153015 0.0837083708371 0.038703870387 0.034203420342 0.017101710171 0.000900090009001 0.0049504950495 0.422142214221
85 0.027902790279 0.00720072007201 0.025202520252 0.0436543654365 0.037803780378 0.0112511251125 0.0211521152115 0.019801980198 0.0364536453645 0.041404140414 0.00855085508551 0.016201620162 0.011701170117 0.0247524752475 0.0837083708371 0.0292529252925 0.021602160216 0.032403240324 0.00990099009901 0.0157515751575 0.474347434743
86 0.015301530153 0.002700270027 0.0346534653465 0.017101710171 0.0409540954095 0.037803780378 0.049504950495 0.00900090009001 0.0202520252025 0.0400540054005 0.00675067506751 0.0202520252025 0.013501350135 0.0175517551755 0.034203420342 0.02700270027 0.0166516651665 0.00945094509451 0.004500450045 0.0594059405941 0.523402340234
87 0.031503150315 0.00855085508551 0.0256525652565 0.0184518451845 0.00675067506751 0.142664266427 0.0112511251125 0.015301530153 0.0148514851485 0.019801980198 0.002700270027 0.0328532853285 0.0112511251125 0.0175517551755 0.0256525652565 0.0292529252925 0.00630063006301 0.0157515751575 0.000900090009001 0.012601260126 0.550405040504
88 0.028802880288 0.00855085508551 0.019801980198 0.013501350135 0.010801080108 0.0220522052205 0.00900090009001 0.046804680468 0.020702070207 0.0400540054005 0.00990099009901 0.013501350135 0.0184518451845 0.0157515751575 0.0130513051305 0.018901890189 0.027902790279 0.045904590459 0.0229522952295 0.013501350135 0.580108010801
89 0.030603060306 0.0022502250225 0.026102610261 0.036903690369 0.0031503150315 0.00630063006301 0.0112511251125 0.00945094509451 0.022502250225 0.00900090009001 0.001800180018 0.0238523852385 0.047704770477 0.0139513951395 0.0139513951395 0.02700270027 0.0193519351935 0.011701170117 0.000900090009001 0.004500450045 0.677767776778
90 0.0621062106211 0.026102610261 0.00585058505851 0.00765076507651 0.017101710171 0.00810081008101 0.002700270027 0.0823582358236 0.0049504950495 0.0675067506751 0.00720072007201 0.004500450045 0.012601260126 0.0022502250225 0.004500450045 0.0166516651665 0.0292529252925 0.105310531053 0.0049504950495 0.020702070207 0.507650765077
91 0.0382538253825 0.0022502250225 0.105310531053 0.0513051305131 0.002700270027 0.0247524752475 0.0121512151215 0.00720072007201 0.031503150315 0.0112511251125 0.0013501350135 0.0337533753375 0.0418541854185 0.0265526552655 0.0193519351935 0.0675067506751 0.0454545454545 0.00900090009001 0.0013501350135 0.001800180018 0.465346534653
92 0.0841584158416 0.0022502250225 0.0247524752475 0.0454545454545 0.0040504050405 0.0184518451845 0.00900090009001 0.010801080108 0.034203420342 0.011701170117 0.0031503150315 0.013501350135 0.180468046805 0.011701170117 0.019801980198 0.035103510351 0.0283528352835 0.0211521152115 0.004500450045 0.00765076507651 0.429792979298
93 0.0373537353735 0.000900090009001 0.165166516652 0.180918091809 0.004500450045 0.0337533753375 0.013501350135 0.000900090009001 0.039603960396 0.00585058505851 0.0022502250225 0.039603960396 0.017101710171 0.02700270027 0.0256525652565 0.0436543654365 0.0220522052205 0.00540054005401 0.004500450045 0.00720072007201 0.323132313231
94 0.0256525652565 0.00990099009901 0.0873087308731 0.111161116112 0.00540054005401 0.0175517551755 0.0472547254725 0.0049504950495 0.022502250225 0.00675067506751 0.00900090009001 0.0963096309631 0.003600360036 0.0904590459046 0.0684068406841 0.040504050405 0.019801980198 0.00630063006301 0.0220522052205 0.00990099009901 0.295229522952
95 0.0391539153915 0.0220522052205 0.0 0.0022502250225 0.021602160216 0.0031503150315 0.0004500450045 0.236723672367 0.0004500450045 0.0972097209721 0.016201620162 0.000900090009001 0.002700270027 0.0004500450045 0.000900090009001 0.010801080108 0.017101710171 0.193069306931 0.003600360036 0.00630063006301 0.324932493249
96 0.016201620162 0.00540054005401 0.00675067506751 0.012601260126 0.002700270027 0.004500450045 0.0031503150315 0.011701170117 0.0031503150315 0.016201620162 0.001800180018 0.00585058505851 0.001800180018 0.00540054005401 0.002700270027 0.00720072007201 0.00765076507651 0.0202520252025 0.000900090009001 0.0022502250225 0.861836183618
97 0.00900090009001 0.00540054005401 0.000900090009001 0.001800180018 0.00855085508551 0.00900090009001 0.000900090009001 0.029702970297 0.0 0.00945094509451 0.0022502250225 0.0004500450045 0.0049504950495 0.000900090009001 0.0 0.010801080108 0.00810081008101 0.042304230423 0.0004500450045 0.001800180018 0.853285328533
98 0.0837083708371 0.0220522052205 0.0004500450045 0.0049504950495 0.0576057605761 0.00990099009901 0.00945094509451 0.121512151215 0.00630063006301 0.184068406841 0.0337533753375 0.0031503150315 0.002700270027 0.0130513051305 0.01800180018 0.019801980198 0.0283528352835 0.170567056706 0.004500450045 0.0148514851485 0.191269126913
99 0.0508550855086 0.014401440144 0.0022502250225 0.0013501350135 0.105760576058 0.00675067506751 0.00675067506751 0.143114311431 0.0022502250225 0.151215121512 0.018901890189 0.0031503150315 0.043204320432 0.0220522052205 0.0049504950495 0.0220522052205 0.031503150315 0.160666066607 0.0049504950495 0.0211521152115 0.182718271827
100 0.0544554455446 0.0400540054005 0.001800180018 0.0022502250225 0.0643564356436 0.0864086408641 0.00585058505851 0.0265526552655 0.0 0.0481548154815 0.0139513951395 0.010801080108 0.00765076507651 0.00765076507651 0.0013501350135 0.0576057605761 0.328532853285 0.0931593159316 0.0004500450045 0.0139513951395 0.13501350135
101 0.102632763276 0.0162241224122 0.0157740774077 0.0135238523852 0.00587308730873 0.0486273627363 0.0270252025203 0.0211746174617 0.0148739873987 0.0292754275428 0.00677317731773 0.150337533753 0.111633663366 0.0162241224122 0.0229747974797 0.152587758776 0.0616786678668 0.0333258325833 0.00182268226823 0.0139738973897 0.133663366337
102 0.0130513051305 0.00945094509451 0.0139513951395 0.0031503150315 0.000900090009001 0.511251125113 0.0022502250225 0.001800180018 0.000900090009001 0.0004500450045 0.000900090009001 0.0630063006301 0.0031503150315 0.0013501350135 0.00855085508551 0.18496849685 0.037803780378 0.0013501350135 0.000900090009001 0.0004500450045 0.140414041404
103 0.213771377138 0.0292529252925 0.002700270027 0.003600360036 0.00675067506751 0.250675067507 0.000900090009001 0.024302430243 0.0 0.015301530153 0.00630063006301 0.00540054005401 0.00630063006301 0.0022502250225 0.003600360036 0.117911791179 0.0918091809181 0.0814581458146 0.001800180018 0.0031503150315 0.132763276328
104 0.0427542754275 0.00675067506751 0.0220522052205 0.0112511251125 0.0130513051305 0.0184518451845 0.012601260126 0.024302430243 0.038703870387 0.032403240324 0.0400540054005 0.020702070207 0.0004500450045 0.106210621062 0.029702970297 0.153465346535 0.222772277228 0.0319531953195 0.00540054005401 0.0337533753375 0.133213321332
105 0.0918091809181 0.00675067506751 0.0504050405041 0.189918991899 0.00990099009901 0.0801080108011 0.0535553555356 0.012601260126 0.0013501350135 0.0220522052205 0.0220522052205 0.0292529252925 0.0283528352835 0.112511251125 0.0103510351035 0.0783078307831 0.040504050405 0.011701170117 0.000900090009001 0.0175517551755 0.130063006301
106 0.430243024302 0.00810081008101 0.0022502250225 0.0013501350135 0.00810081008101 0.193069306931 0.0004500450045 0.0283528352835 0.0 0.0702070207021 0.00585058505851 0.002700270027 0.004500450045 0.0004500450045 0.001800180018 0.0621062106211 0.019801980198 0.028802880288 0.0 0.000900090009001 0.13096309631
107 0.018901890189 0.0121512151215 0.002700270027 0.003600360036 0.0490549054905 0.0031503150315 0.0049504950495 0.218721872187 0.001800180018 0.308280828083 0.043204320432 0.0801080108011 0.0004500450045 0.0031503150315 0.001800180018 0.00810081008101 0.0220522052205 0.0688568856886 0.00810081008101 0.0103510351035 0.130513051305
108 0.0873087308731 0.00630063006301 0.0783078307831 0.0634563456346 0.0580558055806 0.024302430243 0.0382538253825 0.0229522952295 0.0139513951395 0.0576057605761 0.027902790279 0.0760576057606 0.0022502250225 0.03600360036 0.0382538253825 0.0814581458146 0.0463546354635 0.0319531953195 0.00990099009901 0.0652565256526 0.134113411341
109 0.142664266427 0.0175517551755 0.012601260126 0.00810081008101 0.020702070207 0.030603060306 0.0211521152115 0.0850585058506 0.013501350135 0.215571557156 0.0364536453645 0.029702970297 0.001800180018 0.019801980198 0.020702070207 0.0472547254725 0.0603060306031 0.0594059405941 0.00765076507651 0.01800180018 0.131413141314
110 0.238523852385 0.019801980198 0.000900090009001 0.0004500450045 0.029702970297 0.0238523852385 0.0004500450045 0.133213321332 0.000900090009001 0.179567956796 0.017101710171 0.000900090009001 0.001800180018 0.0 0.000900090009001 0.0310531053105 0.0445544554455 0.140864086409 0.0022502250225 0.0031503150315 0.130063006301
111 0.122862286229 0.0292529252925 0.0022502250225 0.0013501350135 0.0837083708371 0.0193519351935 0.002700270027 0.130063006301 0.000900090009001 0.243924392439 0.04500450045 0.0049504950495 0.0220522052205 0.004500450045 0.0022502250225 0.033303330333 0.024302430243 0.0760576057606 0.000900090009001 0.0139513951395 0.136363636364
112 0.0531053105311 0.00585058505851 0.032403240324 0.0544554455446 0.0274527452745 0.024302430243 0.032403240324 0.0121512151215 0.0603060306031 0.0823582358236 0.034203420342 0.042304230423 0.0103510351035 0.0814581458146 0.149414941494 0.0751575157516 0.0337533753375 0.014401440144 0.0121512151215 0.019801980198 0.142214221422
113 0.215121512151 0.0265526552655 0.0040504050405 0.0103510351035 0.025202520252 0.0648064806481 0.012601260126 0.038703870387 0.004500450045 0.112511251125 0.019801980198 0.0220522052205 0.001800180018 0.00990099009901 0.00765076507651 0.102160216022 0.0778577857786 0.0526552655266 0.0031503150315 0.01800180018 0.170567056706
114 0.0634563456346 0.0202520252025 0.001800180018 0.001800180018 0.107560756076 0.00540054005401 0.0112511251125 0.0778577857786 0.0031503150315 0.371287128713 0.026102610261 0.0031503150315 0.001800180018 0.00630063006301 0.00945094509451 0.012601260126 0.0256525652565 0.0675067506751 0.00675067506751 0.0310531053105 0.145814581458
115 0.0864086408641 0.0684068406841 0.020702070207 0.013501350135 0.03600360036 0.042304230423 0.00720072007201 0.038703870387 0.0364536453645 0.163366336634 0.0139513951395 0.014401440144 0.0265526552655 0.012601260126 0.0558055805581 0.0481548154815 0.0702070207021 0.0679567956796 0.001800180018 0.0049504950495 0.170567056706
116 0.0481548154815 0.00540054005401 0.0814581458146 0.0720072007201 0.0157515751575 0.0490549054905 0.011701170117 0.017101710171 0.0729072907291 0.0409540954095 0.0049504950495 0.0679567956796 0.0292529252925 0.046804680468 0.0679567956796 0.044104410441 0.023402340234 0.013501350135 0.013501350135 0.00540054005401 0.268676867687
117 0.01800180018 0.0004500450045 0.00855085508551 0.0148514851485 0.00720072007201 0.0139513951395 0.00945094509451 0.003600360036 0.0238523852385 0.013501350135 0.0013501350135 0.0103510351035 0.0283528352835 0.0148514851485 0.011701170117 0.011701170117 0.00990099009901 0.00540054005401 0.004500450045 0.0112511251125 0.777227722772
118 0.00675067506751 0.0022502250225 0.00630063006301 0.003600360036 0.0049504950495 0.018901890189 0.0022502250225 0.004500450045 0.0049504950495 0.0112511251125 0.0022502250225 0.002700270027 0.00720072007201 0.002700270027 0.00810081008101 0.00630063006301 0.0040504050405 0.003600360036 0.000900090009001 0.004500450045 0.89198919892
119 0.0589558955896 0.001800180018 0.032403240324 0.0643564356436 0.0031503150315 0.02700270027 0.0121512151215 0.00630063006301 0.0603060306031 0.0139513951395 0.000900090009001 0.0247524752475 0.212421242124 0.0256525652565 0.0513051305131 0.0427542754275 0.035103510351 0.015301530153 0.0013501350135 0.00765076507651 0.302430243024
120 0.0202520252025 0.003600360036 0.0445544554455 0.026102610261 0.00720072007201 0.398289828983 0.012601260126 0.0049504950495 0.0427542754275 0.00540054005401 0.0013501350135 0.043204320432 0.0621062106211 0.016201620162 0.035103510351 0.019801980198 0.0139513951395 0.011701170117 0.0022502250225 0.00540054005401 0.223222322232
121 0.02700270027 0.004500450045 0.407740774077 0.0612061206121 0.001800180018 0.0526552655266 0.00855085508551 0.010801080108 0.0364536453645 0.00945094509451 0.00585058505851 0.026102610261 0.0283528352835 0.024302430243 0.0391539153915 0.044104410441 0.029702970297 0.012601260126 0.000900090009001 0.00540054005401 0.163366336634
122 0.0504050405041 0.011701170117 0.012601260126 0.144464446445 0.00630063006301 0.046804680468 0.039603960396 0.031503150315 0.0990099009901 0.0400540054005 0.00540054005401 0.040504050405 0.0211521152115 0.014401440144 0.0792079207921 0.048604860486 0.0855085508551 0.0648064806481 0.004500450045 0.018901890189 0.134563456346
