POS A C D E F G H I K L M N P Q R S T V W Y -
1 0.000847457627119 0.0 0.0 0.0 0.00381355932203 0.0 0.000847457627119 0.00127118644068 0.000847457627119 0.00338983050847 0.00423728813559 0.0 0.000847457627119 0.0 0.000423728813559 0.000423728813559 0.00127118644068 0.0021186440678 0.00127118644068 0.000847457627119 0.977542372881
2 0.0 0.0 0.0 0.0 0.0152542372881 0.0 0.0 0.000423728813559 0.000847457627119 0.00254237288136 0.0 0.0 0.0 0.0 0.0 0.00127118644068 0.0 0.0 0.00296610169492 0.000847457627119 0.975847457627
3 0.00423728813559 0.000847457627119 0.00381355932203 0.00381355932203 0.000423728813559 0.00169491525424 0.000423728813559 0.0 0.00169491525424 0.0 0.0 0.00381355932203 0.0 0.000847457627119 0.000847457627119 0.00296610169492 0.00127118644068 0.00127118644068 0.000423728813559 0.0 0.971610169492
4 0.00169491525424 0.000847457627119 0.00423728813559 0.0021186440678 0.000423728813559 0.00169491525424 0.00127118644068 0.000423728813559 0.000847457627119 0.00127118644068 0.000423728813559 0.00593220338983 0.000423728813559 0.00127118644068 0.00805084745763 0.00423728813559 0.00338983050847 0.000847457627119 0.0 0.0 0.960593220339
5 0.000847457627119 0.000423728813559 0.0 0.0 0.000423728813559 0.000423728813559 0.0 0.00847457627119 0.000423728813559 0.0110169491525 0.00169491525424 0.000423728813559 0.0 0.0 0.0 0.0 0.00169491525424 0.0135593220339 0.0 0.000847457627119 0.959745762712
6 0.0021186440678 0.0 0.00254237288136 0.00423728813559 0.00127118644068 0.000423728813559 0.000847457627119 0.0 0.00381355932203 0.00338983050847 0.000423728813559 0.00338983050847 0.00847457627119 0.00254237288136 0.0021186440678 0.00381355932203 0.00381355932203 0.00169491525424 0.000423728813559 0.000423728813559 0.954237288136
7 0.00381355932203 0.0 0.000847457627119 0.00635593220339 0.000423728813559 0.000423728813559 0.00169491525424 0.000847457627119 0.00338983050847 0.00381355932203 0.00338983050847 0.00381355932203 0.00338983050847 0.00508474576271 0.00423728813559 0.00296610169492 0.0021186440678 0.000423728813559 0.0 0.00127118644068 0.951694915254
8 0.00932203389831 0.0 0.00169491525424 0.000847457627119 0.00127118644068 0.00381355932203 0.000423728813559 0.00677966101695 0.00254237288136 0.0122881355932 0.00169491525424 0.0 0.00338983050847 0.000847457627119 0.000847457627119 0.00338983050847 0.00127118644068 0.00508474576271 0.0 0.00338983050847 0.941101694915
9 0.00635593220339 0.000423728813559 0.00127118644068 0.00508474576271 0.00169491525424 0.00296610169492 0.000847457627119 0.00169491525424 0.00762711864407 0.00296610169492 0.000423728813559 0.0 0.0152542372881 0.00423728813559 0.0021186440678 0.00466101694915 0.00254237288136 0.00169491525424 0.0 0.000847457627119 0.937288135593
10 0.00466101694915 0.000423728813559 0.00127118644068 0.00381355932203 0.000423728813559 0.00169491525424 0.000423728813559 0.00296610169492 0.00466101694915 0.00296610169492 0.000423728813559 0.000423728813559 0.0271186440678 0.00296610169492 0.000847457627119 0.00423728813559 0.00254237288136 0.00338983050847 0.0 0.000423728813559 0.934322033898
11 0.000423728813559 0.0 0.0241525423729 0.00254237288136 0.00127118644068 0.00254237288136 0.000847457627119 0.00169491525424 0.0021186440678 0.0021186440678 0.0 0.00466101694915 0.000847457627119 0.00169491525424 0.000847457627119 0.014406779661 0.000847457627119 0.000847457627119 0.0 0.00550847457627 0.932627118644
12 0.00889830508475 0.0 0.00296610169492 0.00635593220339 0.00127118644068 0.00550847457627 0.000423728813559 0.00169491525424 0.00508474576271 0.00466101694915 0.000423728813559 0.00296610169492 0.0182203389831 0.000847457627119 0.00127118644068 0.00550847457627 0.00296610169492 0.00254237288136 0.0 0.000423728813559 0.927966101695
13 0.0021186440678 0.0 0.0 0.0021186440678 0.00381355932203 0.000847457627119 0.000847457627119 0.0326271186441 0.000423728813559 0.00508474576271 0.00254237288136 0.00127118644068 0.000423728813559 0.0 0.000847457627119 0.00127118644068 0.00720338983051 0.00932203389831 0.00127118644068 0.000847457627119 0.927118644068
14 0.00296610169492 0.000423728813559 0.00169491525424 0.0021186440678 0.0190677966102 0.00296610169492 0.00127118644068 0.00381355932203 0.000847457627119 0.0173728813559 0.00127118644068 0.00127118644068 0.000423728813559 0.000847457627119 0.00932203389831 0.0021186440678 0.0021186440678 0.00423728813559 0.000423728813559 0.000423728813559 0.925
15 0.0135593220339 0.0 0.0021186440678 0.00762711864407 0.000847457627119 0.00847457627119 0.000847457627119 0.000847457627119 0.00762711864407 0.00127118644068 0.000423728813559 0.0021186440678 0.000847457627119 0.00466101694915 0.00889830508475 0.00677966101695 0.00381355932203 0.000423728813559 0.0 0.000847457627119 0.927966101695
16 0.00508474576271 0.000423728813559 0.0 0.000423728813559 0.0021186440678 0.000847457627119 0.0 0.0169491525424 0.00169491525424 0.0245762711864 0.00338983050847 0.0 0.00127118644068 0.00423728813559 0.0 0.00169491525424 0.00338983050847 0.0110169491525 0.000847457627119 0.000847457627119 0.921186440678
17 0.0161016949153 0.000847457627119 0.00169491525424 0.00254237288136 0.00296610169492 0.00254237288136 0.00169491525424 0.00381355932203 0.0021186440678 0.00381355932203 0.00381355932203 0.00508474576271 0.0 0.00338983050847 0.00254237288136 0.0152542372881 0.00550847457627 0.00466101694915 0.0 0.00127118644068 0.920338983051
18 0.014406779661 0.0 0.00932203389831 0.0122881355932 0.0 0.00381355932203 0.000847457627119 0.00127118644068 0.00720338983051 0.00169491525424 0.000423728813559 0.00466101694915 0.000847457627119 0.00847457627119 0.00677966101695 0.00423728813559 0.00423728813559 0.000847457627119 0.0 0.0 0.918644067797
19 0.010593220339 0.0 0.00296610169492 0.014406779661 0.00127118644068 0.00254237288136 0.00127118644068 0.00296610169492 0.010593220339 0.0110169491525 0.000423728813559 0.000423728813559 0.0021186440678 0.00635593220339 0.00889830508475 0.00466101694915 0.000847457627119 0.000423728813559 0.0 0.00127118644068 0.916949152542
20 0.0245762711864 0.0021186440678 0.00296610169492 0.00423728813559 0.0165254237288 0.00127118644068 0.000423728813559 0.00550847457627 0.00169491525424 0.014406779661 0.00338983050847 0.000423728813559 0.00381355932203 0.0021186440678 0.00254237288136 0.00423728813559 0.00466101694915 0.00720338983051 0.00296610169492 0.0152542372881 0.879661016949
21 0.014406779661 0.0 0.00466101694915 0.00466101694915 0.00127118644068 0.00720338983051 0.00296610169492 0.00169491525424 0.0224576271186 0.00508474576271 0.0021186440678 0.00805084745763 0.00169491525424 0.00889830508475 0.0148305084746 0.00805084745763 0.00296610169492 0.00338983050847 0.0 0.0 0.885593220339
22 0.0245762711864 0.00254237288136 0.00550847457627 0.0127118644068 0.00169491525424 0.00720338983051 0.000847457627119 0.00550847457627 0.0110169491525 0.00677966101695 0.0021186440678 0.00677966101695 0.00423728813559 0.00677966101695 0.00720338983051 0.00762711864407 0.00508474576271 0.00508474576271 0.0 0.00296610169492 0.873728813559
23 0.0156779661017 0.0 0.0343220338983 0.00974576271186 0.000423728813559 0.00254237288136 0.000847457627119 0.00381355932203 0.00635593220339 0.00805084745763 0.00381355932203 0.00466101694915 0.00338983050847 0.00508474576271 0.00932203389831 0.00720338983051 0.00720338983051 0.00805084745763 0.00127118644068 0.000423728813559 0.867796610169
24 0.0110169491525 0.000423728813559 0.00593220338983 0.0101694915254 0.000423728813559 0.00635593220339 0.0021186440678 0.00677966101695 0.021186440678 0.00381355932203 0.000847457627119 0.00635593220339 0.0169491525424 0.00423728813559 0.00762711864407 0.00974576271186 0.0131355932203 0.00805084745763 0.000847457627119 0.00381355932203 0.860169491525
25 0.014406779661 0.000423728813559 0.0169491525424 0.0131355932203 0.00508474576271 0.0194915254237 0.00720338983051 0.00466101694915 0.00677966101695 0.00805084745763 0.00338983050847 0.0135593220339 0.0122881355932 0.00720338983051 0.0156779661017 0.0156779661017 0.00762711864407 0.00635593220339 0.0 0.00381355932203 0.818220338983
26 0.028813559322 0.000423728813559 0.0372881355932 0.0411016949153 0.00381355932203 0.0254237288136 0.014406779661 0.00932203389831 0.0470338983051 0.0122881355932 0.00296610169492 0.0177966101695 0.0792372881356 0.0186440677966 0.0313559322034 0.0300847457627 0.0182203389831 0.0118644067797 0.000423728813559 0.00338983050847 0.566101694915
27 0.0237288135593 0.00169491525424 0.103813559322 0.0444915254237 0.00423728813559 0.0800847457627 0.0131355932203 0.00593220338983 0.0398305084746 0.00847457627119 0.00338983050847 0.0364406779661 0.0347457627119 0.0194915254237 0.0207627118644 0.0245762711864 0.0165254237288 0.00932203389831 0.000847457627119 0.010593220339 0.497881355932
28 0.0347457627119 0.00677966101695 0.00847457627119 0.0118644067797 0.0148305084746 0.00847457627119 0.00466101694915 0.0673728813559 0.0377118644068 0.0737288135593 0.0224576271186 0.00338983050847 0.0220338983051 0.0101694915254 0.0165254237288 0.0110169491525 0.0190677966102 0.119915254237 0.00508474576271 0.0182203389831 0.483474576271
29 0.0199152542373 0.00550847457627 0.00338983050847 0.00127118644068 0.0190677966102 0.00296610169492 0.00635593220339 0.215254237288 0.0021186440678 0.0995762711864 0.00677966101695 0.00254237288136 0.000847457627119 0.0 0.00805084745763 0.00423728813559 0.0169491525424 0.0737288135593 0.000847457627119 0.0368644067797 0.473728813559
30 0.0177966101695 0.0021186440678 0.133898305085 0.00847457627119 0.00932203389831 0.0110169491525 0.0216101694915 0.00508474576271 0.0165254237288 0.00762711864407 0.00847457627119 0.110593220339 0.0665254237288 0.00677966101695 0.0224576271186 0.0627118644068 0.00296610169492 0.00593220338983 0.000847457627119 0.00720338983051 0.472033898305
31 0.0220338983051 0.00550847457627 0.00169491525424 0.000847457627119 0.122033898305 0.00423728813559 0.00169491525424 0.00720338983051 0.0021186440678 0.285169491525 0.0495762711864 0.00127118644068 0.00423728813559 0.000423728813559 0.0021186440678 0.00466101694915 0.00127118644068 0.010593220339 0.00127118644068 0.00254237288136 0.469491525424
32 0.0809322033898 0.0101694915254 0.0156779661017 0.0135593220339 0.00635593220339 0.1 0.00677966101695 0.00381355932203 0.00381355932203 0.00720338983051 0.00338983050847 0.0360169491525 0.00296610169492 0.00635593220339 0.0110169491525 0.122033898305 0.0495762711864 0.00720338983051 0.0402542372881 0.00296610169492 0.469915254237
33 0.0385593220339 0.00338983050847 0.00635593220339 0.00635593220339 0.0114406779661 0.0360169491525 0.0216101694915 0.0911016949153 0.00677966101695 0.0491525423729 0.0156779661017 0.010593220339 0.0135593220339 0.0254237288136 0.00974576271186 0.0580508474576 0.0300847457627 0.0822033898305 0.00423728813559 0.00974576271186 0.469915254237
34 0.0919491525424 0.00423728813559 0.00720338983051 0.00254237288136 0.00127118644068 0.26313559322 0.00296610169492 0.00169491525424 0.000847457627119 0.00338983050847 0.000847457627119 0.0546610169492 0.00381355932203 0.00296610169492 0.00550847457627 0.0216101694915 0.00423728813559 0.00381355932203 0.000423728813559 0.00423728813559 0.518644067797
35 0.0292372881356 0.00296610169492 0.109322033898 0.075 0.00466101694915 0.00932203389831 0.00508474576271 0.0127118644068 0.00338983050847 0.021186440678 0.0127118644068 0.0415254237288 0.0021186440678 0.021186440678 0.00593220338983 0.0343220338983 0.0161016949153 0.0283898305085 0.00127118644068 0.00762711864407 0.55593220339
36 0.0131355932203 0.00423728813559 0.00466101694915 0.00720338983051 0.0262711864407 0.00593220338983 0.00423728813559 0.00508474576271 0.00296610169492 0.0177966101695 0.00423728813559 0.0110169491525 0.0796610169492 0.00338983050847 0.00423728813559 0.0161016949153 0.0101694915254 0.0131355932203 0.00381355932203 0.0771186440678 0.685593220339
37 0.00974576271186 0.00381355932203 0.0203389830508 0.00423728813559 0.00677966101695 0.00593220338983 0.00338983050847 0.010593220339 0.00635593220339 0.0627118644068 0.0555084745763 0.00254237288136 0.119491525424 0.00381355932203 0.0173728813559 0.00932203389831 0.0186440677966 0.0127118644068 0.000423728813559 0.00762711864407 0.618644067797
38 0.0271398305085 0.00213983050847 0.105105932203 0.0106144067797 0.00807203389831 0.0390042372881 0.00891949152542 0.00256355932203 0.00171610169492 0.00807203389831 0.00171610169492 0.0305296610169 0.0195127118644 0.00298728813559 0.00595338983051 0.0207838983051 0.00976694915254 0.00383474576271 0.000444915254237 0.00213983050847 0.688983050847
39 0.0241525423729 0.000847457627119 0.014406779661 0.0338983050847 0.0139830508475 0.00338983050847 0.00508474576271 0.0118644067797 0.00550847457627 0.0385593220339 0.00254237288136 0.0127118644068 0.0555084745763 0.00381355932203 0.00720338983051 0.0156779661017 0.0127118644068 0.00974576271186 0.0021186440678 0.00593220338983 0.720338983051
40 0.0351694915254 0.000847457627119 0.0440677966102 0.0305084745763 0.00805084745763 0.0127118644068 0.00593220338983 0.00254237288136 0.00677966101695 0.00889830508475 0.00169491525424 0.0182203389831 0.00932203389831 0.00932203389831 0.014406779661 0.0411016949153 0.010593220339 0.00635593220339 0.00169491525424 0.00423728813559 0.727542372881
41 0.0266949152542 0.00254237288136 0.0122881355932 0.00762711864407 0.00677966101695 0.0677966101695 0.00974576271186 0.00847457627119 0.00466101694915 0.0686440677966 0.00889830508475 0.00847457627119 0.00974576271186 0.010593220339 0.0122881355932 0.0161016949153 0.0127118644068 0.00847457627119 0.000423728813559 0.00466101694915 0.692372881356
42 0.0148305084746 0.00381355932203 0.0991525423729 0.0156779661017 0.0669491525424 0.0114406779661 0.0216101694915 0.0169491525424 0.0165254237288 0.0449152542373 0.00423728813559 0.0351694915254 0.0101694915254 0.0101694915254 0.0114406779661 0.0190677966102 0.0173728813559 0.00847457627119 0.00169491525424 0.0110169491525 0.559322033898
43 0.0186440677966 0.0021186440678 0.0139830508475 0.0101694915254 0.0885593220339 0.0177966101695 0.00423728813559 0.0110169491525 0.0110169491525 0.0372881355932 0.00381355932203 0.00296610169492 0.166525423729 0.00635593220339 0.00508474576271 0.0161016949153 0.0207627118644 0.0148305084746 0.000847457627119 0.00974576271186 0.53813559322
44 0.0406779661017 0.00169491525424 0.0203389830508 0.0266949152542 0.0135593220339 0.0182203389831 0.00762711864407 0.0173728813559 0.0190677966102 0.0381355932203 0.0101694915254 0.00805084745763 0.089406779661 0.0186440677966 0.0262711864407 0.0254237288136 0.0156779661017 0.0220338983051 0.0156779661017 0.0114406779661 0.553813559322
45 0.0296610169492 0.0169491525424 0.00423728813559 0.00762711864407 0.00338983050847 0.00635593220339 0.00296610169492 0.0224576271186 0.00805084745763 0.028813559322 0.0131355932203 0.00338983050847 0.0343220338983 0.00508474576271 0.00381355932203 0.0152542372881 0.0694915254237 0.053813559322 0.00254237288136 0.00805084745763 0.660593220339
46 0.0436440677966 0.00677966101695 0.0161016949153 0.0110169491525 0.0224576271186 0.00466101694915 0.0194915254237 0.014406779661 0.00889830508475 0.0436440677966 0.00635593220339 0.010593220339 0.179237288136 0.00720338983051 0.0101694915254 0.0241525423729 0.0139830508475 0.0127118644068 0.00296610169492 0.00720338983051 0.534322033898
47 0.044936440678 2.1186440678e-05 0.0563771186441 0.0758686440678 0.00341101694915 0.0123093220339 0.00383474576271 0.00934322033898 0.0419703389831 0.013156779661 0.000868644067797 0.0114618644068 0.111461864407 0.0356144067797 0.0292584745763 0.0279872881356 0.0156991525424 0.00637711864407 0.00213983050847 0.00129237288136 0.496610169492
48 0.075 0.0110169491525 0.0233050847458 0.0665254237288 0.0258474576271 0.0203389830508 0.025 0.0190677966102 0.0182203389831 0.0300847457627 0.00593220338983 0.0101694915254 0.0381355932203 0.0173728813559 0.0194915254237 0.0406779661017 0.0220338983051 0.0334745762712 0.00423728813559 0.00889830508475 0.485169491525
49 0.0364406779661 0.00466101694915 0.00169491525424 0.00296610169492 0.0300847457627 0.000847457627119 0.000423728813559 0.123728813559 0.000423728813559 0.10593220339 0.0203389830508 0.000423728813559 0.00296610169492 0.000423728813559 0.000423728813559 0.00423728813559 0.00720338983051 0.176271186441 0.0283898305085 0.00847457627119 0.443644067797
50 0.0508474576271 0.00508474576271 0.0118644067797 0.0152542372881 0.00847457627119 0.0110169491525 0.010593220339 0.0584745762712 0.0707627118644 0.0555084745763 0.00889830508475 0.00974576271186 0.00593220338983 0.0398305084746 0.0906779661017 0.0283898305085 0.0271186440678 0.0436440677966 0.000847457627119 0.00381355932203 0.443220338983
51 0.0542372881356 0.000423728813559 0.0796610169492 0.125423728814 0.0021186440678 0.00805084745763 0.00974576271186 0.00381355932203 0.0631355932203 0.010593220339 0.00169491525424 0.0190677966102 0.00805084745763 0.05 0.0618644067797 0.0296610169492 0.010593220339 0.00338983050847 0.0021186440678 0.00338983050847 0.452966101695
52 0.252542372881 0.0114406779661 0.00635593220339 0.0228813559322 0.00932203389831 0.0190677966102 0.00805084745763 0.0194915254237 0.0207627118644 0.0300847457627 0.00593220338983 0.00508474576271 0.00296610169492 0.00593220338983 0.0177966101695 0.0271186440678 0.0237288135593 0.0283898305085 0.000847457627119 0.0122881355932 0.469915254237
53 0.0707627118644 0.00593220338983 0.00381355932203 0.0165254237288 0.0283898305085 0.00974576271186 0.0021186440678 0.0601694915254 0.00593220338983 0.147881355932 0.0423728813559 0.00169491525424 0.0021186440678 0.0148305084746 0.0114406779661 0.0173728813559 0.0254237288136 0.0457627118644 0.00254237288136 0.0161016949153 0.46906779661
54 0.0542372881356 0.000847457627119 0.0347457627119 0.0627118644068 0.00508474576271 0.0110169491525 0.0101694915254 0.00889830508475 0.064406779661 0.0177966101695 0.00254237288136 0.0292372881356 0.00550847457627 0.05 0.0741525423729 0.0334745762712 0.0207627118644 0.00805084745763 0.0021186440678 0.00338983050847 0.500847457627
55 0.139406779661 0.00423728813559 0.0173728813559 0.0453389830508 0.00677966101695 0.0110169491525 0.0118644067797 0.0135593220339 0.0275423728814 0.0190677966102 0.00338983050847 0.0186440677966 0.00381355932203 0.0241525423729 0.0622881355932 0.0381355932203 0.0199152542373 0.0275423728814 0.0021186440678 0.0139830508475 0.489830508475
56 0.053813559322 0.00423728813559 0.00466101694915 0.00508474576271 0.0169491525424 0.00762711864407 0.00423728813559 0.0733050847458 0.00338983050847 0.141525423729 0.0237288135593 0.00974576271186 0.00338983050847 0.0021186440678 0.00677966101695 0.0165254237288 0.0118644067797 0.0622881355932 0.00677966101695 0.0173728813559 0.524576271186
57 0.0673728813559 0.00296610169492 0.0478813559322 0.0389830508475 0.00762711864407 0.0233050847458 0.00932203389831 0.0131355932203 0.035593220339 0.0432203389831 0.00932203389831 0.0182203389831 0.00847457627119 0.0334745762712 0.0576271186441 0.0427966101695 0.025 0.0169491525424 0.00169491525424 0.00338983050847 0.493644067797
58 0.0296610169492 0.00169491525424 0.0372881355932 0.0504237288136 0.00423728813559 0.0118644067797 0.00762711864407 0.00805084745763 0.0283898305085 0.00974576271186 0.00381355932203 0.025 0.00550847457627 0.0233050847458 0.0326271186441 0.0266949152542 0.0186440677966 0.00550847457627 0.000847457627119 0.0021186440678 0.666949152542
59 0.0271186440678 0.000423728813559 0.028813559322 0.0169491525424 0.00381355932203 0.0584745762712 0.00423728813559 0.00466101694915 0.0122881355932 0.0127118644068 0.00635593220339 0.0199152542373 0.0576271186441 0.010593220339 0.0169491525424 0.0233050847458 0.0165254237288 0.0114406779661 0.00169491525424 0.00423728813559 0.66186440678
60 0.0470338983051 0.00423728813559 0.0470338983051 0.0330508474576 0.00932203389831 0.0326271186441 0.0338983050847 0.0122881355932 0.0271186440678 0.0228813559322 0.00720338983051 0.0275423728814 0.0368644067797 0.021186440678 0.0313559322034 0.0440677966102 0.0351694915254 0.025 0.00254237288136 0.00720338983051 0.492372881356
61 0.0398305084746 0.00254237288136 0.0436440677966 0.0478813559322 0.00932203389831 0.104661016949 0.0194915254237 0.00805084745763 0.0347457627119 0.0415254237288 0.00635593220339 0.0326271186441 0.0258474576271 0.0262711864407 0.0351694915254 0.0516949152542 0.0275423728814 0.0131355932203 0.00805084745763 0.0110169491525 0.410593220339
62 0.0597457627119 0.00974576271186 0.0322033898305 0.0165254237288 0.0330508474576 0.021186440678 0.0199152542373 0.0521186440678 0.0177966101695 0.0978813559322 0.0122881355932 0.0279661016949 0.0190677966102 0.0131355932203 0.0127118644068 0.0533898305085 0.021186440678 0.0491525423729 0.014406779661 0.0262711864407 0.390254237288
63 0.028813559322 0.00720338983051 0.00889830508475 0.00720338983051 0.0694915254237 0.0326271186441 0.0470338983051 0.0131355932203 0.0152542372881 0.133474576271 0.0207627118644 0.0368644067797 0.00550847457627 0.0127118644068 0.0127118644068 0.035593220339 0.0555084745763 0.0173728813559 0.00720338983051 0.0453389830508 0.387288135593
64 0.0411016949153 0.00338983050847 0.0279661016949 0.0351694915254 0.0110169491525 0.147033898305 0.0313559322034 0.00720338983051 0.0283898305085 0.0148305084746 0.00169491525424 0.0377118644068 0.0131355932203 0.0639830508475 0.0614406779661 0.0584745762712 0.0279661016949 0.00932203389831 0.00127118644068 0.0118644067797 0.365677966102
65 0.0122881355932 0.00381355932203 0.00466101694915 0.00381355932203 0.0177966101695 0.00508474576271 0.00677966101695 0.00593220338983 0.0021186440678 0.0114406779661 0.00381355932203 0.00466101694915 0.0110169491525 0.00508474576271 0.00974576271186 0.0385593220339 0.00720338983051 0.00677966101695 0.00254237288136 0.474576271186 0.362288135593
66 0.0580508474576 0.00805084745763 0.0241525423729 0.0190677966102 0.00635593220339 0.107627118644 0.0135593220339 0.0110169491525 0.00677966101695 0.0292372881356 0.00508474576271 0.0139830508475 0.0881355932203 0.0300847457627 0.0444915254237 0.0707627118644 0.0758474576271 0.014406779661 0.00254237288136 0.0114406779661 0.359322033898
67 0.0389830508475 0.00127118644068 0.0690677966102 0.0292372881356 0.0127118644068 0.0283898305085 0.0148305084746 0.00847457627119 0.00847457627119 0.0470338983051 0.00805084745763 0.0190677966102 0.122881355932 0.0177966101695 0.0207627118644 0.0610169491525 0.0216101694915 0.0148305084746 0.0021186440678 0.0161016949153 0.437288135593
68 0.05 0.00381355932203 0.0322033898305 0.0199152542373 0.0271186440678 0.0241525423729 0.010593220339 0.0495762711864 0.00720338983051 0.0419491525424 0.0127118644068 0.0216101694915 0.108050847458 0.0161016949153 0.0161016949153 0.0652542372881 0.0588983050847 0.0389830508475 0.00762711864407 0.0169491525424 0.371186440678
69 0.0737288135593 0.00805084745763 0.0351694915254 0.0470338983051 0.0152542372881 0.0419491525424 0.0182203389831 0.0165254237288 0.0275423728814 0.039406779661 0.00974576271186 0.0254237288136 0.0347457627119 0.0572033898305 0.0427966101695 0.0508474576271 0.0449152542373 0.0114406779661 0.00720338983051 0.0165254237288 0.376271186441
70 0.0194915254237 0.0021186440678 0.0237288135593 0.0148305084746 0.00805084745763 0.454661016949 0.00677966101695 0.00932203389831 0.00593220338983 0.0194915254237 0.0021186440678 0.00593220338983 0.00847457627119 0.00508474576271 0.010593220339 0.00974576271186 0.0135593220339 0.00889830508475 0.00254237288136 0.0152542372881 0.353389830508
71 0.0305084745763 0.00677966101695 0.0508474576271 0.0415254237288 0.0156779661017 0.00847457627119 0.028813559322 0.0555084745763 0.0101694915254 0.123728813559 0.00889830508475 0.035593220339 0.00847457627119 0.0135593220339 0.0199152542373 0.0508474576271 0.0427966101695 0.0334745762712 0.00508474576271 0.0449152542373 0.364406779661
72 0.0618644067797 0.00254237288136 0.0347457627119 0.0826271186441 0.0114406779661 0.0135593220339 0.0127118644068 0.0156779661017 0.0275423728814 0.0597457627119 0.00762711864407 0.0131355932203 0.148305084746 0.0334745762712 0.0351694915254 0.0330508474576 0.0377118644068 0.0165254237288 0.00254237288136 0.0131355932203 0.33686440678
73 0.0779661016949 0.00127118644068 0.0614406779661 0.171610169492 0.00508474576271 0.0343220338983 0.0122881355932 0.00974576271186 0.0419491525424 0.0177966101695 0.00550847457627 0.0177966101695 0.0504237288136 0.039406779661 0.0580508474576 0.0546610169492 0.0203389830508 0.0241525423729 0.00466101694915 0.00677966101695 0.284745762712
74 0.0593220338983 0.00677966101695 0.00720338983051 0.00762711864407 0.0957627118644 0.00550847457627 0.0194915254237 0.0283898305085 0.00127118644068 0.358474576271 0.00635593220339 0.00338983050847 0.00466101694915 0.0118644067797 0.00338983050847 0.0122881355932 0.0254237288136 0.0440677966102 0.00169491525424 0.0313559322034 0.265677966102
75 0.025 0.0131355932203 0.00169491525424 0.0343220338983 0.00677966101695 0.00508474576271 0.0330508474576 0.0292372881356 0.0610169491525 0.0516949152542 0.00381355932203 0.014406779661 0.00127118644068 0.0156779661017 0.373305084746 0.0101694915254 0.0169491525424 0.0262711864407 0.000423728813559 0.0199152542373 0.256779661017
76 0.0860169491525 0.00127118644068 0.0563559322034 0.196610169492 0.0021186440678 0.0152542372881 0.0161016949153 0.00762711864407 0.0805084745763 0.0199152542373 0.00338983050847 0.0338983050847 0.00381355932203 0.101694915254 0.0572033898305 0.0398305084746 0.0309322033898 0.0101694915254 0.000423728813559 0.00466101694915 0.232203389831
77 0.290677966102 0.00720338983051 0.0131355932203 0.0724576271186 0.00805084745763 0.0110169491525 0.00635593220339 0.0266949152542 0.0309322033898 0.0555084745763 0.00508474576271 0.0118644067797 0.00127118644068 0.0440677966102 0.0432203389831 0.0631355932203 0.0360169491525 0.021186440678 0.0148305084746 0.00593220338983 0.231355932203
78 0.0682203389831 0.00805084745763 0.000423728813559 0.000423728813559 0.0529661016949 0.0220338983051 0.000847457627119 0.213559322034 0.000847457627119 0.217372881356 0.0173728813559 0.000423728813559 0.000423728813559 0.00254237288136 0.000847457627119 0.00635593220339 0.014406779661 0.125847457627 0.00762711864407 0.00889830508475 0.230508474576
79 0.359745762712 0.0233050847458 0.00296610169492 0.0555084745763 0.00593220338983 0.0186440677966 0.00381355932203 0.0317796610169 0.0262711864407 0.025 0.00889830508475 0.00338983050847 0.0021186440678 0.0305084745763 0.0305084745763 0.0728813559322 0.0241525423729 0.0402542372881 0.000847457627119 0.00254237288136 0.23093220339
80 0.0864406779661 0.00296610169492 0.0813559322034 0.117796610169 0.00338983050847 0.0415254237288 0.0245762711864 0.00381355932203 0.0851694915254 0.0118644067797 0.00127118644068 0.0563559322034 0.00593220338983 0.0610169491525 0.0860169491525 0.05 0.0317796610169 0.00423728813559 0.00381355932203 0.00550847457627 0.235169491525
81 0.0254237288136 0.000847457627119 0.0148305084746 0.0262711864407 0.108050847458 0.00466101694915 0.0521186440678 0.0186440677966 0.0444915254237 0.111016949153 0.0165254237288 0.00296610169492 0.000847457627119 0.0127118644068 0.0614406779661 0.0127118644068 0.0101694915254 0.0148305084746 0.121186440678 0.105084745763 0.235169491525
82 0.028813559322 0.010593220339 0.000423728813559 0.00974576271186 0.0694915254237 0.00381355932203 0.025 0.0779661016949 0.000847457627119 0.25593220339 0.0432203389831 0.00593220338983 0.00338983050847 0.0161016949153 0.00423728813559 0.00974576271186 0.0173728813559 0.0572033898305 0.00805084745763 0.0919491525424 0.260169491525
83 0.0847457627119 0.00593220338983 0.0169491525424 0.0347457627119 0.0423728813559 0.0906779661017 0.0182203389831 0.00677966101695 0.0555084745763 0.0474576271186 0.00635593220339 0.0669491525424 0.00381355932203 0.0338983050847 0.05 0.0601694915254 0.0237288135593 0.010593220339 0.00508474576271 0.0283898305085 0.307627118644
84 0.0449152542373 0.00127118644068 0.0398305084746 0.0567796610169 0.0021186440678 0.0949152542373 0.0177966101695 0.00889830508475 0.0584745762712 0.0156779661017 0.00254237288136 0.0258474576271 0.0122881355932 0.0360169491525 0.0898305084746 0.0402542372881 0.0322033898305 0.0110169491525 0.00127118644068 0.00466101694915 0.403389830508
85 0.0237288135593 0.00550847457627 0.025 0.0427966101695 0.0381355932203 0.00762711864407 0.0245762711864 0.0173728813559 0.0343220338983 0.0385593220339 0.00932203389831 0.0186440677966 0.0110169491525 0.0330508474576 0.103813559322 0.0305084745763 0.021186440678 0.0322033898305 0.0131355932203 0.0161016949153 0.453389830508
86 0.0114406779661 0.00338983050847 0.0364406779661 0.021186440678 0.0487288135593 0.0453389830508 0.0521186440678 0.010593220339 0.021186440678 0.0385593220339 0.00593220338983 0.0233050847458 0.0110169491525 0.0190677966102 0.0385593220339 0.0275423728814 0.0156779661017 0.010593220339 0.00720338983051 0.0614406779661 0.490677966102
87 0.025 0.00381355932203 0.0228813559322 0.0118644067797 0.0114406779661 0.119491525424 0.0127118644068 0.0406779661017 0.0135593220339 0.0317796610169 0.00635593220339 0.0347457627119 0.0118644067797 0.021186440678 0.028813559322 0.0283898305085 0.00805084745763 0.0296610169492 0.00169491525424 0.0114406779661 0.524576271186
88 0.028813559322 0.00762711864407 0.0254237288136 0.021186440678 0.0122881355932 0.0262711864407 0.0161016949153 0.028813559322 0.0292372881356 0.0360169491525 0.00805084745763 0.0152542372881 0.0334745762712 0.0169491525424 0.0199152542373 0.0237288135593 0.0271186440678 0.0449152542373 0.0296610169492 0.0186440677966 0.530508474576
89 0.0317796610169 0.0021186440678 0.0254237288136 0.0377118644068 0.00254237288136 0.00635593220339 0.00762711864407 0.00974576271186 0.0173728813559 0.00974576271186 0.00127118644068 0.0207627118644 0.035593220339 0.0127118644068 0.010593220339 0.0237288135593 0.0199152542373 0.0114406779661 0.00127118644068 0.00338983050847 0.708898305085
90 0.0822033898305 0.0351694915254 0.00677966101695 0.00889830508475 0.0194915254237 0.010593220339 0.00254237288136 0.0919491525424 0.00423728813559 0.0754237288136 0.00550847457627 0.00381355932203 0.0135593220339 0.00296610169492 0.00635593220339 0.0173728813559 0.0296610169492 0.123728813559 0.00466101694915 0.025 0.430084745763
91 0.0347457627119 0.00381355932203 0.125 0.0639830508475 0.00127118644068 0.0254237288136 0.0127118644068 0.00593220338983 0.0385593220339 0.0101694915254 0.0021186440678 0.0326271186441 0.0466101694915 0.0283898305085 0.0245762711864 0.0703389830508 0.0563559322034 0.00847457627119 0.00169491525424 0.00296610169492 0.404237288136
92 0.0936440677966 0.0021186440678 0.0233050847458 0.0504237288136 0.00381355932203 0.0177966101695 0.00720338983051 0.0135593220339 0.0326271186441 0.0135593220339 0.00423728813559 0.0131355932203 0.212288135593 0.0127118644068 0.0228813559322 0.0415254237288 0.0275423728814 0.0216101694915 0.00593220338983 0.00720338983051 0.372881355932
93 0.046186440678 0.0021186440678 0.180508474576 0.206779661017 0.00550847457627 0.0305084745763 0.0139830508475 0.0021186440678 0.0411016949153 0.00677966101695 0.00296610169492 0.0402542372881 0.0233050847458 0.0296610169492 0.0258474576271 0.0495762711864 0.0228813559322 0.00466101694915 0.00550847457627 0.00677966101695 0.252966101695
94 0.0305084745763 0.00889830508475 0.0953389830508 0.126694915254 0.00593220338983 0.0182203389831 0.0466101694915 0.00338983050847 0.0220338983051 0.00720338983051 0.00805084745763 0.107627118644 0.0021186440678 0.0970338983051 0.0766949152542 0.0415254237288 0.0199152542373 0.00508474576271 0.0300847457627 0.0114406779661 0.235593220339
95 0.0432203389831 0.0194915254237 0.000423728813559 0.0021186440678 0.0207627118644 0.00593220338983 0.00127118644068 0.26186440678 0.0 0.101271186441 0.0165254237288 0.00127118644068 0.00254237288136 0.00169491525424 0.000847457627119 0.010593220339 0.0186440677966 0.211440677966 0.00381355932203 0.00466101694915 0.271610169492
96 0.0177966101695 0.00466101694915 0.00508474576271 0.0169491525424 0.00338983050847 0.00466101694915 0.00381355932203 0.00974576271186 0.0021186440678 0.021186440678 0.0021186440678 0.00762711864407 0.000847457627119 0.00635593220339 0.00254237288136 0.00762711864407 0.00550847457627 0.0207627118644 0.000423728813559 0.00169491525424 0.855084745763
97 0.0122881355932 0.00593220338983 0.0 0.00169491525424 0.00635593220339 0.00847457627119 0.000423728813559 0.0305084745763 0.0 0.0127118644068 0.0021186440678 0.000847457627119 0.00677966101695 0.00169491525424 0.0 0.0114406779661 0.00974576271186 0.0436440677966 0.000423728813559 0.00169491525424 0.843220338983
98 0.0885593220339 0.0241525423729 0.000847457627119 0.00508474576271 0.0487288135593 0.00932203389831 0.00889830508475 0.120762711864 0.00550847457627 0.185593220339 0.0402542372881 0.00296610169492 0.00254237288136 0.0127118644068 0.021186440678 0.0190677966102 0.0317796610169 0.179661016949 0.00338983050847 0.0114406779661 0.177542372881
99 0.0411016949153 0.014406779661 0.0021186440678 0.0021186440678 0.101694915254 0.00550847457627 0.00593220338983 0.150423728814 0.0021186440678 0.15 0.0224576271186 0.00338983050847 0.0444915254237 0.0258474576271 0.00466101694915 0.0161016949153 0.028813559322 0.177542372881 0.00423728813559 0.0203389830508 0.176694915254
100 0.0555084745763 0.039406779661 0.000847457627119 0.00169491525424 0.0542372881356 0.0898305084746 0.00508474576271 0.021186440678 0.0 0.0487288135593 0.00889830508475 0.0101694915254 0.00720338983051 0.00720338983051 0.000423728813559 0.0673728813559 0.338983050847 0.0974576271186 0.000423728813559 0.014406779661 0.13093220339
101 0.107224576271 0.0169703389831 0.0195127118644 0.0106144067797 0.00468220338983 0.0398516949153 0.027563559322 0.0254449152542 0.0152754237288 0.0288347457627 0.0106144067797 0.146631355932 0.124597457627 0.0165466101695 0.0229025423729 0.137733050847 0.0669703389831 0.0339194915254 0.00129237288136 0.0144279661017 0.128389830508
102 0.0131355932203 0.00889830508475 0.0161016949153 0.00254237288136 0.00127118644068 0.558474576271 0.00296610169492 0.000847457627119 0.000847457627119 0.000423728813559 0.00127118644068 0.0648305084746 0.00296610169492 0.00127118644068 0.00805084745763 0.146186440678 0.0347457627119 0.000847457627119 0.000847457627119 0.000423728813559 0.133050847458
103 0.229237288136 0.0283898305085 0.00338983050847 0.00296610169492 0.00550847457627 0.219915254237 0.0021186440678 0.0266949152542 0.000423728813559 0.0199152542373 0.00593220338983 0.00423728813559 0.00720338983051 0.0021186440678 0.00381355932203 0.121610169492 0.0915254237288 0.0919491525424 0.00127118644068 0.00423728813559 0.127542372881
104 0.0453389830508 0.00847457627119 0.0194915254237 0.0127118644068 0.0165254237288 0.0177966101695 0.0131355932203 0.0283898305085 0.0504237288136 0.0343220338983 0.0330508474576 0.0207627118644 0.000423728813559 0.115677966102 0.0245762711864 0.144491525424 0.207627118644 0.0368644067797 0.00550847457627 0.0347457627119 0.129661016949
105 0.0783898305085 0.00508474576271 0.0555084745763 0.185169491525 0.0101694915254 0.078813559322 0.0601694915254 0.010593220339 0.0021186440678 0.0203389830508 0.0233050847458 0.0313559322034 0.0372881355932 0.120762711864 0.00762711864407 0.0724576271186 0.0423728813559 0.0118644067797 0.00127118644068 0.0186440677966 0.126694915254
106 0.419915254237 0.00677966101695 0.00296610169492 0.00127118644068 0.00550847457627 0.209745762712 0.000423728813559 0.0258474576271 0.0 0.0758474576271 0.00550847457627 0.00338983050847 0.00466101694915 0.000423728813559 0.00127118644068 0.0614406779661 0.0224576271186 0.0254237288136 0.0 0.000423728813559 0.126694915254
107 0.0177966101695 0.00847457627119 0.00338983050847 0.00338983050847 0.0525423728814 0.00381355932203 0.00381355932203 0.214406779661 0.00127118644068 0.327118644068 0.0406779661017 0.0728813559322 0.000423728813559 0.00169491525424 0.00127118644068 0.00932203389831 0.0254237288136 0.0707627118644 0.00381355932203 0.0118644067797 0.125847457627
108 0.0860169491525 0.00762711864407 0.0779661016949 0.0533898305085 0.0694915254237 0.0233050847458 0.0368644067797 0.0220338983051 0.0101694915254 0.0584745762712 0.0296610169492 0.0809322033898 0.0021186440678 0.0330508474576 0.039406779661 0.0775423728814 0.0521186440678 0.0317796610169 0.0114406779661 0.0673728813559 0.129237288136
109 0.133050847458 0.0182203389831 0.0110169491525 0.00805084745763 0.0228813559322 0.0317796610169 0.0220338983051 0.0822033898305 0.0165254237288 0.222881355932 0.0368644067797 0.0364406779661 0.00169491525424 0.0216101694915 0.0186440677966 0.0449152542373 0.060593220339 0.0597457627119 0.00720338983051 0.0182203389831 0.125423728814
110 0.224152542373 0.0207627118644 0.000847457627119 0.000423728813559 0.0300847457627 0.0199152542373 0.000847457627119 0.135593220339 0.000847457627119 0.183474576271 0.0165254237288 0.0 0.0021186440678 0.0 0.00169491525424 0.0364406779661 0.0495762711864 0.146610169492 0.00169491525424 0.00466101694915 0.123728813559
111 0.133474576271 0.0275423728814 0.00169491525424 0.0021186440678 0.0860169491525 0.0173728813559 0.00338983050847 0.135593220339 0.00127118644068 0.235169491525 0.0495762711864 0.00423728813559 0.0199152542373 0.00508474576271 0.0021186440678 0.0347457627119 0.0228813559322 0.0783898305085 0.00127118644068 0.00974576271186 0.128389830508
112 0.0521186440678 0.00635593220339 0.0313559322034 0.0529661016949 0.0271186440678 0.0266949152542 0.0305084745763 0.00932203389831 0.0580508474576 0.0775423728814 0.0381355932203 0.0427966101695 0.0127118644068 0.0877118644068 0.159745762712 0.0758474576271 0.0385593220339 0.0110169491525 0.010593220339 0.0165254237288 0.134322033898
113 0.215677966102 0.0275423728814 0.00423728813559 0.0110169491525 0.025 0.0639830508475 0.0131355932203 0.0347457627119 0.00593220338983 0.114830508475 0.0190677966102 0.0245762711864 0.0021186440678 0.0101694915254 0.010593220339 0.0919491525424 0.0872881355932 0.0516949152542 0.00254237288136 0.0177966101695 0.166101694915
114 0.0516949152542 0.0156779661017 0.00169491525424 0.00169491525424 0.116101694915 0.00338983050847 0.00762711864407 0.0834745762712 0.0021186440678 0.392372881356 0.0203389830508 0.00169491525424 0.00169491525424 0.00635593220339 0.00932203389831 0.0110169491525 0.0241525423729 0.0716101694915 0.00847457627119 0.0347457627119 0.134745762712
115 0.0987288135593 0.0631355932203 0.0173728813559 0.0118644067797 0.0347457627119 0.0419491525424 0.00550847457627 0.0432203389831 0.0330508474576 0.161440677966 0.0139830508475 0.0122881355932 0.0254237288136 0.0135593220339 0.0483050847458 0.0516949152542 0.078813559322 0.0741525423729 0.00127118644068 0.00593220338983 0.163559322034
116 0.0470338983051 0.00677966101695 0.0923728813559 0.0733050847458 0.00847457627119 0.0504237288136 0.0114406779661 0.010593220339 0.075 0.0322033898305 0.00381355932203 0.0682203389831 0.0283898305085 0.0466101694915 0.0677966101695 0.0453389830508 0.0237288135593 0.0118644067797 0.0101694915254 0.00466101694915 0.281779661017
117 0.0135593220339 0.000423728813559 0.010593220339 0.0131355932203 0.00889830508475 0.0127118644068 0.00720338983051 0.00381355932203 0.0169491525424 0.00974576271186 0.00127118644068 0.00762711864407 0.0271186440678 0.010593220339 0.0148305084746 0.00974576271186 0.00805084745763 0.00593220338983 0.0021186440678 0.00762711864407 0.808050847458
118 0.00762711864407 0.00254237288136 0.00550847457627 0.00423728813559 0.00466101694915 0.0110169491525 0.0021186440678 0.00550847457627 0.00508474576271 0.0122881355932 0.0021186440678 0.00296610169492 0.00550847457627 0.0021186440678 0.00974576271186 0.00508474576271 0.00296610169492 0.00466101694915 0.0 0.00508474576271 0.899152542373
