POS A C D E F G H I K L M N P Q R S T V W Y -
1 0.00272727272727 0.000909090909091 0.0 0.000909090909091 0.00636363636364 0.000909090909091 0.0 0.00818181818182 0.000909090909091 0.0163636363636 0.0227272727273 0.0109090909091 0.00363636363636 0.000909090909091 0.0 0.00181818181818 0.0 0.00272727272727 0.0 0.00272727272727 0.917272727273
2 0.0109090909091 0.0 0.0345454545455 0.0345454545455 0.000909090909091 0.00909090909091 0.01 0.00727272727273 0.0145454545455 0.0109090909091 0.0363636363636 0.0218181818182 0.05 0.0136363636364 0.0109090909091 0.04 0.0154545454545 0.00727272727273 0.0 0.00272727272727 0.669090909091
3 0.0181818181818 0.000909090909091 0.0663636363636 0.0363636363636 0.00727272727273 0.133636363636 0.0145454545455 0.00545454545455 0.0345454545455 0.0145454545455 0.0209090909091 0.0445454545455 0.0454545454545 0.0163636363636 0.0290909090909 0.04 0.0318181818182 0.00545454545455 0.000909090909091 0.0127272727273 0.420909090909
4 0.0482272727273 0.0173181818182 0.0564090909091 0.0482272727273 0.0291363636364 0.0236818181818 0.0264090909091 0.0173181818182 0.0382272727273 0.0236818181818 0.0182272727273 0.0318636363636 0.0318636363636 0.0255 0.0336818181818 0.0536818181818 0.0764090909091 0.0282272727273 0.0473181818182 0.0209545454545 0.303636363636
5 0.0336818181818 0.0118636363636 0.00459090909091 0.0100454545455 0.0382272727273 0.00731818181818 0.00822727272727 0.140954545455 0.00731818181818 0.172772727273 0.0336818181818 0.00731818181818 0.0173181818182 0.0100454545455 0.0145909090909 0.0164090909091 0.0418636363636 0.129136363636 0.0345909090909 0.0491363636364 0.210909090909
6 0.0290909090909 0.00909090909091 0.0190909090909 0.0345454545455 0.01 0.00363636363636 0.0363636363636 0.09 0.163636363636 0.05 0.00818181818182 0.0263636363636 0.00545454545455 0.0272727272727 0.0490909090909 0.0327272727273 0.09 0.131818181818 0.00545454545455 0.0209090909091 0.157272727273
7 0.0691363636364 0.0555 4.54545454545e-05 0.00277272727273 0.0527727272727 0.00913636363636 0.000954545454545 0.233681818182 0.00186363636364 0.157318181818 0.0145909090909 0.00459090909091 0.00277272727273 4.54545454545e-05 0.0055 0.00277272727273 0.0055 0.210954545455 0.0164090909091 0.0164090909091 0.137272727273
8 0.0427272727273 0.00545454545455 0.00545454545455 0.00909090909091 0.172727272727 0.00727272727273 0.0190909090909 0.0218181818182 0.01 0.00727272727273 0.00636363636364 0.139090909091 0.00363636363636 0.0118181818182 0.0127272727273 0.0218181818182 0.0218181818182 0.01 0.0381818181818 0.302727272727 0.130909090909
9 0.0309090909091 0.0445454545455 0.00727272727273 0.00545454545455 0.0654545454545 0.0118181818182 0.000909090909091 0.0781818181818 0.00363636363636 0.0272727272727 0.0145454545455 0.000909090909091 0.00454545454545 0.00363636363636 0.00454545454545 0.0727272727273 0.337272727273 0.154545454545 0.00181818181818 0.00545454545455 0.124545454545
10 0.0273181818182 0.00913636363636 0.698227272727 0.0145909090909 0.000954545454545 0.0227727272727 0.0136818181818 0.00368181818182 0.0109545454545 0.00368181818182 0.00640909090909 0.0209545454545 0.00459090909091 0.00186363636364 0.0100454545455 0.0191363636364 0.00913636363636 0.00277272727273 4.54545454545e-05 0.000954545454545 0.119090909091
11 0.2 0.00454545454545 0.00636363636364 0.00454545454545 0.000909090909091 0.537272727273 0.00363636363636 0.00181818181818 0.00181818181818 0.00545454545455 0.00727272727273 0.0109090909091 0.00363636363636 0.00181818181818 0.0136363636364 0.0318181818182 0.02 0.02 0.000909090909091 0.00363636363636 0.12
12 0.165454545455 0.0181818181818 0.00363636363636 0.00454545454545 0.00818181818182 0.0581818181818 0.00636363636364 0.0109090909091 0.00545454545455 0.0163636363636 0.00363636363636 0.00727272727273 0.00909090909091 0.00454545454545 0.0118181818182 0.486363636364 0.0263636363636 0.0227272727273 0.00272727272727 0.00636363636364 0.121818181818
13 0.0673181818182 0.107318181818 0.0100454545455 0.0109545454545 0.0882272727273 0.0209545454545 0.0155 0.0209545454545 0.0582272727273 0.0364090909091 0.0182272727273 0.0055 0.00731818181818 0.00731818181818 0.0400454545455 0.0882272727273 0.0373181818182 0.0745909090909 0.0564090909091 0.0655 0.163636363636
14 0.0227727272727 0.0155 0.0536818181818 0.0282272727273 0.0291363636364 0.0164090909091 0.0400454545455 0.0600454545455 0.0855 0.0764090909091 0.0118636363636 0.0600454545455 0.0164090909091 0.0273181818182 0.113681818182 0.0664090909091 0.0409545454545 0.0336818181818 0.000954545454545 0.0282272727273 0.172727272727
15 0.0473181818182 0.00822727272727 0.0364090909091 0.0600454545455 0.0055 0.103681818182 0.0245909090909 0.0209545454545 0.0764090909091 0.0227727272727 0.00731818181818 0.0782272727273 0.0800454545455 0.0400454545455 0.0409545454545 0.0745909090909 0.0309545454545 0.0382272727273 0.00913636363636 0.0200454545455 0.174545454545
16 0.0327727272727 0.0055 0.0591363636364 0.0536818181818 0.0109545454545 0.0700454545455 0.0245909090909 0.00913636363636 0.0573181818182 0.0200454545455 0.00640909090909 0.1655 0.0264090909091 0.0364090909091 0.0318636363636 0.0827727272727 0.0355 0.0218636363636 0.0055 0.0109545454545 0.233636363636
17 0.0363636363636 0.00636363636364 0.0418181818182 0.0390909090909 0.00636363636364 0.14 0.0172727272727 0.00454545454545 0.0418181818182 0.0181818181818 0.00272727272727 0.0463636363636 0.0763636363636 0.0345454545455 0.0354545454545 0.0790909090909 0.0627272727273 0.01 0.00272727272727 0.00636363636364 0.291818181818
18 0.0309090909091 0.00727272727273 0.0354545454545 0.0281818181818 0.00818181818182 0.220909090909 0.0190909090909 0.00909090909091 0.0590909090909 0.0218181818182 0.00818181818182 0.0454545454545 0.0163636363636 0.03 0.0609090909091 0.0481818181818 0.0363636363636 0.0118181818182 0.00454545454545 0.00818181818182 0.29
19 0.0618181818182 0.0127272727273 0.0218181818182 0.0372727272727 0.0136363636364 0.0509090909091 0.0209090909091 0.0427272727273 0.0890909090909 0.0418181818182 0.01 0.0327272727273 0.0554545454545 0.0309090909091 0.0763636363636 0.0590909090909 0.0372727272727 0.0527272727273 0.00636363636364 0.0127272727273 0.233636363636
20 0.209090909091 0.0227272727273 0.0145454545455 0.0154545454545 0.0154545454545 0.164545454545 0.00818181818182 0.0409090909091 0.0190909090909 0.0172727272727 0.0245454545455 0.0172727272727 0.00636363636364 0.00454545454545 0.0245454545455 0.0872727272727 0.0563636363636 0.0727272727273 0.00272727272727 0.0154545454545 0.160909090909
21 0.131818181818 0.0136363636364 0.00909090909091 0.01 0.00545454545455 0.470909090909 0.00454545454545 0.00818181818182 0.0181818181818 0.00727272727273 0.00363636363636 0.0154545454545 0.00454545454545 0.00909090909091 0.0254545454545 0.0718181818182 0.0281818181818 0.0254545454545 0.00727272727273 0.00545454545455 0.124545454545
22 0.142727272727 0.0545454545455 0.00272727272727 0.00272727272727 0.0663636363636 0.0263636363636 0.00909090909091 0.109090909091 0.0109090909091 0.0590909090909 0.0218181818182 0.00272727272727 0.00272727272727 0.00636363636364 0.0136363636364 0.05 0.0318181818182 0.0827272727273 0.0990909090909 0.0854545454545 0.12
23 0.223636363636 0.01 0.00545454545455 0.00727272727273 0.00181818181818 0.493636363636 0.000909090909091 0.00818181818182 0.00454545454545 0.00545454545455 0.00363636363636 0.00272727272727 0.00454545454545 0.00636363636364 0.0209090909091 0.0509090909091 0.0136363636364 0.0209090909091 0.00181818181818 0.00272727272727 0.110909090909
24 0.134545454545 0.0309090909091 0.00181818181818 0.00272727272727 0.0809090909091 0.104545454545 0.0 0.105454545455 0.000909090909091 0.0345454545455 0.0145454545455 0.00181818181818 0.00454545454545 0.000909090909091 0.00545454545455 0.0390909090909 0.0118181818182 0.168181818182 0.0809090909091 0.0690909090909 0.107272727273
25 0.107272727273 0.0181818181818 0.00181818181818 0.00454545454545 0.0463636363636 0.0118181818182 0.01 0.138181818182 0.00818181818182 0.0818181818182 0.0154545454545 0.00545454545455 0.000909090909091 0.00818181818182 0.00545454545455 0.02 0.04 0.273636363636 0.0236363636364 0.0672727272727 0.111818181818
26 0.0709090909091 0.0345454545455 0.00818181818182 0.00727272727273 0.0763636363636 0.05 0.00818181818182 0.170909090909 0.00727272727273 0.148181818182 0.0172727272727 0.00454545454545 0.00454545454545 0.00727272727273 0.0209090909091 0.0336363636364 0.0181818181818 0.130909090909 0.0327272727273 0.0372727272727 0.110909090909
27 0.0281818181818 0.0145454545455 0.01 0.0509090909091 0.0363636363636 0.0372727272727 0.0209090909091 0.0472727272727 0.0554545454545 0.0463636363636 0.0109090909091 0.0154545454545 0.0445454545455 0.0309090909091 0.188181818182 0.0381818181818 0.0409090909091 0.0945454545455 0.0190909090909 0.0618181818182 0.108181818182
28 0.0354545454545 0.0127272727273 0.182727272727 0.0372727272727 0.0281818181818 0.0454545454545 0.0309090909091 0.0281818181818 0.0354545454545 0.0290909090909 0.000909090909091 0.0954545454545 0.04 0.0254545454545 0.04 0.08 0.0336363636364 0.0245454545455 0.0181818181818 0.0527272727273 0.123636363636
29 0.0318181818182 0.00363636363636 0.0972727272727 0.06 0.0118181818182 0.183636363636 0.0272727272727 0.0109090909091 0.0354545454545 0.0236363636364 0.00727272727273 0.0963636363636 0.0654545454545 0.0336363636364 0.0372727272727 0.0572727272727 0.05 0.0163636363636 0.00454545454545 0.00727272727273 0.139090909091
30 0.0281818181818 0.00727272727273 0.0781818181818 0.0672727272727 0.00727272727273 0.251818181818 0.0218181818182 0.0136363636364 0.0490909090909 0.0227272727273 0.00818181818182 0.0654545454545 0.0272727272727 0.0345454545455 0.0372727272727 0.0645454545455 0.0309090909091 0.0145454545455 0.00363636363636 0.00909090909091 0.157272727273
31 0.0354545454545 0.0181818181818 0.0481818181818 0.0681818181818 0.0490909090909 0.0354545454545 0.0381818181818 0.0409090909091 0.0518181818182 0.0418181818182 0.0136363636364 0.0254545454545 0.0254545454545 0.0445454545455 0.0454545454545 0.0627272727273 0.0472727272727 0.0763636363636 0.0445454545455 0.0181818181818 0.169090909091
32 0.0327272727273 0.0172727272727 0.0209090909091 0.0645454545455 0.0327272727273 0.0227272727273 0.0218181818182 0.109090909091 0.0490909090909 0.0718181818182 0.0145454545455 0.0272727272727 0.0545454545455 0.03 0.0554545454545 0.0381818181818 0.0318181818182 0.112727272727 0.0236363636364 0.0236363636364 0.145454545455
33 0.0518181818182 0.0154545454545 0.0190909090909 0.05 0.0318181818182 0.0454545454545 0.0281818181818 0.0754545454545 0.07 0.108181818182 0.0236363636364 0.0254545454545 0.00818181818182 0.0336363636364 0.0672727272727 0.0463636363636 0.0518181818182 0.0536363636364 0.0190909090909 0.04 0.135454545455
34 0.0936363636364 0.0118181818182 0.0263636363636 0.0854545454545 0.0218181818182 0.0790909090909 0.0318181818182 0.0354545454545 0.0445454545455 0.05 0.0145454545455 0.0754545454545 0.0172727272727 0.0427272727273 0.05 0.0727272727273 0.0554545454545 0.0409090909091 0.0118181818182 0.0109090909091 0.128181818182
35 0.0854545454545 0.0209090909091 0.0118181818182 0.0318181818182 0.117272727273 0.0418181818182 0.0245454545455 0.0781818181818 0.0372727272727 0.09 0.0236363636364 0.0172727272727 0.00818181818182 0.0181818181818 0.0345454545455 0.0527272727273 0.0445454545455 0.0618181818182 0.0345454545455 0.0536363636364 0.111818181818
36 0.116363636364 0.0218181818182 0.02 0.0263636363636 0.0336363636364 0.0827272727273 0.0254545454545 0.0190909090909 0.06 0.0345454545455 0.00818181818182 0.0163636363636 0.0190909090909 0.0336363636364 0.0536363636364 0.204545454545 0.04 0.0281818181818 0.00727272727273 0.0445454545455 0.104545454545
37 0.0518181818182 0.0172727272727 0.0163636363636 0.0481818181818 0.0345454545455 0.16 0.0145454545455 0.0363636363636 0.0736363636364 0.0663636363636 0.01 0.0218181818182 0.0554545454545 0.0245454545455 0.0836363636364 0.06 0.0327272727273 0.05 0.0154545454545 0.02 0.107272727273
38 0.0490909090909 0.0218181818182 0.0254545454545 0.0327272727273 0.0372727272727 0.0745454545455 0.0163636363636 0.0636363636364 0.0490909090909 0.105454545455 0.0209090909091 0.0327272727273 0.0745454545455 0.0218181818182 0.0445454545455 0.0809090909091 0.0436363636364 0.0463636363636 0.00181818181818 0.0372727272727 0.12
39 0.0372727272727 0.0254545454545 0.0436363636364 0.0781818181818 0.0409090909091 0.06 0.02 0.0645454545455 0.0345454545455 0.127272727273 0.0127272727273 0.0309090909091 0.0690909090909 0.0209090909091 0.0509090909091 0.0554545454545 0.0481818181818 0.0645454545455 0.00454545454545 0.0209090909091 0.09
40 0.0555 0.0118636363636 0.0573181818182 0.0582272727273 0.0318636363636 0.160045454545 0.0373181818182 0.0173181818182 0.0509545454545 0.0400454545455 0.0055 0.0436818181818 0.0800454545455 0.0345909090909 0.0509545454545 0.0491363636364 0.0527727272727 0.0236818181818 0.0055 0.0164090909091 0.117272727273
41 0.0618181818182 0.0345454545455 0.0536363636364 0.0572727272727 0.0236363636364 0.0572727272727 0.0409090909091 0.0481818181818 0.0581818181818 0.0454545454545 0.0136363636364 0.0545454545455 0.0445454545455 0.0327272727273 0.0463636363636 0.0554545454545 0.0490909090909 0.0681818181818 0.00909090909091 0.0272727272727 0.118181818182
42 0.103636363636 0.0454545454545 0.0181818181818 0.0227272727273 0.0118181818182 0.0527272727273 0.0381818181818 0.0336363636364 0.0318181818182 0.0563636363636 0.0172727272727 0.0327272727273 0.0527272727273 0.0745454545455 0.0390909090909 0.104545454545 0.101818181818 0.0445454545455 0.0118181818182 0.0245454545455 0.0818181818182
43 0.0163636363636 0.01 0.0909090909091 0.0281818181818 0.00636363636364 0.0236363636364 0.0181818181818 0.00727272727273 0.0136363636364 0.0172727272727 0.00545454545455 0.0663636363636 0.0163636363636 0.00909090909091 0.0190909090909 0.280909090909 0.277272727273 0.00454545454545 0.00363636363636 0.00818181818182 0.0772727272727
44 0.121818181818 0.00363636363636 0.00363636363636 0.02 0.00454545454545 0.0163636363636 0.0109090909091 0.101818181818 0.0118181818182 0.0181818181818 0.00363636363636 0.188181818182 0.0763636363636 0.0154545454545 0.0145454545455 0.155454545455 0.03 0.120909090909 0.0 0.00636363636364 0.0763636363636
45 0.0372727272727 0.00545454545455 0.0245454545455 0.03 0.09 0.0218181818182 0.0309090909091 0.0463636363636 0.0136363636364 0.112727272727 0.0181818181818 0.182727272727 0.0136363636364 0.0872727272727 0.0181818181818 0.0372727272727 0.0554545454545 0.0381818181818 0.00181818181818 0.0590909090909 0.0754545454545
46 0.0609090909091 0.00727272727273 0.0681818181818 0.115454545455 0.0218181818182 0.0218181818182 0.0309090909091 0.0490909090909 0.0336363636364 0.0436363636364 0.0254545454545 0.0154545454545 0.00727272727273 0.0863636363636 0.12 0.0345454545455 0.0727272727273 0.07 0.0145454545455 0.0263636363636 0.0745454545455
47 0.529090909091 0.0218181818182 0.00272727272727 0.00363636363636 0.00454545454545 0.0872727272727 0.00272727272727 0.0136363636364 0.0136363636364 0.0609090909091 0.0363636363636 0.00454545454545 0.0109090909091 0.00272727272727 0.0154545454545 0.0481818181818 0.0381818181818 0.0409090909091 0.0 0.00363636363636 0.0590909090909
48 0.0118636363636 0.000954545454545 0.0164090909091 0.790045454545 0.000954545454545 0.0127727272727 0.00368181818182 0.00459090909091 0.0291363636364 0.00913636363636 0.00186363636364 0.0055 0.00277272727273 0.0118636363636 0.00277272727273 0.00731818181818 0.0109545454545 0.0127727272727 0.000954545454545 0.00459090909091 0.0590909090909
49 0.127272727273 0.0154545454545 0.000909090909091 0.0136363636364 0.0418181818182 0.00818181818182 0.000909090909091 0.11 0.00363636363636 0.372727272727 0.0472727272727 0.00181818181818 0.00272727272727 0.00454545454545 0.00181818181818 0.0163636363636 0.03 0.0590909090909 0.01 0.0754545454545 0.0563636363636
50 0.0836363636364 0.0145454545455 0.00363636363636 0.0945454545455 0.0345454545455 0.0136363636364 0.03 0.06 0.0336363636364 0.177272727273 0.0672727272727 0.0163636363636 0.00272727272727 0.0518181818182 0.0554545454545 0.0327272727273 0.0454545454545 0.0590909090909 0.0190909090909 0.0545454545455 0.05
51 0.667272727273 0.00727272727273 0.00636363636364 0.00636363636364 0.00272727272727 0.142727272727 0.00181818181818 0.00272727272727 0.00272727272727 0.00363636363636 0.00454545454545 0.000909090909091 0.00545454545455 0.00363636363636 0.00272727272727 0.0409090909091 0.0236363636364 0.0245454545455 0.0 0.000909090909091 0.0490909090909
52 0.102727272727 0.0472727272727 0.00363636363636 0.00454545454545 0.0372727272727 0.00545454545455 0.00181818181818 0.298181818182 0.0 0.22 0.0381818181818 0.00272727272727 0.000909090909091 0.00272727272727 0.00181818181818 0.00818181818182 0.0118181818182 0.164545454545 0.0 0.00272727272727 0.0454545454545
53 0.0681818181818 0.0145454545455 0.0109090909091 0.03 0.0318181818182 0.0154545454545 0.0181818181818 0.147272727273 0.06 0.229090909091 0.0172727272727 0.02 0.00272727272727 0.0236363636364 0.0790909090909 0.0281818181818 0.0381818181818 0.0609090909091 0.0154545454545 0.0454545454545 0.0436363636364
54 0.0836363636364 0.00909090909091 0.0309090909091 0.145454545455 0.0290909090909 0.0118181818182 0.0554545454545 0.0363636363636 0.0954545454545 0.109090909091 0.0445454545455 0.0336363636364 0.00272727272727 0.0445454545455 0.0718181818182 0.03 0.0309090909091 0.0263636363636 0.03 0.0390909090909 0.04
55 0.526363636364 0.0190909090909 0.00636363636364 0.00454545454545 0.00454545454545 0.225454545455 0.000909090909091 0.01 0.000909090909091 0.0281818181818 0.00272727272727 0.00272727272727 0.00181818181818 0.00272727272727 0.00545454545455 0.0436363636364 0.0245454545455 0.0463636363636 0.00181818181818 0.000909090909091 0.0409090909091
56 0.0363636363636 0.0154545454545 0.000909090909091 0.00454545454545 0.0327272727273 0.0 0.00636363636364 0.151818181818 0.00272727272727 0.510909090909 0.0490909090909 0.0 0.00272727272727 0.00181818181818 0.00363636363636 0.00545454545455 0.0163636363636 0.112727272727 0.000909090909091 0.00545454545455 0.04
57 0.0272727272727 0.00818181818182 0.0472727272727 0.189090909091 0.00545454545455 0.0154545454545 0.0245454545455 0.02 0.14 0.0654545454545 0.0118181818182 0.0354545454545 0.00363636363636 0.0954545454545 0.129090909091 0.0754545454545 0.0236363636364 0.0190909090909 0.00454545454545 0.0163636363636 0.0427272727273
58 0.0763636363636 0.0154545454545 0.0254545454545 0.0254545454545 0.0481818181818 0.00727272727273 0.0445454545455 0.0818181818182 0.04 0.157272727273 0.0345454545455 0.0172727272727 0.000909090909091 0.0372727272727 0.0645454545455 0.0590909090909 0.0481818181818 0.0509090909091 0.0609090909091 0.0563636363636 0.0481818181818
59 0.321863636364 0.0409545454545 0.00822727272727 0.0055 0.0491363636364 0.0200454545455 0.0127727272727 0.106409090909 0.00186363636364 0.143681818182 0.0255 0.00822727272727 0.00277272727273 0.00277272727273 0.0136818181818 0.0291363636364 0.0382272727273 0.0973181818182 0.00731818181818 0.0100454545455 0.0545454545455
60 0.0618181818182 0.0145454545455 0.0263636363636 0.0554545454545 0.0163636363636 0.0245454545455 0.0236363636364 0.0636363636364 0.0881818181818 0.113636363636 0.0190909090909 0.0336363636364 0.0718181818182 0.0509090909091 0.0663636363636 0.0445454545455 0.0345454545455 0.0609090909091 0.04 0.0163636363636 0.0736363636364
61 0.0472727272727 0.0109090909091 0.0581818181818 0.0745454545455 0.01 0.184545454545 0.0218181818182 0.0136363636364 0.0781818181818 0.03 0.00727272727273 0.0881818181818 0.0518181818182 0.0363636363636 0.0781818181818 0.06 0.0318181818182 0.0218181818182 0.00545454545455 0.00909090909091 0.0809090909091
62 0.0554545454545 0.0209090909091 0.0754545454545 0.0272727272727 0.0736363636364 0.0609090909091 0.0281818181818 0.0763636363636 0.0363636363636 0.0836363636364 0.0145454545455 0.0518181818182 0.0581818181818 0.0145454545455 0.0381818181818 0.0463636363636 0.0409090909091 0.0545454545455 0.0190909090909 0.0518181818182 0.0718181818182
63 0.0481818181818 0.0272727272727 0.0509090909091 0.0663636363636 0.0163636363636 0.0427272727273 0.0363636363636 0.0145454545455 0.106363636364 0.03 0.0118181818182 0.0427272727273 0.0309090909091 0.0654545454545 0.116363636364 0.0927272727273 0.0945454545455 0.03 0.00181818181818 0.0127272727273 0.0618181818182
64 0.0245454545455 0.0118181818182 0.0545454545455 0.0754545454545 0.00818181818182 0.0254545454545 0.0581818181818 0.0172727272727 0.132727272727 0.0109090909091 0.00545454545455 0.0909090909091 0.0954545454545 0.04 0.128181818182 0.0854545454545 0.0563636363636 0.0281818181818 0.00454545454545 0.00909090909091 0.0372727272727
65 0.0581818181818 0.00909090909091 0.00545454545455 0.00181818181818 0.0381818181818 0.0118181818182 0.00363636363636 0.244545454545 0.00636363636364 0.220909090909 0.0154545454545 0.00363636363636 0.00454545454545 0.00363636363636 0.00727272727273 0.01 0.0218181818182 0.266363636364 0.00818181818182 0.0209090909091 0.0381818181818
66 0.0354545454545 0.0190909090909 0.0245454545455 0.0718181818182 0.0218181818182 0.0 0.0463636363636 0.156363636364 0.0336363636364 0.0936363636364 0.0163636363636 0.0427272727273 0.00727272727273 0.0327272727273 0.0345454545455 0.0263636363636 0.107272727273 0.147272727273 0.0236363636364 0.0227272727273 0.0363636363636
67 0.0118181818182 0.0236363636364 0.00181818181818 0.00272727272727 0.08 0.00181818181818 0.00272727272727 0.436363636364 0.00363636363636 0.152727272727 0.0136363636364 0.000909090909091 0.00363636363636 0.00363636363636 0.00636363636364 0.00545454545455 0.00636363636364 0.203636363636 0.000909090909091 0.00545454545455 0.0327272727273
68 0.0454545454545 0.0354545454545 0.00545454545455 0.156363636364 0.141818181818 0.01 0.0418181818182 0.0472727272727 0.0345454545455 0.0954545454545 0.0136363636364 0.0172727272727 0.00272727272727 0.0209090909091 0.0581818181818 0.0118181818182 0.00272727272727 0.0590909090909 0.0163636363636 0.15 0.0336363636364
69 0.03 0.0418181818182 0.00181818181818 0.00636363636364 0.00636363636364 0.0718181818182 0.0109090909091 0.03 0.00454545454545 0.0336363636364 0.0218181818182 0.00818181818182 0.00272727272727 0.00272727272727 0.00727272727273 0.273636363636 0.36 0.0363636363636 0.00181818181818 0.0145454545455 0.0336363636364
70 0.00818181818182 0.00272727272727 0.773636363636 0.0163636363636 0.000909090909091 0.00818181818182 0.0127272727273 0.00454545454545 0.00818181818182 0.00363636363636 0.00181818181818 0.0381818181818 0.00727272727273 0.000909090909091 0.0154545454545 0.0327272727273 0.0145454545455 0.00545454545455 0.0 0.00636363636364 0.0381818181818
71 0.03 0.119090909091 0.0172727272727 0.01 0.0163636363636 0.00454545454545 0.00636363636364 0.00272727272727 0.00181818181818 0.0172727272727 0.0 0.120909090909 0.00545454545455 0.00363636363636 0.00363636363636 0.549090909091 0.00636363636364 0.00727272727273 0.0 0.0190909090909 0.0590909090909
72 0.0590909090909 0.00636363636364 0.0281818181818 0.0818181818182 0.00727272727273 0.0109090909091 0.00818181818182 0.0227272727273 0.142727272727 0.116363636364 0.0309090909091 0.0209090909091 0.00818181818182 0.184545454545 0.0690909090909 0.0672727272727 0.05 0.0154545454545 0.00363636363636 0.00454545454545 0.0618181818182
73 0.108181818182 0.000909090909091 0.0363636363636 0.0418181818182 0.0390909090909 0.0281818181818 0.0136363636364 0.0345454545455 0.0145454545455 0.0854545454545 0.0154545454545 0.0454545454545 0.0227272727273 0.0272727272727 0.0172727272727 0.126363636364 0.0609090909091 0.0545454545455 0.0118181818182 0.15 0.0654545454545
74 0.234545454545 0.0181818181818 0.00272727272727 0.00363636363636 0.0109090909091 0.00909090909091 0.0 0.0772727272727 0.0 0.185454545455 0.02 0.00818181818182 0.00181818181818 0.000909090909091 0.00272727272727 0.0509090909091 0.04 0.261818181818 0.000909090909091 0.00272727272727 0.0681818181818
75 0.0645454545455 0.02 0.00363636363636 0.01 0.0254545454545 0.00454545454545 0.00272727272727 0.239090909091 0.0163636363636 0.183636363636 0.0281818181818 0.00636363636364 0.00272727272727 0.0154545454545 0.0136363636364 0.0245454545455 0.0236363636364 0.236363636364 0.00363636363636 0.0290909090909 0.0463636363636
76 0.0518181818182 0.00727272727273 0.101818181818 0.0718181818182 0.00545454545455 0.0472727272727 0.0281818181818 0.0145454545455 0.116363636364 0.0254545454545 0.0172727272727 0.118181818182 0.00545454545455 0.102727272727 0.09 0.08 0.0354545454545 0.0127272727273 0.00272727272727 0.0181818181818 0.0472727272727
77 0.164545454545 0.0454545454545 0.0172727272727 0.0181818181818 0.02 0.0872727272727 0.0236363636364 0.0509090909091 0.0254545454545 0.0863636363636 0.0345454545455 0.0318181818182 0.000909090909091 0.0681818181818 0.0327272727273 0.0854545454545 0.06 0.0427272727273 0.02 0.0181818181818 0.0663636363636
78 0.0436363636364 0.0163636363636 0.000909090909091 0.00363636363636 0.0645454545455 0.00272727272727 0.00545454545455 0.235454545455 0.00181818181818 0.319090909091 0.0472727272727 0.00363636363636 0.00636363636364 0.00272727272727 0.00454545454545 0.01 0.0181818181818 0.120909090909 0.01 0.0172727272727 0.0654545454545
79 0.0618181818182 0.0181818181818 0.0281818181818 0.0436363636364 0.0145454545455 0.0281818181818 0.0336363636364 0.0127272727273 0.0845454545455 0.0481818181818 0.00727272727273 0.144545454545 0.0127272727273 0.0854545454545 0.0709090909091 0.0836363636364 0.11 0.0227272727273 0.00181818181818 0.0109090909091 0.0763636363636
80 0.0363636363636 0.01 0.0590909090909 0.0572727272727 0.00727272727273 0.112727272727 0.0236363636364 0.0127272727273 0.109090909091 0.0190909090909 0.00363636363636 0.0909090909091 0.00545454545455 0.0354545454545 0.08 0.109090909091 0.0409090909091 0.0136363636364 0.0 0.0154545454545 0.158181818182
81 0.0163636363636 0.00636363636364 0.0218181818182 0.0109090909091 0.0236363636364 0.0263636363636 0.0145454545455 0.0127272727273 0.0236363636364 0.0272727272727 0.00454545454545 0.0254545454545 0.0181818181818 0.0127272727273 0.04 0.0218181818182 0.0118181818182 0.01 0.115454545455 0.0309090909091 0.525454545455
82 0.0282272727273 0.0109545454545 0.00913636363636 0.00913636363636 0.0100454545455 0.0155 0.0055 0.0564090909091 0.0191363636364 0.103681818182 0.0209545454545 0.00822727272727 0.0182272727273 0.00913636363636 0.0227727272727 0.0209545454545 0.0127727272727 0.0318636363636 0.000954545454545 0.0200454545455 0.566363636364
83 0.0263636363636 0.00272727272727 0.0272727272727 0.0509090909091 0.0118181818182 0.0145454545455 0.0181818181818 0.00818181818182 0.0327272727273 0.0154545454545 0.00363636363636 0.0245454545455 0.05 0.0172727272727 0.0254545454545 0.0354545454545 0.0309090909091 0.0145454545455 0.01 0.0118181818182 0.568181818182
84 0.0209090909091 0.0 0.0209090909091 0.0272727272727 0.00272727272727 0.0654545454545 0.00727272727273 0.0145454545455 0.0672727272727 0.0163636363636 0.00454545454545 0.0327272727273 0.0163636363636 0.0127272727273 0.0354545454545 0.0281818181818 0.0272727272727 0.02 0.00272727272727 0.00454545454545 0.572727272727
85 0.00363636363636 0.00545454545455 0.00545454545455 0.00727272727273 0.0118181818182 0.00909090909091 0.01 0.0118181818182 0.01 0.01 0.00272727272727 0.0136363636364 0.0127272727273 0.00727272727273 0.01 0.0118181818182 0.00545454545455 0.00636363636364 0.196363636364 0.0145454545455 0.634545454545
86 0.0309090909091 0.00363636363636 0.0118181818182 0.0445454545455 0.00727272727273 0.00454545454545 0.0109090909091 0.01 0.0654545454545 0.0209090909091 0.01 0.0118181818182 0.00727272727273 0.0209090909091 0.04 0.0227272727273 0.00818181818182 0.01 0.0 0.00272727272727 0.656363636364
87 0.0281818181818 0.000909090909091 0.0318181818182 0.0227272727273 0.00363636363636 0.00636363636364 0.00909090909091 0.00727272727273 0.0481818181818 0.0172727272727 0.00818181818182 0.0181818181818 0.0127272727273 0.0254545454545 0.0536363636364 0.02 0.0163636363636 0.00727272727273 0.00181818181818 0.00454545454545 0.656363636364
88 0.0172727272727 0.00181818181818 0.0109090909091 0.0127272727273 0.00454545454545 0.0218181818182 0.00727272727273 0.00818181818182 0.0345454545455 0.00818181818182 0.0 0.1 0.00727272727273 0.0145454545455 0.0527272727273 0.0218181818182 0.0127272727273 0.00818181818182 0.00272727272727 0.00363636363636 0.649090909091
89 0.0245454545455 0.00454545454545 0.0527272727273 0.0490909090909 0.00454545454545 0.18 0.01 0.00909090909091 0.0281818181818 0.0145454545455 0.00454545454545 0.0481818181818 0.0309090909091 0.02 0.0281818181818 0.0290909090909 0.0190909090909 0.0127272727273 0.00272727272727 0.00363636363636 0.423636363636
90 0.0209090909091 0.00545454545455 0.00818181818182 0.01 0.0581818181818 0.0109090909091 0.00454545454545 0.01 0.0145454545455 0.0281818181818 0.0145454545455 0.00727272727273 0.0281818181818 0.00909090909091 0.02 0.0254545454545 0.0163636363636 0.00909090909091 0.21 0.0636363636364 0.425454545455
91 0.0281818181818 0.00545454545455 0.0172727272727 0.0336363636364 0.00454545454545 0.0218181818182 0.00909090909091 0.0445454545455 0.0945454545455 0.0581818181818 0.0190909090909 0.0127272727273 0.0281818181818 0.04 0.0945454545455 0.0290909090909 0.0445454545455 0.0381818181818 0.00181818181818 0.00545454545455 0.369090909091
92 0.0327272727273 0.0127272727273 0.02 0.02 0.00363636363636 0.0154545454545 0.00636363636364 0.02 0.0609090909091 0.0136363636364 0.00636363636364 0.06 0.0227272727273 0.0190909090909 0.0472727272727 0.0372727272727 0.0872727272727 0.0163636363636 0.000909090909091 0.00454545454545 0.492727272727
93 0.0763636363636 0.00636363636364 0.0118181818182 0.0172727272727 0.00454545454545 0.0263636363636 0.00909090909091 0.0163636363636 0.0572727272727 0.0263636363636 0.00818181818182 0.0272727272727 0.0281818181818 0.0227272727273 0.0472727272727 0.101818181818 0.0254545454545 0.0118181818182 0.0 0.00545454545455 0.47
94 0.0318181818182 0.00454545454545 0.0690909090909 0.0209090909091 0.00454545454545 0.0336363636364 0.0127272727273 0.00636363636364 0.05 0.0218181818182 0.00181818181818 0.0418181818182 0.0227272727273 0.0218181818182 0.05 0.0863636363636 0.0381818181818 0.0109090909091 0.00272727272727 0.00454545454545 0.463636363636
95 0.0245454545455 0.01 0.0209090909091 0.0318181818182 0.0118181818182 0.179090909091 0.0163636363636 0.0163636363636 0.0372727272727 0.0163636363636 0.00363636363636 0.0354545454545 0.02 0.0190909090909 0.0254545454545 0.03 0.0209090909091 0.0109090909091 0.000909090909091 0.00636363636364 0.462727272727
96 0.0209090909091 0.00181818181818 0.0245454545455 0.06 0.00545454545455 0.0472727272727 0.0190909090909 0.0127272727273 0.0836363636364 0.0218181818182 0.00272727272727 0.0327272727273 0.0181818181818 0.0463636363636 0.0490909090909 0.0645454545455 0.0436363636364 0.0236363636364 0.00545454545455 0.0127272727273 0.403636363636
97 0.0254545454545 0.00545454545455 0.0390909090909 0.04 0.0218181818182 0.0454545454545 0.0254545454545 0.0272727272727 0.0327272727273 0.0518181818182 0.0127272727273 0.0236363636364 0.148181818182 0.0227272727273 0.0445454545455 0.0554545454545 0.03 0.0245454545455 0.000909090909091 0.0290909090909 0.293636363636
98 0.0527272727273 0.0218181818182 0.0127272727273 0.0181818181818 0.0127272727273 0.0227272727273 0.0372727272727 0.11 0.02 0.0790909090909 0.00636363636364 0.01 0.0327272727273 0.0172727272727 0.0354545454545 0.0472727272727 0.0445454545455 0.151818181818 0.0145454545455 0.0136363636364 0.239090909091
99 0.0981818181818 0.00545454545455 0.02 0.06 0.00727272727273 0.0227272727273 0.0172727272727 0.03 0.102727272727 0.0463636363636 0.01 0.0236363636364 0.0709090909091 0.04 0.0627272727273 0.0554545454545 0.0418181818182 0.05 0.00454545454545 0.0154545454545 0.215454545455
100 0.0290909090909 0.0118181818182 0.0345454545455 0.03 0.0336363636364 0.03 0.0672727272727 0.0454545454545 0.0136363636364 0.0745454545455 0.0172727272727 0.201818181818 0.00727272727273 0.00909090909091 0.0218181818182 0.0681818181818 0.0309090909091 0.0309090909091 0.00636363636364 0.0536363636364 0.182727272727
101 0.0927272727273 0.0109090909091 0.0236363636364 0.0281818181818 0.0181818181818 0.0436363636364 0.0372727272727 0.0290909090909 0.0681818181818 0.0663636363636 0.00909090909091 0.0345454545455 0.0445454545455 0.0663636363636 0.09 0.0581818181818 0.0336363636364 0.0327272727273 0.01 0.0245454545455 0.178181818182
102 0.0654545454545 0.00636363636364 0.139090909091 0.125454545455 0.0154545454545 0.0363636363636 0.0263636363636 0.0327272727273 0.05 0.0381818181818 0.0181818181818 0.0463636363636 0.0681818181818 0.0454545454545 0.0572727272727 0.0736363636364 0.0381818181818 0.0263636363636 0.00727272727273 0.0172727272727 0.0663636363636
103 0.0354545454545 0.0136363636364 0.0118181818182 0.0381818181818 0.0527272727273 0.00454545454545 0.00909090909091 0.179090909091 0.0190909090909 0.318181818182 0.0190909090909 0.00363636363636 0.00909090909091 0.0236363636364 0.0245454545455 0.0127272727273 0.0290909090909 0.0663636363636 0.0127272727273 0.0481818181818 0.0690909090909
104 0.0436363636364 0.0127272727273 0.00454545454545 0.01 0.07 0.00272727272727 0.0181818181818 0.133636363636 0.0254545454545 0.16 0.0363636363636 0.00636363636364 0.00272727272727 0.0181818181818 0.0390909090909 0.0281818181818 0.0227272727273 0.113636363636 0.133636363636 0.0518181818182 0.0663636363636
105 0.0645454545455 0.00636363636364 0.0627272727273 0.113636363636 0.0145454545455 0.0154545454545 0.0290909090909 0.0236363636364 0.121818181818 0.0481818181818 0.0190909090909 0.0445454545455 0.0109090909091 0.112727272727 0.132727272727 0.0545454545455 0.0272727272727 0.0163636363636 0.00363636363636 0.0154545454545 0.0627272727273
106 0.0836363636364 0.0136363636364 0.0872727272727 0.151818181818 0.0163636363636 0.00909090909091 0.0209090909091 0.0445454545455 0.0772727272727 0.0718181818182 0.0145454545455 0.0290909090909 0.0109090909091 0.0672727272727 0.0945454545455 0.06 0.0345454545455 0.0227272727273 0.00636363636364 0.0181818181818 0.0654545454545
107 0.0754545454545 0.0345454545455 0.00363636363636 0.00363636363636 0.0409090909091 0.00545454545455 0.00545454545455 0.314545454545 0.000909090909091 0.219090909091 0.0245454545455 0.00909090909091 0.00272727272727 0.00454545454545 0.0127272727273 0.0145454545455 0.0345454545455 0.0981818181818 0.00909090909091 0.03 0.0563636363636
108 0.0627272727273 0.0127272727273 0.0609090909091 0.0472727272727 0.0263636363636 0.0136363636364 0.0472727272727 0.0663636363636 0.0836363636364 0.0972727272727 0.0227272727273 0.0263636363636 0.00636363636364 0.0618181818182 0.120909090909 0.04 0.0272727272727 0.05 0.0309090909091 0.0318181818182 0.0636363636364
109 0.0954545454545 0.0127272727273 0.08 0.137272727273 0.0154545454545 0.0281818181818 0.0345454545455 0.0163636363636 0.0972727272727 0.0445454545455 0.00818181818182 0.0545454545455 0.00909090909091 0.0609090909091 0.0854545454545 0.0636363636364 0.0454545454545 0.0172727272727 0.00727272727273 0.0163636363636 0.07
110 0.0654545454545 0.0254545454545 0.01 0.0345454545455 0.0454545454545 0.01 0.0181818181818 0.0872727272727 0.03 0.329090909091 0.0354545454545 0.0118181818182 0.00272727272727 0.03 0.05 0.03 0.0327272727273 0.0381818181818 0.02 0.0245454545455 0.0690909090909
111 0.0836363636364 0.0263636363636 0.0118181818182 0.0290909090909 0.03 0.0136363636364 0.0118181818182 0.0990909090909 0.0481818181818 0.239090909091 0.0545454545455 0.0181818181818 0.00727272727273 0.03 0.0481818181818 0.0563636363636 0.0309090909091 0.0563636363636 0.01 0.0227272727273 0.0727272727273
112 0.0554545454545 0.01 0.0663636363636 0.101818181818 0.00727272727273 0.0318181818182 0.0236363636364 0.0172727272727 0.11 0.0436363636364 0.0136363636364 0.0709090909091 0.0245454545455 0.0636363636364 0.14 0.0854545454545 0.0263636363636 0.0190909090909 0.00272727272727 0.0127272727273 0.0736363636364
113 0.0509090909091 0.0118181818182 0.0518181818182 0.0881818181818 0.00909090909091 0.0745454545455 0.03 0.0190909090909 0.0954545454545 0.0490909090909 0.0163636363636 0.0618181818182 0.0209090909091 0.0754545454545 0.0954545454545 0.0854545454545 0.0372727272727 0.0181818181818 0.00545454545455 0.0136363636364 0.09
114 0.0282272727273 0.0191363636364 0.0173181818182 0.0255 0.129136363636 0.0427727272727 0.0564090909091 0.0664090909091 0.0373181818182 0.119136363636 0.0191363636364 0.0418636363636 0.0155 0.0145909090909 0.0873181818182 0.0255 0.0300454545455 0.0591363636364 0.0291363636364 0.0264090909091 0.11
115 0.0327272727273 0.0163636363636 0.0736363636364 0.0827272727273 0.0127272727273 0.0390909090909 0.0336363636364 0.0154545454545 0.0927272727273 0.0436363636364 0.00363636363636 0.0790909090909 0.0554545454545 0.0545454545455 0.0818181818182 0.0936363636364 0.0609090909091 0.0318181818182 0.00272727272727 0.0127272727273 0.0809090909091
116 0.0218181818182 0.0454545454545 0.00454545454545 0.00545454545455 0.06 0.00272727272727 0.0109090909091 0.201818181818 0.0136363636364 0.110909090909 0.00909090909091 0.00454545454545 0.0181818181818 0.00363636363636 0.0127272727273 0.0236363636364 0.05 0.286363636364 0.0218181818182 0.02 0.0727272727273
117 0.0309090909091 0.0127272727273 0.0418181818182 0.0918181818182 0.0272727272727 0.0136363636364 0.04 0.0372727272727 0.0818181818182 0.0427272727273 0.00909090909091 0.0318181818182 0.000909090909091 0.0572727272727 0.0954545454545 0.110909090909 0.117272727273 0.0490909090909 0.00727272727273 0.0290909090909 0.0718181818182
118 0.0172727272727 0.0109090909091 0.00454545454545 0.00545454545455 0.241818181818 0.0109090909091 0.00181818181818 0.161818181818 0.00363636363636 0.202727272727 0.0181818181818 0.00272727272727 0.00727272727273 0.00181818181818 0.00454545454545 0.00909090909091 0.01 0.148181818182 0.0418181818182 0.0190909090909 0.0763636363636
119 0.0409090909091 0.0254545454545 0.00727272727273 0.0727272727273 0.0263636363636 0.0163636363636 0.0590909090909 0.0609090909091 0.0863636363636 0.04 0.0154545454545 0.0345454545455 0.00545454545455 0.0790909090909 0.107272727273 0.0554545454545 0.0545454545455 0.0827272727273 0.0163636363636 0.0281818181818 0.0854545454545
120 0.01 0.00363636363636 0.00636363636364 0.00727272727273 0.0590909090909 0.00454545454545 0.163636363636 0.0136363636364 0.0972727272727 0.0218181818182 0.00272727272727 0.00909090909091 0.00272727272727 0.01 0.0254545454545 0.0118181818182 0.00727272727273 0.0127272727273 0.322727272727 0.0572727272727 0.150909090909
121 0.0272727272727 0.0381818181818 0.00636363636364 0.0218181818182 0.0127272727273 0.00272727272727 0.00363636363636 0.207272727273 0.00909090909091 0.0436363636364 0.00454545454545 0.000909090909091 0.00181818181818 0.00727272727273 0.00909090909091 0.0218181818182 0.05 0.366363636364 0.00363636363636 0.00454545454545 0.157272727273
122 0.0354545454545 0.00818181818182 0.0281818181818 0.0209090909091 0.0109090909091 0.0145454545455 0.0127272727273 0.00909090909091 0.156363636364 0.0236363636364 0.00363636363636 0.0172727272727 0.286363636364 0.0190909090909 0.0836363636364 0.0627272727273 0.0118181818182 0.0127272727273 0.000909090909091 0.02 0.161818181818
123 0.130909090909 0.00181818181818 0.00545454545455 0.0181818181818 0.000909090909091 0.232727272727 0.00636363636364 0.000909090909091 0.0145454545455 0.00363636363636 0.00454545454545 0.0145454545455 0.00454545454545 0.00272727272727 0.0309090909091 0.100909090909 0.0145454545455 0.00636363636364 0.000909090909091 0.00363636363636 0.400909090909
124 0.00818181818182 0.00181818181818 0.0172727272727 0.0163636363636 0.00818181818182 0.00818181818182 0.462727272727 0.00181818181818 0.0181818181818 0.0109090909091 0.00363636363636 0.0145454545455 0.00727272727273 0.00818181818182 0.0136363636364 0.0118181818182 0.00545454545455 0.00272727272727 0.00454545454545 0.0127272727273 0.361818181818
