POS A C D E F G H I K L M N P Q R S T V W Y -
1 0.00182481751825 0.000912408759124 0.000912408759124 0.0 0.00547445255474 0.0 0.0 0.0036496350365 0.00821167883212 0.014598540146 0.021897810219 0.0136861313869 0.00273722627737 0.000912408759124 0.0 0.00273722627737 0.0 0.00273722627737 0.0 0.000912408759124 0.918795620438
2 0.0118613138686 0.00182481751825 0.0301094890511 0.0319343065693 0.000912408759124 0.00912408759124 0.0127737226277 0.00821167883212 0.0109489051095 0.0127737226277 0.0319343065693 0.0228102189781 0.043795620438 0.014598540146 0.00912408759124 0.0392335766423 0.0182481751825 0.00821167883212 0.0 0.00273722627737 0.678832116788
3 0.0182481751825 0.000912408759124 0.0675182481752 0.0428832116788 0.00547445255474 0.132299270073 0.00912408759124 0.00547445255474 0.0383211678832 0.0127737226277 0.021897810219 0.0483576642336 0.0392335766423 0.0182481751825 0.0273722627737 0.0273722627737 0.0319343065693 0.00273722627737 0.00182481751825 0.0127737226277 0.435218978102
4 0.0474908759124 0.0164689781022 0.0502281021898 0.0429288321168 0.0338047445255 0.0237682481752 0.0219434306569 0.0192062043796 0.037454379562 0.0192062043796 0.0182937956204 0.0255930656934 0.037454379562 0.0173813868613 0.0401916058394 0.0529653284672 0.0748631386861 0.0292427007299 0.0502281021898 0.0237682481752 0.317518248175
5 0.0319343065693 0.0127737226277 0.00456204379562 0.00912408759124 0.0419708029197 0.00638686131387 0.0100364963504 0.125 0.00912408759124 0.170620437956 0.0319343065693 0.00912408759124 0.0155109489051 0.0118613138686 0.0164233576642 0.0127737226277 0.0401459854015 0.135948905109 0.0301094890511 0.0501824817518 0.224452554745
6 0.0273722627737 0.0127737226277 0.0191605839416 0.0346715328467 0.0127737226277 0.0036496350365 0.0392335766423 0.0866788321168 0.160583941606 0.0456204379562 0.00638686131387 0.0273722627737 0.00456204379562 0.0237226277372 0.0456204379562 0.0328467153285 0.0921532846715 0.129562043796 0.00638686131387 0.0200729927007 0.168795620438
7 0.0638686131387 0.0593065693431 0.0 0.0036496350365 0.0547445255474 0.00821167883212 0.000912408759124 0.227189781022 0.000912408759124 0.162408759124 0.0155109489051 0.00456204379562 0.0036496350365 0.000912408759124 0.0036496350365 0.00456204379562 0.00456204379562 0.203467153285 0.0127737226277 0.0173357664234 0.147810218978
8 0.0447080291971 0.00547445255474 0.00547445255474 0.0118613138686 0.165145985401 0.00638686131387 0.0246350364964 0.0209854014599 0.0100364963504 0.0118613138686 0.00638686131387 0.138686131387 0.00182481751825 0.0109489051095 0.0109489051095 0.0246350364964 0.0200729927007 0.0100364963504 0.0374087591241 0.292883211679 0.139598540146
9 0.029197080292 0.0492700729927 0.00547445255474 0.00638686131387 0.0684306569343 0.00912408759124 0.000912408759124 0.081204379562 0.0036496350365 0.0255474452555 0.014598540146 0.000912408759124 0.0036496350365 0.0036496350365 0.00273722627737 0.0684306569343 0.335766423358 0.150547445255 0.000912408759124 0.00638686131387 0.133211678832
10 0.0283302919708 0.0091697080292 0.698038321168 0.0155565693431 0.00095802919708 0.0164689781022 0.0137317518248 0.00460766423358 0.0100821167883 0.00278284671533 0.00643248175182 0.0210310218978 0.00369525547445 0.0018704379562 0.0100821167883 0.0155565693431 0.0091697080292 0.00369525547445 4.56204379562e-05 0.0018704379562 0.126824817518
11 0.205291970803 0.00273722627737 0.00638686131387 0.00821167883212 0.000912408759124 0.527372262774 0.0036496350365 0.00273722627737 0.00182481751825 0.00456204379562 0.00456204379562 0.0109489051095 0.0036496350365 0.00182481751825 0.014598540146 0.0301094890511 0.0182481751825 0.0200729927007 0.000912408759124 0.00273722627737 0.128649635036
12 0.161496350365 0.0155109489051 0.0036496350365 0.0036496350365 0.00729927007299 0.0565693430657 0.00729927007299 0.0109489051095 0.0036496350365 0.0155109489051 0.00182481751825 0.00912408759124 0.00821167883212 0.00638686131387 0.0100364963504 0.486313868613 0.0264598540146 0.0273722627737 0.00273722627737 0.00638686131387 0.129562043796
13 0.0648266423358 0.105885036496 0.0100821167883 0.0128193430657 0.0867244525547 0.0192062043796 0.0164689781022 0.0228558394161 0.0547901459854 0.0338047445255 0.0182937956204 0.0055200729927 0.00643248175182 0.00825729927007 0.0438412408759 0.0967609489051 0.0347171532847 0.0693886861314 0.0566149635036 0.0602645985401 0.172445255474
14 0.0246350364964 0.0164233576642 0.0602189781022 0.029197080292 0.0282846715328 0.0127737226277 0.0374087591241 0.0620437956204 0.0839416058394 0.0757299270073 0.00456204379562 0.0538321167883 0.0164233576642 0.029197080292 0.110401459854 0.0693430656934 0.043795620438 0.029197080292 0.00182481751825 0.0282846715328 0.182481751825
15 0.0501824817518 0.00821167883212 0.0392335766423 0.0428832116788 0.00456204379562 0.112226277372 0.0273722627737 0.0191605839416 0.0666058394161 0.0246350364964 0.00638686131387 0.0793795620438 0.081204379562 0.0401459854015 0.0419708029197 0.0729927007299 0.0301094890511 0.0346715328467 0.0100364963504 0.0228102189781 0.185218978102
16 0.0346715328467 0.00821167883212 0.0647810218978 0.0565693430657 0.00821167883212 0.0666058394161 0.0228102189781 0.0100364963504 0.0565693430657 0.0200729927007 0.0036496350365 0.164233576642 0.021897810219 0.0310218978102 0.036496350365 0.0748175182482 0.0337591240876 0.0200729927007 0.00547445255474 0.0127737226277 0.247262773723
17 0.0419708029197 0.00547445255474 0.0401459854015 0.0310218978102 0.00547445255474 0.132299270073 0.0200729927007 0.0036496350365 0.0428832116788 0.0164233576642 0.000912408759124 0.0465328467153 0.081204379562 0.0383211678832 0.0401459854015 0.0720802919708 0.0666058394161 0.00729927007299 0.0036496350365 0.00638686131387 0.297445255474
18 0.0337591240876 0.00729927007299 0.0328467153285 0.0200729927007 0.00821167883212 0.216240875912 0.0155109489051 0.00729927007299 0.0620437956204 0.0200729927007 0.00638686131387 0.0492700729927 0.0182481751825 0.0273722627737 0.0593065693431 0.0501824817518 0.0355839416058 0.0118613138686 0.00547445255474 0.00912408759124 0.303832116788
19 0.0602189781022 0.0155109489051 0.0228102189781 0.0383211678832 0.014598540146 0.0501824817518 0.0209854014599 0.0383211678832 0.0839416058394 0.0401459854015 0.0118613138686 0.029197080292 0.0538321167883 0.0328467153285 0.0748175182482 0.0583941605839 0.0346715328467 0.0583941605839 0.00547445255474 0.0100364963504 0.245437956204
20 0.203467153285 0.0200729927007 0.0127737226277 0.0182481751825 0.0136861313869 0.172445255474 0.00821167883212 0.0410583941606 0.0164233576642 0.0182481751825 0.0200729927007 0.0164233576642 0.00638686131387 0.00547445255474 0.0246350364964 0.088503649635 0.0547445255474 0.0729927007299 0.0036496350365 0.0118613138686 0.170620437956
21 0.136861313869 0.014598540146 0.0100364963504 0.0136861313869 0.00638686131387 0.472627737226 0.0036496350365 0.0100364963504 0.0173357664234 0.00638686131387 0.00273722627737 0.0118613138686 0.0036496350365 0.0100364963504 0.0200729927007 0.0675182481752 0.0246350364964 0.0246350364964 0.00729927007299 0.00547445255474 0.130474452555
22 0.138686131387 0.0547445255474 0.0036496350365 0.0036496350365 0.0647810218978 0.0237226277372 0.00821167883212 0.112226277372 0.014598540146 0.0620437956204 0.0228102189781 0.00182481751825 0.00273722627737 0.00638686131387 0.0127737226277 0.0483576642336 0.0310218978102 0.0830291970803 0.095802919708 0.0802919708029 0.128649635036
23 0.223540145985 0.00821167883212 0.00547445255474 0.00821167883212 0.00456204379562 0.490875912409 0.0 0.00547445255474 0.0036496350365 0.00456204379562 0.0036496350365 0.00273722627737 0.00638686131387 0.00729927007299 0.0228102189781 0.0510948905109 0.0118613138686 0.0173357664234 0.000912408759124 0.00273722627737 0.118613138686
24 0.137773722628 0.0355839416058 0.00182481751825 0.000912408759124 0.0784671532847 0.117700729927 0.0 0.101277372263 0.00182481751825 0.036496350365 0.0127737226277 0.000912408759124 0.00456204379562 0.000912408759124 0.00456204379562 0.0328467153285 0.00912408759124 0.171532846715 0.0711678832117 0.0647810218978 0.11496350365
25 0.109489051095 0.0173357664234 0.00182481751825 0.00456204379562 0.0447080291971 0.0109489051095 0.00912408759124 0.134124087591 0.00821167883212 0.0784671532847 0.0164233576642 0.00547445255474 0.000912408759124 0.00638686131387 0.00547445255474 0.0246350364964 0.029197080292 0.280109489051 0.0264598540146 0.0656934306569 0.120437956204
26 0.0666058394161 0.0337591240876 0.00729927007299 0.00638686131387 0.0729927007299 0.0574817518248 0.0100364963504 0.168795620438 0.00638686131387 0.153284671533 0.0136861313869 0.0036496350365 0.0036496350365 0.00638686131387 0.0191605839416 0.0346715328467 0.0155109489051 0.135948905109 0.0319343065693 0.0337591240876 0.118613138686
27 0.0255474452555 0.0209854014599 0.00821167883212 0.0510948905109 0.036496350365 0.0401459854015 0.0228102189781 0.0428832116788 0.0529197080292 0.0447080291971 0.014598540146 0.0173357664234 0.0492700729927 0.0301094890511 0.179744525547 0.0392335766423 0.0447080291971 0.0939781021898 0.0173357664234 0.0574817518248 0.110401459854
28 0.0374087591241 0.0127737226277 0.174270072993 0.0328467153285 0.0246350364964 0.043795620438 0.0383211678832 0.0319343065693 0.0310218978102 0.0346715328467 0.00182481751825 0.0894160583942 0.0374087591241 0.0301094890511 0.0374087591241 0.0830291970803 0.0419708029197 0.0228102189781 0.0136861313869 0.0574817518248 0.123175182482
29 0.0301094890511 0.00547445255474 0.0994525547445 0.0656934306569 0.0127737226277 0.18704379562 0.0246350364964 0.00729927007299 0.0346715328467 0.0282846715328 0.00456204379562 0.0894160583942 0.0629562043796 0.0310218978102 0.0428832116788 0.0629562043796 0.0456204379562 0.0173357664234 0.0036496350365 0.00547445255474 0.138686131387
30 0.0328467153285 0.00547445255474 0.0775547445255 0.0693430656934 0.00912408759124 0.249087591241 0.0301094890511 0.0100364963504 0.0520072992701 0.0191605839416 0.00821167883212 0.0593065693431 0.0282846715328 0.0337591240876 0.0346715328467 0.0565693430657 0.0355839416058 0.0173357664234 0.00273722627737 0.00821167883212 0.160583941606
31 0.0328467153285 0.0127737226277 0.0501824817518 0.0793795620438 0.0501824817518 0.036496350365 0.0401459854015 0.0428832116788 0.0529197080292 0.0419708029197 0.014598540146 0.021897810219 0.0237226277372 0.0465328467153 0.0520072992701 0.0547445255474 0.0474452554745 0.0729927007299 0.0428832116788 0.0155109489051 0.167883211679
32 0.0374087591241 0.0127737226277 0.0209854014599 0.0647810218978 0.0328467153285 0.0255474452555 0.0182481751825 0.0985401459854 0.0428832116788 0.0739051094891 0.0109489051095 0.0301094890511 0.0702554744526 0.0355839416058 0.0602189781022 0.036496350365 0.0319343065693 0.111313868613 0.0237226277372 0.0182481751825 0.143248175182
33 0.0483576642336 0.0118613138686 0.0209854014599 0.0410583941606 0.0310218978102 0.0456204379562 0.0319343065693 0.0848540145985 0.0647810218978 0.106751824818 0.0246350364964 0.0246350364964 0.00912408759124 0.0346715328467 0.0702554744526 0.0474452554745 0.0410583941606 0.0556569343066 0.0255474452555 0.0465328467153 0.133211678832
34 0.101277372263 0.0100364963504 0.0282846715328 0.0821167883212 0.0228102189781 0.0766423357664 0.036496350365 0.0328467153285 0.0374087591241 0.0492700729927 0.0127737226277 0.0793795620438 0.0191605839416 0.0410583941606 0.0529197080292 0.0711678832117 0.0520072992701 0.0465328467153 0.00821167883212 0.0109489051095 0.128649635036
35 0.0848540145985 0.0200729927007 0.0118613138686 0.0328467153285 0.118613138686 0.0419708029197 0.0237226277372 0.0684306569343 0.0282846715328 0.0976277372263 0.0209854014599 0.0136861313869 0.0100364963504 0.021897810219 0.0346715328467 0.0547445255474 0.0456204379562 0.0565693430657 0.0355839416058 0.0538321167883 0.124087591241
36 0.111313868613 0.0264598540146 0.0155109489051 0.0273722627737 0.0374087591241 0.0793795620438 0.0228102189781 0.014598540146 0.0620437956204 0.0383211678832 0.00821167883212 0.0191605839416 0.0164233576642 0.0319343065693 0.0529197080292 0.194343065693 0.0428832116788 0.0310218978102 0.00547445255474 0.0474452554745 0.11496350365
37 0.0483576642336 0.0182481751825 0.0182481751825 0.0465328467153 0.0346715328467 0.150547445255 0.0155109489051 0.0319343065693 0.0757299270073 0.0748175182482 0.0118613138686 0.0209854014599 0.0547445255474 0.0264598540146 0.0830291970803 0.0620437956204 0.0264598540146 0.0465328467153 0.0136861313869 0.0228102189781 0.116788321168
38 0.0574817518248 0.0209854014599 0.029197080292 0.0337591240876 0.0346715328467 0.0711678832117 0.0182481751825 0.0565693430657 0.0510948905109 0.095802919708 0.0209854014599 0.0319343065693 0.0748175182482 0.0200729927007 0.043795620438 0.0748175182482 0.0474452554745 0.0510948905109 0.00273722627737 0.0346715328467 0.128649635036
39 0.0383211678832 0.0273722627737 0.043795620438 0.0702554744526 0.0401459854015 0.0583941605839 0.0246350364964 0.0620437956204 0.0355839416058 0.121350364964 0.00912408759124 0.0246350364964 0.0702554744526 0.0237226277372 0.0501824817518 0.0675182481752 0.0474452554745 0.0593065693431 0.00547445255474 0.0228102189781 0.0976277372263
40 0.0529653284672 0.0119069343066 0.0584397810219 0.0575273722628 0.0292427007299 0.151505474453 0.0356295620438 0.0219434306569 0.0484032846715 0.0365419708029 0.00460766423358 0.0420164233577 0.0867244525547 0.0347171532847 0.0584397810219 0.0493156934307 0.0547901459854 0.0228558394161 0.0055200729927 0.0164689781022 0.120437956204
41 0.0583941605839 0.0392335766423 0.043795620438 0.0520072992701 0.0237226277372 0.0556569343066 0.0355839416058 0.0447080291971 0.0602189781022 0.0538321167883 0.0118613138686 0.0556569343066 0.0492700729927 0.0337591240876 0.0583941605839 0.0538321167883 0.0456204379562 0.0647810218978 0.00729927007299 0.0310218978102 0.121350364964
42 0.108576642336 0.0474452554745 0.0182481751825 0.0228102189781 0.0136861313869 0.0529197080292 0.0337591240876 0.0301094890511 0.0264598540146 0.0629562043796 0.0155109489051 0.0273722627737 0.043795620438 0.0711678832117 0.0383211678832 0.104927007299 0.107664233577 0.0447080291971 0.0136861313869 0.0255474452555 0.0903284671533
43 0.0164233576642 0.0118613138686 0.0930656934307 0.0273722627737 0.00638686131387 0.0246350364964 0.0191605839416 0.0100364963504 0.0136861313869 0.014598540146 0.00547445255474 0.0693430656934 0.0136861313869 0.0118613138686 0.0136861313869 0.279197080292 0.27098540146 0.0036496350365 0.00273722627737 0.00821167883212 0.0839416058394
44 0.125 0.0036496350365 0.00456204379562 0.0200729927007 0.0036496350365 0.0136861313869 0.0118613138686 0.0994525547445 0.014598540146 0.0164233576642 0.0036496350365 0.193430656934 0.0729927007299 0.0118613138686 0.0164233576642 0.149635036496 0.0319343065693 0.117700729927 0.0 0.00638686131387 0.0830291970803
45 0.0401459854015 0.00638686131387 0.0255474452555 0.0273722627737 0.0875912408759 0.0209854014599 0.0328467153285 0.0401459854015 0.0164233576642 0.100364963504 0.0182481751825 0.194343065693 0.0118613138686 0.088503649635 0.0173357664234 0.0319343065693 0.0565693430657 0.036496350365 0.00182481751825 0.0629562043796 0.0821167883212
46 0.0620437956204 0.00821167883212 0.0611313868613 0.121350364964 0.0264598540146 0.0200729927007 0.0301094890511 0.0465328467153 0.0264598540146 0.043795620438 0.0228102189781 0.0136861313869 0.00729927007299 0.0894160583942 0.119525547445 0.0328467153285 0.0693430656934 0.0757299270073 0.0155109489051 0.0273722627737 0.0802919708029
47 0.517335766423 0.0228102189781 0.0036496350365 0.00456204379562 0.00547445255474 0.0866788321168 0.00182481751825 0.0155109489051 0.0182481751825 0.0583941605839 0.0374087591241 0.0036496350365 0.00821167883212 0.0036496350365 0.014598540146 0.0456204379562 0.0401459854015 0.0456204379562 0.0 0.00456204379562 0.0620437956204
48 0.0119069343066 0.00095802919708 0.0155565693431 0.788366788321 0.00095802919708 0.0128193430657 0.00278284671533 0.00460766423358 0.0292427007299 0.0100821167883 0.0018704379562 0.00643248175182 0.00278284671533 0.0119069343066 0.00460766423358 0.0055200729927 0.0128193430657 0.0119069343066 0.0018704379562 0.00278284671533 0.0602189781022
49 0.119525547445 0.0164233576642 0.000912408759124 0.0118613138686 0.0410583941606 0.00729927007299 0.000912408759124 0.103102189781 0.0036496350365 0.389598540146 0.0401459854015 0.000912408759124 0.00182481751825 0.00456204379562 0.00456204379562 0.0164233576642 0.0310218978102 0.0574817518248 0.0109489051095 0.0830291970803 0.0547445255474
50 0.0821167883212 0.014598540146 0.0036496350365 0.0976277372263 0.0328467153285 0.0155109489051 0.0246350364964 0.0556569343066 0.0355839416058 0.176094890511 0.0666058394161 0.0127737226277 0.00273722627737 0.0520072992701 0.0638686131387 0.0337591240876 0.0474452554745 0.0583941605839 0.0200729927007 0.0556569343066 0.0483576642336
51 0.682481751825 0.00821167883212 0.00456204379562 0.00638686131387 0.00182481751825 0.137773722628 0.00182481751825 0.00273722627737 0.00273722627737 0.0036496350365 0.0036496350365 0.000912408759124 0.00821167883212 0.00273722627737 0.00273722627737 0.0401459854015 0.021897810219 0.0209854014599 0.0 0.000912408759124 0.0456204379562
52 0.100364963504 0.0456204379562 0.00273722627737 0.0036496350365 0.0310218978102 0.00729927007299 0.00182481751825 0.296532846715 0.0 0.240875912409 0.0374087591241 0.0036496350365 0.00182481751825 0.00182481751825 0.00182481751825 0.00729927007299 0.0100364963504 0.159671532847 0.0 0.00273722627737 0.043795620438
53 0.0611313868613 0.0164233576642 0.0127737226277 0.0328467153285 0.0264598540146 0.014598540146 0.0173357664234 0.150547445255 0.0611313868613 0.230839416058 0.0164233576642 0.0191605839416 0.00182481751825 0.0228102189781 0.081204379562 0.0246350364964 0.0337591240876 0.0666058394161 0.0127737226277 0.0529197080292 0.043795620438
54 0.0912408759124 0.0100364963504 0.0346715328467 0.141423357664 0.0310218978102 0.0109489051095 0.0547445255474 0.0319343065693 0.0894160583942 0.109489051095 0.0447080291971 0.0328467153285 0.0036496350365 0.0428832116788 0.0757299270073 0.0237226277372 0.0282846715328 0.0255474452555 0.0319343065693 0.043795620438 0.0419708029197
55 0.526459854015 0.0209854014599 0.00821167883212 0.00456204379562 0.0036496350365 0.219890510949 0.000912408759124 0.00729927007299 0.000912408759124 0.0255474452555 0.00182481751825 0.0036496350365 0.0036496350365 0.00273722627737 0.00821167883212 0.0428832116788 0.0255474452555 0.0474452554745 0.00182481751825 0.00182481751825 0.0419708029197
56 0.0337591240876 0.0109489051095 0.000912408759124 0.00456204379562 0.0337591240876 0.0 0.00638686131387 0.14598540146 0.00456204379562 0.527372262774 0.0456204379562 0.000912408759124 0.00273722627737 0.00273722627737 0.00273722627737 0.00547445255474 0.0173357664234 0.106751824818 0.000912408759124 0.00547445255474 0.0410583941606
57 0.0337591240876 0.0118613138686 0.0510948905109 0.188868613139 0.00729927007299 0.0164233576642 0.0237226277372 0.0200729927007 0.129562043796 0.0656934306569 0.0118613138686 0.0355839416058 0.0036496350365 0.0994525547445 0.129562043796 0.0602189781022 0.0319343065693 0.0200729927007 0.00456204379562 0.0155109489051 0.0392335766423
58 0.0775547445255 0.0182481751825 0.0246350364964 0.0264598540146 0.043795620438 0.00638686131387 0.0510948905109 0.088503649635 0.0410583941606 0.153284671533 0.0383211678832 0.0182481751825 0.000912408759124 0.0383211678832 0.0675182481752 0.0547445255474 0.0465328467153 0.0483576642336 0.0638686131387 0.0510948905109 0.0410583941606
59 0.330337591241 0.0401916058394 0.00825729927007 0.00369525547445 0.052052919708 0.0155565693431 0.0137317518248 0.108622262774 0.00095802919708 0.152417883212 0.0292427007299 0.00460766423358 0.00278284671533 0.00278284671533 0.0155565693431 0.0246806569343 0.0383667883212 0.0912864963504 0.00825729927007 0.0091697080292 0.0474452554745
60 0.0711678832117 0.014598540146 0.0255474452555 0.0574817518248 0.014598540146 0.0255474452555 0.0228102189781 0.0620437956204 0.0875912408759 0.120437956204 0.0209854014599 0.0346715328467 0.0729927007299 0.0474452554745 0.0656934306569 0.0510948905109 0.0355839416058 0.0520072992701 0.0374087591241 0.0155109489051 0.0647810218978
61 0.043795620438 0.0155109489051 0.0510948905109 0.0720802919708 0.0109489051095 0.185218978102 0.0182481751825 0.0136861313869 0.0784671532847 0.0301094890511 0.00547445255474 0.0839416058394 0.0538321167883 0.043795620438 0.0830291970803 0.0611313868613 0.0310218978102 0.0182481751825 0.0036496350365 0.0127737226277 0.0839416058394
62 0.0520072992701 0.0200729927007 0.0784671532847 0.0264598540146 0.0656934306569 0.0620437956204 0.0310218978102 0.0766423357664 0.029197080292 0.0802919708029 0.0173357664234 0.0529197080292 0.0620437956204 0.0155109489051 0.0401459854015 0.0510948905109 0.036496350365 0.0583941605839 0.021897810219 0.0520072992701 0.0702554744526
63 0.0583941605839 0.0301094890511 0.0583941605839 0.0565693430657 0.0136861313869 0.0465328467153 0.0337591240876 0.0127737226277 0.108576642336 0.0374087591241 0.014598540146 0.043795620438 0.0228102189781 0.0675182481752 0.115875912409 0.0857664233577 0.0894160583942 0.0310218978102 0.00273722627737 0.0109489051095 0.0593065693431
64 0.0255474452555 0.0136861313869 0.0602189781022 0.0766423357664 0.00729927007299 0.0246350364964 0.0647810218978 0.0182481751825 0.128649635036 0.0100364963504 0.00821167883212 0.0857664233577 0.0866788321168 0.0428832116788 0.118613138686 0.0930656934307 0.0565693430657 0.0282846715328 0.00547445255474 0.00821167883212 0.036496350365
65 0.0583941605839 0.0118613138686 0.00638686131387 0.00273722627737 0.0401459854015 0.0109489051095 0.00456204379562 0.231751824818 0.0036496350365 0.22901459854 0.0164233576642 0.00182481751825 0.00456204379562 0.00456204379562 0.00456204379562 0.0109489051095 0.0228102189781 0.27098540146 0.00729927007299 0.0200729927007 0.036496350365
66 0.0401459854015 0.0209854014599 0.0237226277372 0.0720802919708 0.0264598540146 0.0 0.0547445255474 0.150547445255 0.0246350364964 0.0930656934307 0.0109489051095 0.0428832116788 0.00547445255474 0.0319343065693 0.0392335766423 0.0255474452555 0.10401459854 0.157846715328 0.021897810219 0.0182481751825 0.0355839416058
67 0.0118613138686 0.0228102189781 0.00273722627737 0.00182481751825 0.0802919708029 0.000912408759124 0.00273722627737 0.441605839416 0.00273722627737 0.153284671533 0.0127737226277 0.000912408759124 0.0036496350365 0.0036496350365 0.00456204379562 0.00638686131387 0.00456204379562 0.203467153285 0.000912408759124 0.00547445255474 0.0328467153285
68 0.043795620438 0.0301094890511 0.00821167883212 0.155109489051 0.146897810219 0.00912408759124 0.0465328467153 0.0447080291971 0.0383211678832 0.088503649635 0.0127737226277 0.0155109489051 0.00273722627737 0.021897810219 0.0620437956204 0.0109489051095 0.0036496350365 0.0656934306569 0.0155109489051 0.143248175182 0.0346715328467
69 0.0301094890511 0.036496350365 0.000912408759124 0.00456204379562 0.00456204379562 0.0702554744526 0.0100364963504 0.0282846715328 0.00273722627737 0.0337591240876 0.0237226277372 0.0100364963504 0.00273722627737 0.00273722627737 0.00547445255474 0.278284671533 0.367700729927 0.0383211678832 0.0036496350365 0.0109489051095 0.0346715328467
70 0.0109489051095 0.00273722627737 0.783759124088 0.0173357664234 0.0 0.00821167883212 0.0100364963504 0.00273722627737 0.00912408759124 0.00273722627737 0.00273722627737 0.0328467153285 0.00638686131387 0.000912408759124 0.014598540146 0.0319343065693 0.0127737226277 0.00456204379562 0.0 0.00547445255474 0.0401459854015
71 0.0337591240876 0.115875912409 0.0173357664234 0.00912408759124 0.0127737226277 0.00456204379562 0.0100364963504 0.00273722627737 0.00273722627737 0.0155109489051 0.000912408759124 0.120437956204 0.00456204379562 0.00456204379562 0.0036496350365 0.553832116788 0.00638686131387 0.00729927007299 0.0 0.0155109489051 0.0583941605839
72 0.0547445255474 0.00547445255474 0.0310218978102 0.0802919708029 0.00729927007299 0.0118613138686 0.0100364963504 0.0273722627737 0.140510948905 0.118613138686 0.029197080292 0.0228102189781 0.00821167883212 0.180656934307 0.0711678832117 0.0611313868613 0.0520072992701 0.014598540146 0.00456204379562 0.00912408759124 0.0593065693431
73 0.108576642336 0.00182481751825 0.0355839416058 0.0392335766423 0.0401459854015 0.0310218978102 0.014598540146 0.0273722627737 0.0136861313869 0.0948905109489 0.0136861313869 0.0465328467153 0.0255474452555 0.0346715328467 0.0173357664234 0.119525547445 0.0666058394161 0.0419708029197 0.0118613138686 0.151459854015 0.0638686131387
74 0.233576642336 0.0191605839416 0.00182481751825 0.0036496350365 0.00912408759124 0.00912408759124 0.0 0.0748175182482 0.0 0.185218978102 0.0209854014599 0.00729927007299 0.00182481751825 0.0 0.00273722627737 0.0501824817518 0.036496350365 0.272810218978 0.000912408759124 0.00182481751825 0.0684306569343
75 0.0593065693431 0.0228102189781 0.00456204379562 0.00912408759124 0.0255474452555 0.00729927007299 0.00273722627737 0.241788321168 0.0191605839416 0.18704379562 0.0255474452555 0.00729927007299 0.00273722627737 0.0118613138686 0.0136861313869 0.0200729927007 0.021897810219 0.241788321168 0.0036496350365 0.0246350364964 0.0474452554745
76 0.0456204379562 0.00456204379562 0.0985401459854 0.0684306569343 0.0109489051095 0.0483576642336 0.0246350364964 0.0118613138686 0.117700729927 0.0282846715328 0.0173357664234 0.128649635036 0.00456204379562 0.109489051095 0.0766423357664 0.0802919708029 0.0410583941606 0.0127737226277 0.00273722627737 0.0173357664234 0.0501824817518
77 0.169708029197 0.0483576642336 0.0173357664234 0.0191605839416 0.021897810219 0.0748175182482 0.0255474452555 0.0501824817518 0.0255474452555 0.0793795620438 0.0383211678832 0.0319343065693 0.00182481751825 0.0711678832117 0.0301094890511 0.088503649635 0.0574817518248 0.043795620438 0.0182481751825 0.0182481751825 0.0684306569343
78 0.0401459854015 0.0164233576642 0.000912408759124 0.0036496350365 0.0629562043796 0.00456204379562 0.00547445255474 0.223540145985 0.00273722627737 0.32299270073 0.0583941605839 0.0036496350365 0.00547445255474 0.00273722627737 0.00547445255474 0.0136861313869 0.0164233576642 0.124087591241 0.00638686131387 0.0155109489051 0.0647810218978
79 0.0620437956204 0.0136861313869 0.0374087591241 0.043795620438 0.0127737226277 0.029197080292 0.0255474452555 0.014598540146 0.0866788321168 0.0456204379562 0.00821167883212 0.139598540146 0.0136861313869 0.0839416058394 0.0739051094891 0.0821167883212 0.113138686131 0.021897810219 0.0036496350365 0.0109489051095 0.0775547445255
80 0.0346715328467 0.00912408759124 0.0565693430657 0.0556569343066 0.00547445255474 0.109489051095 0.029197080292 0.0109489051095 0.113138686131 0.0164233576642 0.00729927007299 0.0948905109489 0.00638686131387 0.0346715328467 0.0711678832117 0.10401459854 0.0419708029197 0.014598540146 0.0 0.0127737226277 0.171532846715
81 0.0191605839416 0.00638686131387 0.021897810219 0.0100364963504 0.0173357664234 0.0273722627737 0.0173357664234 0.0118613138686 0.0209854014599 0.0264598540146 0.00456204379562 0.0173357664234 0.021897810219 0.0164233576642 0.0465328467153 0.021897810219 0.0118613138686 0.0118613138686 0.116788321168 0.0237226277372 0.528284671533
82 0.029197080292 0.0127737226277 0.0109489051095 0.0100364963504 0.0100364963504 0.0136861313869 0.00456204379562 0.0547445255474 0.0173357664234 0.107664233577 0.0228102189781 0.00456204379562 0.014598540146 0.00912408759124 0.0246350364964 0.0173357664234 0.0118613138686 0.0319343065693 0.000912408759124 0.0191605839416 0.572080291971
83 0.0228102189781 0.0036496350365 0.0273722627737 0.0492700729927 0.0100364963504 0.0191605839416 0.0182481751825 0.00912408759124 0.0301094890511 0.0164233576642 0.0036496350365 0.0200729927007 0.0447080291971 0.0191605839416 0.0319343065693 0.0346715328467 0.0273722627737 0.0136861313869 0.00729927007299 0.0100364963504 0.581204379562
84 0.0182481751825 0.0 0.0191605839416 0.0273722627737 0.00273722627737 0.0611313868613 0.00912408759124 0.0136861313869 0.0647810218978 0.0155109489051 0.0036496350365 0.0301094890511 0.0182481751825 0.0127737226277 0.036496350365 0.0264598540146 0.0255474452555 0.0209854014599 0.00273722627737 0.00547445255474 0.585766423358
85 0.0036496350365 0.00638686131387 0.00729927007299 0.00547445255474 0.0100364963504 0.00821167883212 0.0127737226277 0.0109489051095 0.00821167883212 0.0100364963504 0.0036496350365 0.00912408759124 0.0127737226277 0.00456204379562 0.0127737226277 0.0127737226277 0.00547445255474 0.00547445255474 0.192518248175 0.0155109489051 0.642335766423
86 0.029197080292 0.00456204379562 0.0109489051095 0.0465328467153 0.00547445255474 0.00456204379562 0.0118613138686 0.0100364963504 0.0647810218978 0.021897810219 0.00729927007299 0.00912408759124 0.00456204379562 0.0209854014599 0.036496350365 0.0209854014599 0.0100364963504 0.0127737226277 0.0 0.00273722627737 0.665145985401
87 0.0273722627737 0.000912408759124 0.0337591240876 0.0200729927007 0.00456204379562 0.00638686131387 0.00912408759124 0.00912408759124 0.0492700729927 0.014598540146 0.00729927007299 0.0155109489051 0.0136861313869 0.0264598540146 0.0529197080292 0.0191605839416 0.0173357664234 0.00456204379562 0.00273722627737 0.00456204379562 0.660583941606
88 0.0173357664234 0.000912408759124 0.0100364963504 0.014598540146 0.0036496350365 0.0228102189781 0.00821167883212 0.00729927007299 0.0401459854015 0.00547445255474 0.000912408759124 0.104927007299 0.00547445255474 0.014598540146 0.0474452554745 0.0191605839416 0.0155109489051 0.00821167883212 0.0036496350365 0.00273722627737 0.646897810219
89 0.0237226277372 0.0036496350365 0.0538321167883 0.0492700729927 0.0036496350365 0.188868613139 0.00638686131387 0.00912408759124 0.0246350364964 0.0118613138686 0.00456204379562 0.0501824817518 0.0401459854015 0.0164233576642 0.0310218978102 0.0319343065693 0.0182481751825 0.0136861313869 0.00182481751825 0.00456204379562 0.412408759124
90 0.0164233576642 0.0036496350365 0.00821167883212 0.00821167883212 0.0675182481752 0.0127737226277 0.0036496350365 0.0109489051095 0.0136861313869 0.0255474452555 0.0100364963504 0.00638686131387 0.0273722627737 0.0109489051095 0.0191605839416 0.029197080292 0.0127737226277 0.00821167883212 0.215328467153 0.0574817518248 0.432481751825
91 0.0337591240876 0.00821167883212 0.0173357664234 0.0337591240876 0.0100364963504 0.021897810219 0.00912408759124 0.0447080291971 0.103102189781 0.0593065693431 0.0209854014599 0.0155109489051 0.0273722627737 0.0410583941606 0.106751824818 0.0282846715328 0.0483576642336 0.0310218978102 0.00182481751825 0.00638686131387 0.331204379562
92 0.0328467153285 0.014598540146 0.021897810219 0.021897810219 0.00456204379562 0.0191605839416 0.00456204379562 0.0164233576642 0.0602189781022 0.014598540146 0.00456204379562 0.0492700729927 0.0237226277372 0.0237226277372 0.0492700729927 0.0456204379562 0.0894160583942 0.021897810219 0.00182481751825 0.00456204379562 0.475364963504
93 0.0757299270073 0.00456204379562 0.0109489051095 0.0246350364964 0.00638686131387 0.0355839416058 0.0109489051095 0.0136861313869 0.0611313868613 0.0264598540146 0.00547445255474 0.0282846715328 0.0337591240876 0.0228102189781 0.0501824817518 0.0994525547445 0.0301094890511 0.014598540146 0.000912408759124 0.0100364963504 0.434306569343
94 0.0355839416058 0.00456204379562 0.0757299270073 0.029197080292 0.00456204379562 0.036496350365 0.014598540146 0.00912408759124 0.043795620438 0.0173357664234 0.000912408759124 0.043795620438 0.0255474452555 0.0246350364964 0.0520072992701 0.0875912408759 0.0410583941606 0.0109489051095 0.00273722627737 0.00729927007299 0.432481751825
95 0.0282846715328 0.0109489051095 0.0182481751825 0.0355839416058 0.0109489051095 0.176094890511 0.0109489051095 0.0173357664234 0.0346715328467 0.0237226277372 0.00456204379562 0.0355839416058 0.0246350364964 0.021897810219 0.0310218978102 0.0346715328467 0.021897810219 0.0118613138686 0.000912408759124 0.0100364963504 0.436131386861
96 0.0246350364964 0.00182481751825 0.0237226277372 0.0565693430657 0.0100364963504 0.0474452554745 0.0228102189781 0.0173357664234 0.0830291970803 0.0182481751825 0.00456204379562 0.0319343065693 0.0191605839416 0.0574817518248 0.0483576642336 0.0656934306569 0.0483576642336 0.021897810219 0.00456204379562 0.0109489051095 0.381386861314
97 0.0301094890511 0.00638686131387 0.0474452554745 0.0456204379562 0.0209854014599 0.043795620438 0.0264598540146 0.029197080292 0.0328467153285 0.0538321167883 0.0100364963504 0.0246350364964 0.154197080292 0.0228102189781 0.0392335766423 0.0510948905109 0.0282846715328 0.0310218978102 0.00182481751825 0.0319343065693 0.268248175182
98 0.0492700729927 0.0182481751825 0.0173357664234 0.0155109489051 0.0118613138686 0.0191605839416 0.0392335766423 0.112226277372 0.0209854014599 0.0866788321168 0.0036496350365 0.00821167883212 0.0310218978102 0.0191605839416 0.0355839416058 0.0428832116788 0.0520072992701 0.161496350365 0.0173357664234 0.0118613138686 0.226277372263
99 0.0912408759124 0.0036496350365 0.0209854014599 0.0583941605839 0.00547445255474 0.021897810219 0.014598540146 0.0346715328467 0.107664233577 0.0520072992701 0.00821167883212 0.021897810219 0.0684306569343 0.0428832116788 0.0684306569343 0.0593065693431 0.0401459854015 0.0492700729927 0.00456204379562 0.0164233576642 0.209854014599
100 0.0319343065693 0.0100364963504 0.0310218978102 0.0301094890511 0.0310218978102 0.029197080292 0.0675182481752 0.0529197080292 0.0118613138686 0.0720802919708 0.021897810219 0.193430656934 0.00912408759124 0.00821167883212 0.0182481751825 0.0666058394161 0.0355839416058 0.0246350364964 0.00638686131387 0.0529197080292 0.195255474453
101 0.0912408759124 0.00821167883212 0.0237226277372 0.0237226277372 0.0155109489051 0.0428832116788 0.0319343065693 0.0328467153285 0.0702554744526 0.0574817518248 0.00912408759124 0.0310218978102 0.0474452554745 0.0766423357664 0.095802919708 0.0492700729927 0.0374087591241 0.0337591240876 0.0100364963504 0.0273722627737 0.184306569343
102 0.0666058394161 0.00912408759124 0.139598540146 0.127737226277 0.0136861313869 0.0346715328467 0.0237226277372 0.0310218978102 0.0565693430657 0.0401459854015 0.0164233576642 0.043795620438 0.0620437956204 0.0520072992701 0.0620437956204 0.0729927007299 0.0310218978102 0.0282846715328 0.00821167883212 0.0127737226277 0.0675182481752
103 0.036496350365 0.0136861313869 0.0127737226277 0.0374087591241 0.0556569343066 0.00456204379562 0.0100364963504 0.165145985401 0.0182481751825 0.315693430657 0.0182481751825 0.00729927007299 0.00821167883212 0.0282846715328 0.0255474452555 0.014598540146 0.0273722627737 0.0711678832117 0.0109489051095 0.0510948905109 0.0675182481752
104 0.0419708029197 0.014598540146 0.00456204379562 0.00729927007299 0.0720802919708 0.00273722627737 0.0164233576642 0.140510948905 0.0273722627737 0.154197080292 0.036496350365 0.00638686131387 0.00456204379562 0.014598540146 0.0419708029197 0.0255474452555 0.0200729927007 0.113138686131 0.135948905109 0.0538321167883 0.0656934306569
105 0.0684306569343 0.00821167883212 0.0620437956204 0.122262773723 0.0127737226277 0.0127737226277 0.029197080292 0.0164233576642 0.121350364964 0.0501824817518 0.0200729927007 0.0483576642336 0.0100364963504 0.109489051095 0.127737226277 0.0538321167883 0.0310218978102 0.0209854014599 0.0036496350365 0.0127737226277 0.0583941605839
106 0.0939781021898 0.0109489051095 0.0866788321168 0.153284671533 0.0182481751825 0.00912408759124 0.0228102189781 0.0374087591241 0.0857664233577 0.0684306569343 0.014598540146 0.0310218978102 0.0100364963504 0.0638686131387 0.0994525547445 0.0583941605839 0.029197080292 0.0191605839416 0.00912408759124 0.0164233576642 0.0620437956204
107 0.0757299270073 0.0346715328467 0.0036496350365 0.00638686131387 0.0465328467153 0.0036496350365 0.00456204379562 0.299270072993 0.00182481751825 0.237226277372 0.0264598540146 0.00821167883212 0.0036496350365 0.00456204379562 0.0155109489051 0.0173357664234 0.0328467153285 0.0939781021898 0.0100364963504 0.0191605839416 0.0547445255474
108 0.0574817518248 0.0136861313869 0.0602189781022 0.0492700729927 0.0273722627737 0.0136861313869 0.0410583941606 0.0629562043796 0.088503649635 0.109489051095 0.0237226277372 0.0337591240876 0.0100364963504 0.0602189781022 0.109489051095 0.0392335766423 0.0228102189781 0.0547445255474 0.0328467153285 0.0282846715328 0.0611313868613
109 0.0921532846715 0.0127737226277 0.0839416058394 0.133211678832 0.0182481751825 0.0301094890511 0.0246350364964 0.021897810219 0.095802919708 0.0456204379562 0.00912408759124 0.0510948905109 0.00912408759124 0.0492700729927 0.0921532846715 0.0757299270073 0.0501824817518 0.0191605839416 0.00456204379562 0.014598540146 0.0666058394161
110 0.0647810218978 0.0255474452555 0.0109489051095 0.036496350365 0.0465328467153 0.0109489051095 0.0173357664234 0.0775547445255 0.0346715328467 0.327554744526 0.0392335766423 0.014598540146 0.0036496350365 0.0346715328467 0.0465328467153 0.029197080292 0.0310218978102 0.0392335766423 0.0209854014599 0.021897810219 0.0666058394161
111 0.0821167883212 0.0310218978102 0.0118613138686 0.0355839416058 0.0264598540146 0.0136861313869 0.0118613138686 0.0948905109489 0.0474452554745 0.246350364964 0.0529197080292 0.0200729927007 0.00821167883212 0.0282846715328 0.0465328467153 0.0520072992701 0.0282846715328 0.0574817518248 0.00912408759124 0.021897810219 0.0739051094891
112 0.0656934306569 0.00912408759124 0.0675182481752 0.0912408759124 0.00638686131387 0.0355839416058 0.0255474452555 0.0182481751825 0.103102189781 0.0465328467153 0.0155109489051 0.0629562043796 0.0191605839416 0.0757299270073 0.134124087591 0.081204379562 0.0337591240876 0.0164233576642 0.0036496350365 0.0127737226277 0.0757299270073
113 0.0428832116788 0.0164233576642 0.0629562043796 0.0921532846715 0.00729927007299 0.0757299270073 0.0310218978102 0.0173357664234 0.103102189781 0.0529197080292 0.014598540146 0.0538321167883 0.0228102189781 0.0720802919708 0.0903284671533 0.0821167883212 0.0410583941606 0.0182481751825 0.00456204379562 0.0109489051095 0.0875912408759
114 0.0319343065693 0.0182481751825 0.0191605839416 0.021897810219 0.138686131387 0.0447080291971 0.0547445255474 0.0620437956204 0.0465328467153 0.121350364964 0.0182481751825 0.0374087591241 0.0155109489051 0.0118613138686 0.0866788321168 0.0209854014599 0.0264598540146 0.0520072992701 0.0319343065693 0.029197080292 0.110401459854
115 0.0282846715328 0.014598540146 0.0757299270073 0.0903284671533 0.0118613138686 0.0383211678832 0.036496350365 0.0182481751825 0.0939781021898 0.0419708029197 0.0036496350365 0.0839416058394 0.0547445255474 0.0474452554745 0.081204379562 0.0976277372263 0.0565693430657 0.029197080292 0.0036496350365 0.0136861313869 0.0784671532847
116 0.0209854014599 0.043795620438 0.00638686131387 0.00638686131387 0.0629562043796 0.00273722627737 0.014598540146 0.190693430657 0.0136861313869 0.115875912409 0.0109489051095 0.00456204379562 0.0136861313869 0.0036496350365 0.0136861313869 0.0200729927007 0.0565693430657 0.285583941606 0.021897810219 0.0209854014599 0.0702554744526
117 0.0310218978102 0.00912408759124 0.036496350365 0.095802919708 0.0310218978102 0.0127737226277 0.0492700729927 0.0319343065693 0.0903284671533 0.0419708029197 0.00821167883212 0.0337591240876 0.00273722627737 0.0538321167883 0.0985401459854 0.104927007299 0.115875912409 0.0501824817518 0.00638686131387 0.0255474452555 0.0702554744526
118 0.0173357664234 0.0118613138686 0.00456204379562 0.00456204379562 0.229927007299 0.0109489051095 0.00273722627737 0.15602189781 0.00273722627737 0.20802919708 0.0209854014599 0.00182481751825 0.00821167883212 0.00273722627737 0.00456204379562 0.00821167883212 0.00821167883212 0.150547445255 0.043795620438 0.0273722627737 0.0748175182482
