POS A C D E F G H I K L M N P Q R S T V W Y -
1 0.00278551532033 0.000928505106778 0.000928505106778 0.00278551532033 0.00185701021356 0.000928505106778 0.0 0.00464252553389 0.00278551532033 0.0111420612813 0.0213556174559 0.0194986072423 0.00371402042711 0.00557103064067 0.0 0.00185701021356 0.000928505106778 0.00278551532033 0.0 0.000928505106778 0.914577530176
2 0.0102135561746 0.000928505106778 0.0362116991643 0.0315691736305 0.000928505106778 0.00928505106778 0.00742804085422 0.00742804085422 0.0148560817084 0.0120705663881 0.033426183844 0.0213556174559 0.050139275766 0.0157845868152 0.0129990714949 0.0371402042711 0.0185701021356 0.00649953574745 0.0 0.00185701021356 0.671309192201
3 0.0194986072423 0.000928505106778 0.0631383472609 0.0408542246982 0.00649953574745 0.129990714949 0.0120705663881 0.00557103064067 0.0306406685237 0.0129990714949 0.016713091922 0.0538532961931 0.0427112349118 0.0176415970288 0.0297121634169 0.041782729805 0.0297121634169 0.00278551532033 0.00185701021356 0.0139275766017 0.427112349118
4 0.0492571959146 0.0204735376045 0.0566852367688 0.0455431754875 0.0316155988858 0.0251160631383 0.0214020427112 0.0158310120706 0.0381151346332 0.0186165273909 0.0195450324977 0.0288300835655 0.0362581244197 0.0269730733519 0.0353296193129 0.0576137418756 0.072469823584 0.0325441039926 0.0483286908078 0.0214020427112 0.298050139276
5 0.0288300835655 0.0111884865367 0.00468895078923 0.00933147632312 0.0371866295265 0.00933147632312 0.0102599814299 0.139322191272 0.00654596100279 0.182961931291 0.0316155988858 0.0102599814299 0.0158310120706 0.00933147632312 0.0167595171773 0.0121169916435 0.0399721448468 0.136536675952 0.0344011142061 0.0464716805942 0.207056638812
6 0.0315691736305 0.0120705663881 0.0204271123491 0.0297121634169 0.0120705663881 0.00278551532033 0.0408542246982 0.0882079851439 0.158774373259 0.0473537604457 0.00649953574745 0.0297121634169 0.00464252553389 0.0241411327762 0.0519962859796 0.0278551532033 0.0928505106778 0.124419684308 0.00649953574745 0.0213556174559 0.166202414113
7 0.0603992571959 0.0622562674095 4.64252553389e-05 0.0019034354689 0.0576137418756 0.00840297121634 0.000974930362117 0.22938718663 0.0019034354689 0.160677808728 0.0214020427112 0.00468895078923 0.00376044568245 4.64252553389e-05 0.0019034354689 0.00468895078923 0.00654596100279 0.202460538533 0.0121169916435 0.013974001857 0.144846796657
8 0.0436397400186 0.00371402042711 0.00464252553389 0.00742804085422 0.165273909006 0.008356545961 0.0194986072423 0.025069637883 0.008356545961 0.008356545961 0.00464252553389 0.136490250696 0.00371402042711 0.0102135561746 0.0129990714949 0.0241411327762 0.0194986072423 0.0102135561746 0.0380687093779 0.30826369545 0.137418755803
9 0.0324976787372 0.050139275766 0.00371402042711 0.00557103064067 0.0705663881151 0.0102135561746 0.000928505106778 0.0807799442897 0.00278551532033 0.0269266480966 0.0148560817084 0.000928505106778 0.00557103064067 0.00464252553389 0.00185701021356 0.0733519034355 0.324976787372 0.152274837512 0.000928505106778 0.00557103064067 0.130919220056
10 0.0251160631383 0.00840297121634 0.696425255339 0.0167595171773 0.000974930362117 0.0186165273909 0.0158310120706 0.00561745589601 0.00933147632312 0.00376044568245 0.00376044568245 0.0214020427112 0.00468895078923 0.00376044568245 0.0102599814299 0.0149025069638 0.00933147632312 0.0019034354689 4.64252553389e-05 0.00376044568245 0.125348189415
11 0.210770659239 0.00371402042711 0.00557103064067 0.00742804085422 0.000928505106778 0.523676880223 0.00464252553389 0.00278551532033 0.00185701021356 0.00464252553389 0.00557103064067 0.0102135561746 0.00371402042711 0.00185701021356 0.0157845868152 0.0324976787372 0.0194986072423 0.0139275766017 0.000928505106778 0.00371402042711 0.126276694522
12 0.161559888579 0.0157845868152 0.00557103064067 0.00278551532033 0.008356545961 0.0547818012999 0.00557103064067 0.0111420612813 0.00649953574745 0.0157845868152 0.00185701021356 0.008356545961 0.008356545961 0.00557103064067 0.008356545961 0.495821727019 0.025069637883 0.0213556174559 0.00278551532033 0.00649953574745 0.128133704735
13 0.0613277623027 0.101253481894 0.00933147632312 0.00840297121634 0.0882544103993 0.0241875580316 0.0158310120706 0.0241875580316 0.0603992571959 0.03904363974 0.0214020427112 0.00561745589601 0.00468895078923 0.00654596100279 0.0418291550604 0.0928969359331 0.0325441039926 0.0678272980501 0.0585422469824 0.0548282265552 0.181058495822
14 0.0185701021356 0.016713091922 0.0538532961931 0.0315691736305 0.0297121634169 0.0139275766017 0.0352831940576 0.058495821727 0.0947075208914 0.0789229340761 0.0102135561746 0.0529247910864 0.0148560817084 0.0278551532033 0.1095636026 0.0640668523677 0.0371402042711 0.033426183844 0.00185701021356 0.0297121634169 0.186629526462
15 0.0473537604457 0.008356545961 0.0380687093779 0.0473537604457 0.00464252553389 0.102135561746 0.0287836583101 0.0148560817084 0.0779944289694 0.0213556174559 0.00557103064067 0.0761374187558 0.0863509749304 0.041782729805 0.0436397400186 0.0761374187558 0.0297121634169 0.0315691736305 0.00742804085422 0.0232126276695 0.187558031569
16 0.0315691736305 0.00464252553389 0.066852367688 0.050139275766 0.00742804085422 0.0696378830084 0.0297121634169 0.0102135561746 0.0547818012999 0.0222841225627 0.00742804085422 0.160631383473 0.0287836583101 0.0315691736305 0.0287836583101 0.0770659238626 0.0399257195915 0.0204271123491 0.00464252553389 0.0120705663881 0.241411327762
17 0.0399257195915 0.00742804085422 0.0371402042711 0.0399257195915 0.00464252553389 0.129990714949 0.0194986072423 0.00464252553389 0.0464252553389 0.0176415970288 0.00185701021356 0.0510677808728 0.08356545961 0.033426183844 0.0343546889508 0.075208913649 0.0677808727948 0.008356545961 0.00185701021356 0.00649953574745 0.288765088208
18 0.0306406685237 0.00649953574745 0.0352831940576 0.0315691736305 0.00649953574745 0.230269266481 0.0129990714949 0.008356545961 0.0557103064067 0.0194986072423 0.008356545961 0.0464252553389 0.0213556174559 0.0259981429898 0.0538532961931 0.0436397400186 0.0371402042711 0.0139275766017 0.00557103064067 0.0120705663881 0.294336118849
19 0.0649953574745 0.0157845868152 0.0204271123491 0.0343546889508 0.0102135561746 0.0445682451253 0.0241411327762 0.0389972144847 0.0900649953575 0.0399257195915 0.0111420612813 0.0315691736305 0.058495821727 0.033426183844 0.0724233983287 0.058495821727 0.0371402042711 0.0603528319406 0.00557103064067 0.0148560817084 0.233054781801
20 0.206128133705 0.0204271123491 0.0102135561746 0.0148560817084 0.0148560817084 0.175487465181 0.00649953574745 0.0362116991643 0.0213556174559 0.0157845868152 0.0287836583101 0.016713091922 0.00557103064067 0.00557103064067 0.0278551532033 0.0909935004643 0.0529247910864 0.0779944289694 0.00557103064067 0.0176415970288 0.148560817084
21 0.127205199629 0.0120705663881 0.00928505106778 0.0102135561746 0.00464252553389 0.479108635097 0.00278551532033 0.00928505106778 0.016713091922 0.00649953574745 0.00371402042711 0.0148560817084 0.00557103064067 0.0102135561746 0.0185701021356 0.0742804085422 0.0269266480966 0.0204271123491 0.00742804085422 0.00742804085422 0.132776230269
22 0.148560817084 0.0547818012999 0.00371402042711 0.00557103064067 0.0649953574745 0.025069637883 0.00557103064067 0.111420612813 0.00928505106778 0.0603528319406 0.0204271123491 0.00371402042711 0.00278551532033 0.00649953574745 0.00928505106778 0.0473537604457 0.0315691736305 0.0798514391829 0.0974930362117 0.0779944289694 0.133704735376
23 0.2191272052 0.008356545961 0.00371402042711 0.008356545961 0.00371402042711 0.486536675952 0.000928505106778 0.00928505106778 0.00371402042711 0.00742804085422 0.00371402042711 0.00185701021356 0.00464252553389 0.00649953574745 0.0194986072423 0.050139275766 0.0139275766017 0.016713091922 0.00185701021356 0.00278551532033 0.127205199629
24 0.127205199629 0.0287836583101 0.00185701021356 0.000928505106778 0.0863509749304 0.0965645311049 0.0 0.0974930362117 0.00185701021356 0.041782729805 0.0111420612813 0.000928505106778 0.00371402042711 0.000928505106778 0.00464252553389 0.0371402042711 0.0102135561746 0.183844011142 0.0789229340761 0.0612813370474 0.124419684308
25 0.0974930362117 0.0157845868152 0.000928505106778 0.00557103064067 0.0538532961931 0.008356545961 0.00928505106778 0.130919220056 0.00742804085422 0.0798514391829 0.0139275766017 0.00185701021356 0.00278551532033 0.00649953574745 0.00371402042711 0.0232126276695 0.0352831940576 0.280408542247 0.0222841225627 0.0724233983287 0.128133704735
26 0.0677808727948 0.0324976787372 0.0102135561746 0.00649953574745 0.0770659238626 0.0464252553389 0.008356545961 0.168059424327 0.00742804085422 0.14113277623 0.0185701021356 0.00371402042711 0.00371402042711 0.00928505106778 0.0194986072423 0.0324976787372 0.016713091922 0.128133704735 0.0371402042711 0.0389972144847 0.126276694522
27 0.0315691736305 0.0157845868152 0.0129990714949 0.0510677808728 0.0352831940576 0.0408542246982 0.016713091922 0.0399257195915 0.0557103064067 0.0529247910864 0.0120705663881 0.0176415970288 0.050139275766 0.0352831940576 0.179201485608 0.0408542246982 0.0492107706592 0.0770659238626 0.0157845868152 0.0547818012999 0.11513463324
28 0.033426183844 0.0120705663881 0.171773444754 0.0380687093779 0.0232126276695 0.041782729805 0.033426183844 0.0278551532033 0.0297121634169 0.0371402042711 0.00185701021356 0.0909935004643 0.0371402042711 0.0287836583101 0.0427112349118 0.0798514391829 0.0380687093779 0.0343546889508 0.0129990714949 0.0529247910864 0.131847725162
29 0.0259981429898 0.00649953574745 0.0965645311049 0.0649953574745 0.0111420612813 0.182915506035 0.025069637883 0.0102135561746 0.0315691736305 0.0287836583101 0.00464252553389 0.0872794800371 0.0742804085422 0.0278551532033 0.0362116991643 0.058495821727 0.050139275766 0.0157845868152 0.00464252553389 0.00928505106778 0.147632311978
30 0.0306406685237 0.00464252553389 0.0770659238626 0.0649953574745 0.00649953574745 0.252553389044 0.0241411327762 0.0129990714949 0.0538532961931 0.0204271123491 0.00742804085422 0.0594243268338 0.025069637883 0.033426183844 0.0371402042711 0.0594243268338 0.0362116991643 0.0194986072423 0.00464252553389 0.00928505106778 0.160631383473
31 0.0315691736305 0.0129990714949 0.0464252553389 0.0742804085422 0.050139275766 0.0408542246982 0.0352831940576 0.0473537604457 0.050139275766 0.033426183844 0.0204271123491 0.0222841225627 0.0259981429898 0.0529247910864 0.0575673166202 0.0594243268338 0.0399257195915 0.0742804085422 0.0454967502321 0.016713091922 0.162488393686
32 0.0371402042711 0.0148560817084 0.0222841225627 0.0575673166202 0.0343546889508 0.0213556174559 0.0176415970288 0.102135561746 0.0464252553389 0.0733519034355 0.0129990714949 0.0315691736305 0.0594243268338 0.0380687093779 0.0492107706592 0.0399257195915 0.0380687093779 0.104921077066 0.0204271123491 0.0241411327762 0.154131847725
33 0.0473537604457 0.0129990714949 0.0213556174559 0.0389972144847 0.0427112349118 0.0445682451253 0.025069637883 0.0714948932219 0.0761374187558 0.117920148561 0.0194986072423 0.0222841225627 0.00928505106778 0.0278551532033 0.0724233983287 0.0371402042711 0.0436397400186 0.0594243268338 0.025069637883 0.0454967502321 0.139275766017
34 0.0965645311049 0.0139275766017 0.0315691736305 0.0770659238626 0.0259981429898 0.0844939647168 0.0324976787372 0.0297121634169 0.0408542246982 0.0427112349118 0.016713091922 0.0779944289694 0.016713091922 0.0482822655525 0.0482822655525 0.0705663881151 0.0529247910864 0.0389972144847 0.0111420612813 0.0139275766017 0.129062209842
35 0.0882079851439 0.0194986072423 0.0185701021356 0.0241411327762 0.114206128134 0.0380687093779 0.0241411327762 0.0761374187558 0.033426183844 0.0993500464253 0.0176415970288 0.0139275766017 0.0111420612813 0.0213556174559 0.0343546889508 0.0519962859796 0.0408542246982 0.0622098421541 0.0287836583101 0.0529247910864 0.129062209842
36 0.116063138347 0.0222841225627 0.0185701021356 0.0241411327762 0.0343546889508 0.0826369545032 0.0241411327762 0.0157845868152 0.0547818012999 0.0371402042711 0.00557103064067 0.0213556174559 0.0241411327762 0.0269266480966 0.0538532961931 0.197771587744 0.0389972144847 0.0315691736305 0.0129990714949 0.0380687093779 0.118848653668
37 0.0454967502321 0.0139275766017 0.0157845868152 0.0519962859796 0.0324976787372 0.155988857939 0.0148560817084 0.0408542246982 0.0659238625812 0.0724233983287 0.008356545961 0.0194986072423 0.0519962859796 0.0278551532033 0.0807799442897 0.0566388115135 0.033426183844 0.0510677808728 0.0148560817084 0.0232126276695 0.122562674095
38 0.050139275766 0.0232126276695 0.0241411327762 0.0315691736305 0.0371402042711 0.0789229340761 0.0213556174559 0.0575673166202 0.0492107706592 0.0947075208914 0.0222841225627 0.033426183844 0.0742804085422 0.0232126276695 0.050139275766 0.0770659238626 0.0352831940576 0.0464252553389 0.00278551532033 0.0315691736305 0.13556174559
39 0.0408542246982 0.0232126276695 0.0445682451253 0.0714948932219 0.0399257195915 0.0538532961931 0.0259981429898 0.0677808727948 0.0371402042711 0.129990714949 0.00649953574745 0.0232126276695 0.0677808727948 0.0222841225627 0.0454967502321 0.0612813370474 0.041782729805 0.058495821727 0.00464252553389 0.0241411327762 0.1095636026
40 0.0436861652739 0.0111884865367 0.0576137418756 0.0613277623027 0.0195450324977 0.156963788301 0.0418291550604 0.0204735376045 0.0464716805942 0.0334726090994 0.00468895078923 0.0464716805942 0.0928969359331 0.0353296193129 0.0483286908078 0.0548282265552 0.0603992571959 0.0158310120706 0.00283194057567 0.0167595171773 0.129062209842
41 0.0547818012999 0.0362116991643 0.0529247910864 0.0566388115135 0.0297121634169 0.0547818012999 0.033426183844 0.0519962859796 0.0492107706592 0.0510677808728 0.0139275766017 0.0529247910864 0.0464252553389 0.0278551532033 0.0492107706592 0.0547818012999 0.0436397400186 0.0622098421541 0.0102135561746 0.0297121634169 0.13834726091
42 0.105849582173 0.0482822655525 0.016713091922 0.0194986072423 0.0120705663881 0.058495821727 0.0408542246982 0.0297121634169 0.0241411327762 0.0538532961931 0.016713091922 0.0324976787372 0.0473537604457 0.0677808727948 0.033426183844 0.0993500464253 0.111420612813 0.0529247910864 0.0139275766017 0.0194986072423 0.0956360259981
43 0.0129990714949 0.0102135561746 0.0947075208914 0.0306406685237 0.0102135561746 0.0232126276695 0.0194986072423 0.008356545961 0.016713091922 0.0139275766017 0.00649953574745 0.0696378830084 0.0102135561746 0.0139275766017 0.0157845868152 0.281337047354 0.268337975859 0.00557103064067 0.00185701021356 0.008356545961 0.0779944289694
44 0.127205199629 0.00185701021356 0.00464252553389 0.0176415970288 0.0129990714949 0.0139275766017 0.0111420612813 0.102135561746 0.0102135561746 0.0185701021356 0.00185701021356 0.188486536676 0.075208913649 0.0139275766017 0.0139275766017 0.152274837512 0.0343546889508 0.116991643454 0.0 0.00557103064067 0.0770659238626
45 0.0399257195915 0.00649953574745 0.0241411327762 0.0269266480966 0.0928505106778 0.0241411327762 0.0362116991643 0.041782729805 0.0148560817084 0.103064066852 0.0148560817084 0.19312906221 0.0176415970288 0.0863509749304 0.016713091922 0.0343546889508 0.0557103064067 0.0324976787372 0.00185701021356 0.0631383472609 0.0733519034355
46 0.0557103064067 0.00742804085422 0.066852367688 0.111420612813 0.0259981429898 0.0194986072423 0.0259981429898 0.0492107706592 0.0399257195915 0.0473537604457 0.0232126276695 0.0139275766017 0.00742804085422 0.0844939647168 0.121634168988 0.0315691736305 0.0807799442897 0.075208913649 0.0157845868152 0.0259981429898 0.0705663881151
47 0.529247910864 0.0232126276695 0.00742804085422 0.00464252553389 0.00649953574745 0.0807799442897 0.000928505106778 0.0129990714949 0.0129990714949 0.0649953574745 0.0380687093779 0.00557103064067 0.0102135561746 0.00371402042711 0.0111420612813 0.0427112349118 0.0371402042711 0.0473537604457 0.0 0.00371402042711 0.0566388115135
48 0.013974001857 0.000974930362117 0.0158310120706 0.783704735376 4.64252553389e-05 0.013974001857 0.00376044568245 0.00376044568245 0.0344011142061 0.0102599814299 0.000974930362117 0.00840297121634 0.00283194057567 0.0130454967502 0.00376044568245 0.0102599814299 0.0102599814299 0.0102599814299 0.000974930362117 0.00376044568245 0.0547818012999
49 0.125348189415 0.0148560817084 0.000928505106778 0.0148560817084 0.0399257195915 0.0120705663881 0.00185701021356 0.102135561746 0.00371402042711 0.383472609099 0.0445682451253 0.00185701021356 0.00278551532033 0.00649953574745 0.00464252553389 0.0139275766017 0.0343546889508 0.0538532961931 0.0102135561746 0.0761374187558 0.0519962859796
50 0.0798514391829 0.0185701021356 0.00557103064067 0.0882079851439 0.0380687093779 0.0102135561746 0.0287836583101 0.0547818012999 0.0343546889508 0.171773444754 0.0640668523677 0.0185701021356 0.00278551532033 0.0492107706592 0.0538532961931 0.0389972144847 0.0492107706592 0.0677808727948 0.0259981429898 0.0529247910864 0.0464252553389
51 0.673166202414 0.00742804085422 0.00557103064067 0.00742804085422 0.00185701021356 0.142989786444 0.00185701021356 0.00371402042711 0.00278551532033 0.00464252553389 0.00371402042711 0.000928505106778 0.00557103064067 0.00371402042711 0.000928505106778 0.0427112349118 0.025069637883 0.0213556174559 0.0 0.000928505106778 0.0436397400186
52 0.0956360259981 0.0510677808728 0.00278551532033 0.00371402042711 0.0324976787372 0.00371402042711 0.00185701021356 0.30269266481 0.0 0.235840297122 0.0371402042711 0.00371402042711 0.000928505106778 0.00185701021356 0.00278551532033 0.008356545961 0.0111420612813 0.161559888579 0.0 0.00278551532033 0.0399257195915
53 0.0649953574745 0.0185701021356 0.00928505106778 0.0297121634169 0.033426183844 0.016713091922 0.0185701021356 0.147632311978 0.0622098421541 0.229340761374 0.0148560817084 0.0194986072423 0.00278551532033 0.0213556174559 0.075208913649 0.0259981429898 0.0324976787372 0.0696378830084 0.0139275766017 0.0538532961931 0.0399257195915
54 0.0909935004643 0.0139275766017 0.0389972144847 0.139275766017 0.0352831940576 0.0120705663881 0.0473537604457 0.033426183844 0.0789229340761 0.106778087279 0.0408542246982 0.0352831940576 0.00371402042711 0.0492107706592 0.0714948932219 0.0306406685237 0.033426183844 0.0269266480966 0.0324976787372 0.0408542246982 0.0380687093779
55 0.52460538533 0.0213556174559 0.00649953574745 0.00371402042711 0.008356545961 0.223769730734 0.0 0.0148560817084 0.0 0.0222841225627 0.00185701021356 0.00464252553389 0.00278551532033 0.00185701021356 0.00557103064067 0.041782729805 0.0213556174559 0.0519962859796 0.00185701021356 0.000928505106778 0.0399257195915
56 0.0315691736305 0.016713091922 0.000928505106778 0.00371402042711 0.033426183844 0.0 0.00557103064067 0.137418755803 0.00278551532033 0.52739090065 0.0519962859796 0.0 0.00278551532033 0.00185701021356 0.00185701021356 0.00464252553389 0.0148560817084 0.108635097493 0.00278551532033 0.0120705663881 0.0389972144847
57 0.0297121634169 0.0120705663881 0.0436397400186 0.168059424327 0.00742804085422 0.0176415970288 0.0269266480966 0.0241411327762 0.13556174559 0.0612813370474 0.0102135561746 0.0324976787372 0.00371402042711 0.101207056639 0.132776230269 0.0733519034355 0.0306406685237 0.0194986072423 0.00557103064067 0.0259981429898 0.0380687093779
58 0.075208913649 0.0176415970288 0.0297121634169 0.0297121634169 0.0399257195915 0.008356545961 0.0436397400186 0.0844939647168 0.0445682451253 0.1643454039 0.0352831940576 0.025069637883 0.000928505106778 0.0306406685237 0.0640668523677 0.0557103064067 0.0473537604457 0.0492107706592 0.0575673166202 0.0557103064067 0.0408542246982
59 0.321309192201 0.0418291550604 0.00561745589601 0.00376044568245 0.0520427112349 0.0251160631383 0.0149025069638 0.111467038069 0.00283194057567 0.146750232126 0.0279015784587 0.00561745589601 0.00376044568245 0.00283194057567 0.0149025069638 0.0279015784587 0.0362581244197 0.0938254410399 0.00561745589601 0.00933147632312 0.0464252553389
60 0.0705663881151 0.0157845868152 0.0278551532033 0.0566388115135 0.0157845868152 0.0259981429898 0.025069637883 0.0566388115135 0.091922005571 0.123491179201 0.0157845868152 0.0371402042711 0.0705663881151 0.0473537604457 0.0687093779016 0.0454967502321 0.0352831940576 0.0510677808728 0.0371402042711 0.0185701021356 0.0631383472609
61 0.0482822655525 0.0129990714949 0.0566388115135 0.0714948932219 0.0176415970288 0.182915506035 0.0194986072423 0.0139275766017 0.0677808727948 0.0315691736305 0.00557103064067 0.0863509749304 0.0529247910864 0.0389972144847 0.0826369545032 0.0603528319406 0.0362116991643 0.0129990714949 0.00649953574745 0.0120705663881 0.0826369545032
62 0.0482822655525 0.0185701021356 0.0807799442897 0.0287836583101 0.0742804085422 0.0622098421541 0.0269266480966 0.0705663881151 0.033426183844 0.0798514391829 0.0139275766017 0.0594243268338 0.0575673166202 0.0157845868152 0.0427112349118 0.0492107706592 0.0436397400186 0.0594243268338 0.0204271123491 0.0538532961931 0.0603528319406
63 0.0510677808728 0.0287836583101 0.0473537604457 0.0622098421541 0.016713091922 0.0445682451253 0.0389972144847 0.0139275766017 0.103064066852 0.0362116991643 0.0148560817084 0.050139275766 0.0241411327762 0.0594243268338 0.117920148561 0.100278551532 0.0928505106778 0.0278551532033 0.00185701021356 0.0120705663881 0.0557103064067
64 0.0269266480966 0.0157845868152 0.0566388115135 0.0770659238626 0.008356545961 0.0222841225627 0.0622098421541 0.0148560817084 0.129062209842 0.0157845868152 0.00649953574745 0.0872794800371 0.0844939647168 0.0399257195915 0.118848653668 0.0947075208914 0.0575673166202 0.0343546889508 0.00464252553389 0.00649953574745 0.0362116991643
65 0.0631383472609 0.00928505106778 0.00557103064067 0.00278551532033 0.0380687093779 0.008356545961 0.00371402042711 0.233983286908 0.008356545961 0.218198700093 0.0157845868152 0.00278551532033 0.00464252553389 0.00649953574745 0.00464252553389 0.00928505106778 0.0241411327762 0.274837511606 0.008356545961 0.0204271123491 0.0371402042711
66 0.0380687093779 0.0204271123491 0.0213556174559 0.066852367688 0.0241411327762 0.0 0.0529247910864 0.151346332405 0.0371402042711 0.0974930362117 0.0129990714949 0.0436397400186 0.0157845868152 0.0241411327762 0.0343546889508 0.0194986072423 0.103064066852 0.153203342618 0.0213556174559 0.0269266480966 0.0352831940576
67 0.0129990714949 0.0222841225627 0.00185701021356 0.00185701021356 0.0798514391829 0.00185701021356 0.00185701021356 0.447539461467 0.00464252553389 0.149489322191 0.0139275766017 0.000928505106778 0.00278551532033 0.00371402042711 0.00557103064067 0.008356545961 0.00557103064067 0.194986072423 0.000928505106778 0.00649953574745 0.0324976787372
68 0.0399257195915 0.0315691736305 0.00557103064067 0.151346332405 0.148560817084 0.0111420612813 0.041782729805 0.0464252553389 0.0352831940576 0.0909935004643 0.0176415970288 0.0176415970288 0.00464252553389 0.0232126276695 0.058495821727 0.0129990714949 0.00464252553389 0.0649953574745 0.0148560817084 0.145775301764 0.0324976787372
69 0.0297121634169 0.0408542246982 0.00185701021356 0.00557103064067 0.00557103064067 0.0733519034355 0.00649953574745 0.0324976787372 0.00278551532033 0.0389972144847 0.0241411327762 0.0139275766017 0.00557103064067 0.00464252553389 0.00649953574745 0.275766016713 0.350046425255 0.0315691736305 0.00464252553389 0.0129990714949 0.0324976787372
70 0.00928505106778 0.00371402042711 0.773444753946 0.016713091922 0.000928505106778 0.008356545961 0.0111420612813 0.00371402042711 0.0102135561746 0.00557103064067 0.00278551532033 0.0352831940576 0.00649953574745 0.00185701021356 0.0148560817084 0.0306406685237 0.0148560817084 0.00649953574745 0.0 0.00649953574745 0.0371402042711
71 0.0343546889508 0.120705663881 0.0176415970288 0.00928505106778 0.0120705663881 0.00742804085422 0.00557103064067 0.00371402042711 0.00185701021356 0.0148560817084 0.00185701021356 0.125348189415 0.00371402042711 0.00371402042711 0.00278551532033 0.549675023213 0.00649953574745 0.00649953574745 0.0 0.016713091922 0.0557103064067
72 0.0473537604457 0.00742804085422 0.0343546889508 0.0807799442897 0.008356545961 0.0129990714949 0.00928505106778 0.0278551532033 0.142061281337 0.11513463324 0.0306406685237 0.0222841225627 0.00928505106778 0.180129990715 0.066852367688 0.0649953574745 0.058495821727 0.0139275766017 0.00371402042711 0.008356545961 0.0557103064067
73 0.103992571959 0.00185701021356 0.0343546889508 0.0408542246982 0.0408542246982 0.0315691736305 0.0111420612813 0.0315691736305 0.0176415970288 0.0928505106778 0.0120705663881 0.050139275766 0.0269266480966 0.0259981429898 0.016713091922 0.123491179201 0.0649953574745 0.0473537604457 0.0111420612813 0.152274837512 0.0622098421541
74 0.238625812442 0.0185701021356 0.00185701021356 0.00278551532033 0.0102135561746 0.008356545961 0.0 0.0807799442897 0.0 0.179201485608 0.0194986072423 0.00649953574745 0.00185701021356 0.0 0.00278551532033 0.0557103064067 0.0362116991643 0.269266480966 0.000928505106778 0.00278551532033 0.0640668523677
75 0.0696378830084 0.016713091922 0.00464252553389 0.00928505106778 0.0241411327762 0.00742804085422 0.00371402042711 0.24791086351 0.016713091922 0.181987000929 0.0315691736305 0.008356545961 0.00371402042711 0.0148560817084 0.0139275766017 0.0222841225627 0.0185701021356 0.233983286908 0.00464252553389 0.0194986072423 0.0464252553389
76 0.0464252553389 0.00371402042711 0.102135561746 0.0724233983287 0.00185701021356 0.0464252553389 0.0278551532033 0.0102135561746 0.121634168988 0.0287836583101 0.016713091922 0.116063138347 0.00742804085422 0.108635097493 0.0891364902507 0.0761374187558 0.0399257195915 0.0120705663881 0.00371402042711 0.0194986072423 0.0492107706592
77 0.166202414113 0.0427112349118 0.016713091922 0.016713091922 0.0213556174559 0.0779944289694 0.025069637883 0.0538532961931 0.0315691736305 0.0798514391829 0.0324976787372 0.0343546889508 0.000928505106778 0.0687093779016 0.033426183844 0.091922005571 0.0557103064067 0.0399257195915 0.0259981429898 0.0241411327762 0.0603528319406
78 0.041782729805 0.0176415970288 0.000928505106778 0.00371402042711 0.058495821727 0.00557103064067 0.00649953574745 0.237697307335 0.00278551532033 0.321262766945 0.0547818012999 0.00371402042711 0.00464252553389 0.00464252553389 0.00464252553389 0.0111420612813 0.0204271123491 0.116063138347 0.00928505106778 0.0157845868152 0.058495821727
79 0.0612813370474 0.0157845868152 0.0343546889508 0.0492107706592 0.0111420612813 0.0278551532033 0.0269266480966 0.0157845868152 0.0863509749304 0.0510677808728 0.0102135561746 0.132776230269 0.008356545961 0.0882079851439 0.0696378830084 0.0844939647168 0.118848653668 0.0204271123491 0.00464252553389 0.0129990714949 0.0696378830084
80 0.0371402042711 0.0102135561746 0.0594243268338 0.0594243268338 0.00742804085422 0.11513463324 0.0306406685237 0.0139275766017 0.105849582173 0.0222841225627 0.00278551532033 0.0956360259981 0.00557103064067 0.0343546889508 0.0687093779016 0.103064066852 0.041782729805 0.016713091922 0.0 0.0129990714949 0.156917363045
81 0.0148560817084 0.00649953574745 0.0213556174559 0.0111420612813 0.0204271123491 0.0297121634169 0.0139275766017 0.0176415970288 0.0241411327762 0.0324976787372 0.00557103064067 0.025069637883 0.0241411327762 0.0148560817084 0.0454967502321 0.0232126276695 0.0111420612813 0.0120705663881 0.100278551532 0.0232126276695 0.522748375116
82 0.0269266480966 0.0102135561746 0.0111420612813 0.0111420612813 0.0120705663881 0.016713091922 0.00742804085422 0.0510677808728 0.0157845868152 0.102135561746 0.0232126276695 0.00278551532033 0.0194986072423 0.008356545961 0.0259981429898 0.0222841225627 0.016713091922 0.0278551532033 0.0 0.0185701021356 0.570102135562
83 0.0241411327762 0.00464252553389 0.025069637883 0.0473537604457 0.0111420612813 0.0213556174559 0.0185701021356 0.008356545961 0.0362116991643 0.0194986072423 0.00464252553389 0.025069637883 0.0454967502321 0.0204271123491 0.0213556174559 0.033426183844 0.0269266480966 0.0129990714949 0.008356545961 0.00928505106778 0.575673166202
84 0.0148560817084 0.000928505106778 0.0176415970288 0.0343546889508 0.00278551532033 0.0594243268338 0.00649953574745 0.0139275766017 0.0640668523677 0.0176415970288 0.00278551532033 0.0315691736305 0.0185701021356 0.0148560817084 0.0306406685237 0.033426183844 0.0269266480966 0.0157845868152 0.00278551532033 0.00742804085422 0.583101207057
85 0.00742804085422 0.00557103064067 0.00649953574745 0.00464252553389 0.0120705663881 0.00742804085422 0.0129990714949 0.0129990714949 0.0111420612813 0.008356545961 0.00371402042711 0.0102135561746 0.00742804085422 0.00928505106778 0.0148560817084 0.0148560817084 0.00464252553389 0.00649953574745 0.182915506035 0.0148560817084 0.641597028784
86 0.0315691736305 0.00557103064067 0.0120705663881 0.0445682451253 0.00464252553389 0.00649953574745 0.00928505106778 0.008356545961 0.0566388115135 0.0213556174559 0.00557103064067 0.00928505106778 0.00649953574745 0.0232126276695 0.0399257195915 0.0269266480966 0.0102135561746 0.0139275766017 0.0 0.00278551532033 0.661095636026
87 0.0232126276695 0.00185701021356 0.0297121634169 0.0213556174559 0.00371402042711 0.00742804085422 0.0102135561746 0.00928505106778 0.0445682451253 0.0185701021356 0.00742804085422 0.016713091922 0.0157845868152 0.0269266480966 0.0529247910864 0.0157845868152 0.0111420612813 0.00649953574745 0.00278551532033 0.00371402042711 0.670380687094
88 0.0176415970288 0.00185701021356 0.00928505106778 0.0185701021356 0.00557103064067 0.0204271123491 0.008356545961 0.00742804085422 0.0343546889508 0.00742804085422 0.0 0.0947075208914 0.00649953574745 0.00928505106778 0.0492107706592 0.0176415970288 0.0120705663881 0.00557103064067 0.00371402042711 0.00371402042711 0.666666666667
89 0.0241411327762 0.00557103064067 0.0519962859796 0.0445682451253 0.00557103064067 0.178272980501 0.008356545961 0.008356545961 0.0287836583101 0.00928505106778 0.00557103064067 0.0464252553389 0.0287836583101 0.016713091922 0.0306406685237 0.033426183844 0.0204271123491 0.0157845868152 0.00185701021356 0.00371402042711 0.431754874652
90 0.016713091922 0.00464252553389 0.00928505106778 0.008356545961 0.066852367688 0.00742804085422 0.00557103064067 0.0129990714949 0.00928505106778 0.0222841225627 0.0102135561746 0.00649953574745 0.0176415970288 0.0102135561746 0.0148560817084 0.0222841225627 0.0185701021356 0.00557103064067 0.194986072423 0.0677808727948 0.467966573816
91 0.0315691736305 0.00928505106778 0.0176415970288 0.0315691736305 0.008356545961 0.0213556174559 0.0129990714949 0.0371402042711 0.106778087279 0.0529247910864 0.0139275766017 0.0185701021356 0.0232126276695 0.0343546889508 0.1095636026 0.025069637883 0.0445682451253 0.0371402042711 0.000928505106778 0.00742804085422 0.355617455896
92 0.0371402042711 0.0148560817084 0.016713091922 0.0213556174559 0.00464252553389 0.0194986072423 0.00649953574745 0.0157845868152 0.0575673166202 0.0111420612813 0.00371402042711 0.0566388115135 0.025069637883 0.0232126276695 0.0371402042711 0.041782729805 0.0872794800371 0.0176415970288 0.000928505106778 0.00371402042711 0.497678737233
93 0.066852367688 0.00464252553389 0.0120705663881 0.0120705663881 0.00371402042711 0.033426183844 0.0102135561746 0.016713091922 0.0575673166202 0.0269266480966 0.00371402042711 0.033426183844 0.0315691736305 0.0259981429898 0.0464252553389 0.091922005571 0.0278551532033 0.0157845868152 0.00185701021356 0.00649953574745 0.470752089136
94 0.0222841225627 0.00464252553389 0.0807799442897 0.0222841225627 0.00464252553389 0.0352831940576 0.0148560817084 0.00649953574745 0.0510677808728 0.016713091922 0.00371402042711 0.0454967502321 0.0278551532033 0.0213556174559 0.0492107706592 0.0779944289694 0.0399257195915 0.0111420612813 0.0 0.00649953574745 0.457753017642
95 0.025069637883 0.0102135561746 0.0194986072423 0.0324976787372 0.0129990714949 0.177344475395 0.0120705663881 0.0129990714949 0.041782729805 0.0176415970288 0.00464252553389 0.0343546889508 0.025069637883 0.0185701021356 0.0306406685237 0.0297121634169 0.0213556174559 0.00928505106778 0.000928505106778 0.00649953574745 0.456824512535
96 0.0269266480966 0.00185701021356 0.0185701021356 0.0640668523677 0.00928505106778 0.0436397400186 0.0148560817084 0.0148560817084 0.08356545961 0.0232126276695 0.00557103064067 0.033426183844 0.0185701021356 0.0464252553389 0.0454967502321 0.0612813370474 0.0473537604457 0.0232126276695 0.00185701021356 0.0129990714949 0.402971216342
97 0.0287836583101 0.0102135561746 0.0389972144847 0.041782729805 0.0204271123491 0.0473537604457 0.0259981429898 0.0287836583101 0.0315691736305 0.0482822655525 0.00928505106778 0.0204271123491 0.166202414113 0.0204271123491 0.0427112349118 0.050139275766 0.0241411327762 0.0297121634169 0.00464252553389 0.0352831940576 0.274837511606
98 0.0510677808728 0.0185701021356 0.016713091922 0.0157845868152 0.0157845868152 0.0176415970288 0.041782729805 0.103064066852 0.0241411327762 0.0965645311049 0.00557103064067 0.0129990714949 0.033426183844 0.0185701021356 0.0343546889508 0.0389972144847 0.0510677808728 0.143918291551 0.0157845868152 0.0157845868152 0.228412256267
99 0.0844939647168 0.00278551532033 0.0213556174559 0.0510677808728 0.00742804085422 0.0204271123491 0.016713091922 0.0315691736305 0.105849582173 0.0482822655525 0.008356545961 0.0232126276695 0.0649953574745 0.0362116991643 0.0649953574745 0.058495821727 0.0427112349118 0.0547818012999 0.00371402042711 0.0111420612813 0.241411327762
100 0.0315691736305 0.00928505106778 0.0315691736305 0.0324976787372 0.0315691736305 0.0241411327762 0.0696378830084 0.0454967502321 0.0157845868152 0.066852367688 0.016713091922 0.192200557103 0.00649953574745 0.00928505106778 0.0232126276695 0.0705663881151 0.0343546889508 0.0269266480966 0.00557103064067 0.0492107706592 0.207056638812
101 0.0909935004643 0.0139275766017 0.0287836583101 0.0297121634169 0.0139275766017 0.0380687093779 0.0352831940576 0.0315691736305 0.0566388115135 0.0612813370474 0.00742804085422 0.0269266480966 0.0399257195915 0.0798514391829 0.0974930362117 0.0557103064067 0.0343546889508 0.0324976787372 0.0102135561746 0.0232126276695 0.192200557103
102 0.0761374187558 0.00649953574745 0.130919220056 0.127205199629 0.0139275766017 0.0380687093779 0.025069637883 0.0315691736305 0.0529247910864 0.0408542246982 0.016713091922 0.0427112349118 0.0677808727948 0.0464252553389 0.0557103064067 0.0677808727948 0.0389972144847 0.0232126276695 0.00742804085422 0.0139275766017 0.0761374187558
103 0.033426183844 0.0111420612813 0.0111420612813 0.0389972144847 0.0482822655525 0.00557103064067 0.0102135561746 0.176415970288 0.0213556174559 0.318477251625 0.016713091922 0.00557103064067 0.00742804085422 0.0241411327762 0.0232126276695 0.0157845868152 0.0259981429898 0.066852367688 0.0120705663881 0.0510677808728 0.0761374187558
104 0.0408542246982 0.0148560817084 0.00464252553389 0.00649953574745 0.075208913649 0.00371402042711 0.0185701021356 0.137418755803 0.0232126276695 0.144846796657 0.0343546889508 0.00557103064067 0.00278551532033 0.0148560817084 0.0436397400186 0.025069637883 0.0185701021356 0.11513463324 0.139275766017 0.0547818012999 0.0761374187558
105 0.0557103064067 0.0102135561746 0.0575673166202 0.1095636026 0.016713091922 0.0139275766017 0.0297121634169 0.0241411327762 0.11234911792 0.0529247910864 0.0185701021356 0.0510677808728 0.0111420612813 0.107706592386 0.130919220056 0.0575673166202 0.0297121634169 0.0176415970288 0.00185701021356 0.0139275766017 0.0770659238626
106 0.0909935004643 0.0102135561746 0.0872794800371 0.147632311978 0.016713091922 0.00742804085422 0.0222841225627 0.0371402042711 0.08356545961 0.0566388115135 0.0176415970288 0.0297121634169 0.0120705663881 0.0761374187558 0.0863509749304 0.0631383472609 0.0324976787372 0.0213556174559 0.00742804085422 0.0157845868152 0.0779944289694
107 0.0807799442897 0.0408542246982 0.00185701021356 0.00464252553389 0.0473537604457 0.00278551532033 0.00464252553389 0.311049210771 0.000928505106778 0.22191272052 0.0222841225627 0.00742804085422 0.00278551532033 0.00464252553389 0.0120705663881 0.0176415970288 0.0352831940576 0.0891364902507 0.00742804085422 0.0176415970288 0.066852367688
108 0.0529247910864 0.0139275766017 0.0575673166202 0.0445682451253 0.0297121634169 0.0148560817084 0.0408542246982 0.058495821727 0.0854224698236 0.104921077066 0.025069637883 0.0306406685237 0.008356545961 0.0612813370474 0.11513463324 0.0306406685237 0.033426183844 0.0557103064067 0.0306406685237 0.0287836583101 0.0770659238626
109 0.0965645311049 0.0120705663881 0.0817084493965 0.13556174559 0.016713091922 0.0297121634169 0.0315691736305 0.0176415970288 0.0984215413185 0.0445682451253 0.00649953574745 0.0473537604457 0.00928505106778 0.0575673166202 0.0826369545032 0.0612813370474 0.0482822655525 0.0222841225627 0.00371402042711 0.0139275766017 0.0826369545032
110 0.0612813370474 0.0232126276695 0.008356545961 0.041782729805 0.0436397400186 0.0129990714949 0.0185701021356 0.0891364902507 0.0306406685237 0.322191272052 0.0371402042711 0.0129990714949 0.00464252553389 0.033426183844 0.0473537604457 0.0232126276695 0.0297121634169 0.0380687093779 0.0185701021356 0.0213556174559 0.0817084493965
111 0.0826369545032 0.0315691736305 0.0129990714949 0.0278551532033 0.0287836583101 0.0148560817084 0.0102135561746 0.102135561746 0.050139275766 0.231197771588 0.0529247910864 0.0139275766017 0.00464252553389 0.025069637883 0.0519962859796 0.0566388115135 0.0297121634169 0.058495821727 0.0102135561746 0.0232126276695 0.0807799442897
112 0.0612813370474 0.00928505106778 0.0594243268338 0.0974930362117 0.00742804085422 0.0362116991643 0.0269266480966 0.0185701021356 0.103064066852 0.0362116991643 0.0148560817084 0.0696378830084 0.0213556174559 0.075208913649 0.136490250696 0.0900649953575 0.0269266480966 0.0157845868152 0.00371402042711 0.00928505106778 0.0807799442897
113 0.0445682451253 0.0129990714949 0.0538532961931 0.0993500464253 0.00928505106778 0.0798514391829 0.0287836583101 0.0194986072423 0.101207056639 0.0473537604457 0.0111420612813 0.0529247910864 0.0232126276695 0.0687093779016 0.101207056639 0.0798514391829 0.0436397400186 0.0213556174559 0.00371402042711 0.0129990714949 0.0844939647168
114 0.0260445682451 0.0186165273909 0.0158310120706 0.0186165273909 0.139322191272 0.0409006499536 0.055756731662 0.0678272980501 0.0418291550604 0.130965645311 0.0176880222841 0.03904363974 0.0149025069638 0.013974001857 0.0845403899721 0.0241875580316 0.0251160631383 0.0566852367688 0.0288300835655 0.0241875580316 0.11513463324
115 0.0269266480966 0.0157845868152 0.075208913649 0.0872794800371 0.0129990714949 0.0445682451253 0.0352831940576 0.0148560817084 0.0909935004643 0.0343546889508 0.00557103064067 0.0863509749304 0.0492107706592 0.0454967502321 0.0854224698236 0.0909935004643 0.050139275766 0.0324976787372 0.00464252553389 0.0129990714949 0.0984215413185
116 0.0213556174559 0.0454967502321 0.00464252553389 0.00557103064067 0.0575673166202 0.00278551532033 0.0120705663881 0.182915506035 0.0111420612813 0.11234911792 0.0102135561746 0.00371402042711 0.0194986072423 0.00464252553389 0.0120705663881 0.0185701021356 0.0547818012999 0.289693593315 0.0222841225627 0.0222841225627 0.0863509749304
117 0.0297121634169 0.0129990714949 0.0399257195915 0.091922005571 0.0315691736305 0.0129990714949 0.0436397400186 0.0287836583101 0.0872794800371 0.0492107706592 0.00742804085422 0.0297121634169 0.000928505106778 0.0547818012999 0.0974930362117 0.103992571959 0.113277623027 0.0464252553389 0.00649953574745 0.0278551532033 0.08356545961
118 0.0204271123491 0.008356545961 0.00557103064067 0.00464252553389 0.231197771588 0.00928505106778 0.00185701021356 0.158774373259 0.00464252553389 0.192200557103 0.0204271123491 0.000928505106778 0.0102135561746 0.00371402042711 0.00464252553389 0.00928505106778 0.0102135561746 0.154131847725 0.0371402042711 0.0222841225627 0.0900649953575
