POS A C D E F G H I K L M N P Q R S T V W Y -
1 0.0018281535649 0.0018281535649 0.0 0.00274223034735 0.0 0.0018281535649 0.0 0.0073126142596 0.00091407678245 0.0164533820841 0.0228519195612 0.0146252285192 0.00639853747715 0.00091407678245 0.00091407678245 0.00274223034735 0.0 0.00274223034735 0.0 0.0 0.915904936015
2 0.0127970749543 0.00091407678245 0.0356489945155 0.036563071298 0.00091407678245 0.0091407678245 0.0091407678245 0.0073126142596 0.0127970749543 0.0100548446069 0.0274223034735 0.018281535649 0.0511882998172 0.0173674588665 0.0155393053016 0.0383912248629 0.0164533820841 0.00457038391225 0.0 0.00091407678245 0.674588665448
3 0.0237659963437 0.00091407678245 0.0676416819013 0.0383912248629 0.0073126142596 0.125228519196 0.0109689213894 0.00639853747715 0.026508226691 0.0109689213894 0.0228519195612 0.0493601462523 0.0402193784278 0.0164533820841 0.0274223034735 0.0374771480804 0.0310786106033 0.0036563071298 0.00274223034735 0.0127970749543 0.437842778793
4 0.0411791590494 0.0210694698355 0.056718464351 0.0475776965265 0.0265539305302 0.0256398537477 0.0228976234004 0.0155850091408 0.0402650822669 0.0164990859232 0.0210694698355 0.0219835466179 0.0375228519196 0.0228976234004 0.0366087751371 0.048491773309 0.0804844606947 0.0320383912249 0.0439213893967 0.0247257769653 0.316270566728
5 0.0356489945155 0.0127970749543 0.0054844606947 0.0054844606947 0.036563071298 0.0091407678245 0.0109689213894 0.123400365631 0.0091407678245 0.188299817185 0.0301645338208 0.0091407678245 0.0164533820841 0.0073126142596 0.0146252285192 0.0091407678245 0.0438756855576 0.13071297989 0.0338208409506 0.0475319926874 0.22029250457
6 0.0356489945155 0.0109689213894 0.0210237659963 0.0301645338208 0.0109689213894 0.0036563071298 0.0393053016453 0.0904936014625 0.154478976234 0.0438756855576 0.0091407678245 0.0255941499086 0.00639853747715 0.0237659963437 0.0420475319927 0.0255941499086 0.0932358318099 0.126142595978 0.0054844606947 0.0255941499086 0.176416819013
7 0.0649451553931 0.0585466179159 4.57038391225e-05 0.00278793418647 0.0558043875686 0.00553016453382 4.57038391225e-05 0.235877513711 0.00187385740402 0.153610603291 0.0183272394881 0.00461608775137 0.00187385740402 4.57038391225e-05 0.00370201096892 0.00370201096892 0.00553016453382 0.201142595978 0.0128427787934 0.0128427787934 0.156307129799
8 0.0457038391225 0.00457038391225 0.0036563071298 0.00822669104205 0.161791590494 0.00822669104205 0.0210237659963 0.0191956124314 0.00822669104205 0.0118829981718 0.00457038391225 0.137111517367 0.0036563071298 0.0109689213894 0.00822669104205 0.0255941499086 0.0201096892139 0.0109689213894 0.0356489945155 0.301645338208 0.148994515539
9 0.0301645338208 0.0484460694698 0.0054844606947 0.00639853747715 0.0621572212066 0.0073126142596 0.0 0.0804387568556 0.00274223034735 0.0228519195612 0.0146252285192 0.0018281535649 0.0054844606947 0.00274223034735 0.00274223034735 0.0694698354662 0.336380255941 0.149908592322 0.00091407678245 0.0073126142596 0.142595978062
10 0.0274680073126 0.00827239488117 0.682861060329 0.0146709323583 0.000959780621572 0.0192413162706 0.0137568555759 0.00370201096892 0.00827239488117 0.00370201096892 0.00644424131627 0.0247257769653 0.00370201096892 0.00278793418647 0.0101005484461 0.0155850091408 0.00827239488117 0.00187385740402 4.57038391225e-05 0.00370201096892 0.139853747715
11 0.191956124314 0.00274223034735 0.0036563071298 0.00639853747715 0.00091407678245 0.535648994516 0.00274223034735 0.0018281535649 0.00274223034735 0.00457038391225 0.0054844606947 0.0100548446069 0.00274223034735 0.0018281535649 0.0109689213894 0.0356489945155 0.0191956124314 0.0164533820841 0.00091407678245 0.0036563071298 0.139853747715
12 0.167276051188 0.018281535649 0.0054844606947 0.00274223034735 0.00822669104205 0.0530164533821 0.0054844606947 0.0118829981718 0.0054844606947 0.0137111517367 0.0018281535649 0.0091407678245 0.00822669104205 0.00457038391225 0.0073126142596 0.480804387569 0.0274223034735 0.018281535649 0.00274223034735 0.00639853747715 0.14168190128
13 0.0576325411335 0.101508226691 0.0101005484461 0.00735831809872 0.0923674588665 0.0228976234004 0.0183272394881 0.0219835466179 0.0603747714808 0.0356946983547 0.0174131627057 0.00553016453382 0.00461608775137 0.00735831809872 0.0393510054845 0.0914533820841 0.0338665447898 0.066773308958 0.0558043875686 0.0539762340037 0.195612431444
14 0.0201096892139 0.0173674588665 0.0484460694698 0.0310786106033 0.0329067641682 0.0137111517367 0.0329067641682 0.0621572212066 0.0877513711152 0.0767824497258 0.0109689213894 0.0475319926874 0.0146252285192 0.0310786106033 0.115173674589 0.0648994515539 0.036563071298 0.0329067641682 0.00274223034735 0.0274223034735 0.192870201097
15 0.0502742230347 0.0109689213894 0.0338208409506 0.0566727605119 0.00457038391225 0.101462522852 0.0283363802559 0.0164533820841 0.0786106032907 0.0219378427788 0.00639853747715 0.0786106032907 0.0767824497258 0.0374771480804 0.0457038391225 0.0667276051188 0.0283363802559 0.0347349177331 0.0054844606947 0.0201096892139 0.196526508227
16 0.0338208409506 0.0054844606947 0.0575868372943 0.0566727605119 0.0091407678245 0.0676416819013 0.0210237659963 0.0109689213894 0.0639853747715 0.0246800731261 0.0073126142596 0.167276051188 0.0283363802559 0.0310786106033 0.0329067641682 0.0712979890311 0.0393053016453 0.018281535649 0.00457038391225 0.0155393053016 0.233089579525
17 0.0347349177331 0.0054844606947 0.0374771480804 0.0329067641682 0.0073126142596 0.136197440585 0.0155393053016 0.0054844606947 0.0402193784278 0.0164533820841 0.0018281535649 0.0493601462523 0.081352833638 0.036563071298 0.0438756855576 0.0767824497258 0.0685557586837 0.00822669104205 0.00274223034735 0.00639853747715 0.292504570384
18 0.0338208409506 0.0073126142596 0.0393053016453 0.0210237659963 0.0091407678245 0.2239488117 0.0155393053016 0.00822669104205 0.0566727605119 0.0201096892139 0.0091407678245 0.0429616087751 0.018281535649 0.0310786106033 0.0521023765996 0.0521023765996 0.036563071298 0.0118829981718 0.00457038391225 0.0118829981718 0.294332723949
19 0.0658135283364 0.0137111517367 0.0146252285192 0.0347349177331 0.0127970749543 0.0511882998172 0.026508226691 0.0374771480804 0.0868372943327 0.0429616087751 0.0109689213894 0.0292504570384 0.0621572212066 0.0319926873857 0.0749542961609 0.063071297989 0.0393053016453 0.0575868372943 0.0054844606947 0.0118829981718 0.226691042048
20 0.207495429616 0.018281535649 0.0137111517367 0.0137111517367 0.0118829981718 0.166361974406 0.00639853747715 0.036563071298 0.0237659963437 0.018281535649 0.0283363802559 0.0173674588665 0.00639853747715 0.0054844606947 0.0292504570384 0.0868372943327 0.0521023765996 0.073126142596 0.00457038391225 0.0237659963437 0.156307129799
21 0.136197440585 0.0146252285192 0.0073126142596 0.00822669104205 0.0054844606947 0.468921389397 0.0054844606947 0.00822669104205 0.0164533820841 0.0073126142596 0.00274223034735 0.0155393053016 0.00457038391225 0.0100548446069 0.018281535649 0.073126142596 0.026508226691 0.0201096892139 0.00822669104205 0.00639853747715 0.136197440585
22 0.155393053016 0.0594149908592 0.00091407678245 0.00274223034735 0.063071297989 0.0246800731261 0.0073126142596 0.105118829982 0.0118829981718 0.0594149908592 0.0173674588665 0.00457038391225 0.00091407678245 0.0091407678245 0.0118829981718 0.0511882998172 0.0319926873857 0.0758683729433 0.0950639853748 0.0786106032907 0.133455210238
23 0.223034734918 0.0100548446069 0.0036563071298 0.00639853747715 0.0036563071298 0.472577696527 0.00091407678245 0.00822669104205 0.00457038391225 0.0054844606947 0.00457038391225 0.00274223034735 0.0054844606947 0.0054844606947 0.0228519195612 0.0530164533821 0.0127970749543 0.0210237659963 0.00274223034735 0.00457038391225 0.126142595978
24 0.129798903108 0.0292504570384 0.00274223034735 0.00274223034735 0.0850091407678 0.107861060329 0.0 0.0877513711152 0.00274223034735 0.0420475319927 0.0137111517367 0.0018281535649 0.0054844606947 0.00091407678245 0.00639853747715 0.0319926873857 0.0127970749543 0.177330895795 0.0786106032907 0.0594149908592 0.121572212066
25 0.0978062157221 0.0210237659963 0.00091407678245 0.0036563071298 0.0475319926874 0.00822669104205 0.00822669104205 0.136197440585 0.00822669104205 0.0840950639854 0.0155393053016 0.0036563071298 0.0018281535649 0.0091407678245 0.0036563071298 0.0219378427788 0.0347349177331 0.270566727605 0.0201096892139 0.0749542961609 0.127970749543
26 0.0658135283364 0.0329067641682 0.0109689213894 0.00639853747715 0.0868372943327 0.0475319926874 0.0091407678245 0.166361974406 0.0073126142596 0.136197440585 0.0155393053016 0.0036563071298 0.00457038391225 0.00822669104205 0.0191956124314 0.0383912248629 0.0191956124314 0.127056672761 0.0292504570384 0.0374771480804 0.127970749543
27 0.0310786106033 0.0173674588665 0.0118829981718 0.0502742230347 0.0310786106033 0.0393053016453 0.018281535649 0.0457038391225 0.0557586837294 0.0466179159049 0.0109689213894 0.0164533820841 0.0484460694698 0.0338208409506 0.183729433272 0.0383912248629 0.0429616087751 0.0850091407678 0.018281535649 0.0539305301645 0.120658135283
28 0.0393053016453 0.0127970749543 0.171846435101 0.0310786106033 0.0246800731261 0.0420475319927 0.0338208409506 0.0219378427788 0.0292504570384 0.036563071298 0.00091407678245 0.0904936014625 0.0411334552102 0.0283363802559 0.0402193784278 0.0831809872029 0.0402193784278 0.0283363802559 0.0127970749543 0.0502742230347 0.140767824497
29 0.0274223034735 0.00457038391225 0.0886654478976 0.0639853747715 0.0118829981718 0.198354661792 0.0255941499086 0.0109689213894 0.0347349177331 0.026508226691 0.0073126142596 0.0886654478976 0.0667276051188 0.0319926873857 0.0356489945155 0.0530164533821 0.0457038391225 0.0173674588665 0.0036563071298 0.0054844606947 0.151736745887
30 0.026508226691 0.0054844606947 0.0767824497258 0.0712979890311 0.00639853747715 0.229433272395 0.0237659963437 0.0155393053016 0.0502742230347 0.0210237659963 0.00639853747715 0.0621572212066 0.0274223034735 0.036563071298 0.0356489945155 0.0639853747715 0.0374771480804 0.0201096892139 0.0036563071298 0.00822669104205 0.171846435101
31 0.0338208409506 0.0137111517367 0.0475319926874 0.0722120658135 0.0521023765996 0.0438756855576 0.0402193784278 0.0429616087751 0.0411334552102 0.0393053016453 0.0173674588665 0.0201096892139 0.026508226691 0.0502742230347 0.0557586837294 0.0603290676417 0.036563071298 0.0703839122486 0.04478976234 0.0127970749543 0.178244972578
32 0.0292504570384 0.0146252285192 0.0228519195612 0.0722120658135 0.0319926873857 0.0237659963437 0.0246800731261 0.0968921389397 0.04478976234 0.0795246800731 0.0146252285192 0.0292504570384 0.0566727605119 0.0347349177331 0.0493601462523 0.0329067641682 0.0301645338208 0.108775137112 0.0201096892139 0.0219378427788 0.160877513711
33 0.0493601462523 0.0146252285192 0.018281535649 0.0429616087751 0.0347349177331 0.04478976234 0.0292504570384 0.073126142596 0.073126142596 0.104204753199 0.0191956124314 0.0210237659963 0.0091407678245 0.0338208409506 0.081352833638 0.0383912248629 0.0484460694698 0.0502742230347 0.0246800731261 0.0420475319927 0.147166361974
34 0.103290676417 0.0146252285192 0.0347349177331 0.0740402193784 0.0210237659963 0.081352833638 0.0274223034735 0.0237659963437 0.0356489945155 0.0429616087751 0.0146252285192 0.0795246800731 0.0173674588665 0.0493601462523 0.0493601462523 0.0776965265082 0.0566727605119 0.04478976234 0.0118829981718 0.0118829981718 0.127970749543
35 0.0895795246801 0.0191956124314 0.0127970749543 0.0310786106033 0.111517367459 0.0383912248629 0.0246800731261 0.0804387568556 0.0347349177331 0.0895795246801 0.018281535649 0.0127970749543 0.0100548446069 0.0201096892139 0.036563071298 0.0566727605119 0.0429616087751 0.0621572212066 0.0283363802559 0.0475319926874 0.132541133455
36 0.105118829982 0.0228519195612 0.0201096892139 0.0228519195612 0.0393053016453 0.0795246800731 0.0219378427788 0.0210237659963 0.0585009140768 0.0374771480804 0.0073126142596 0.0219378427788 0.0210237659963 0.0283363802559 0.0539305301645 0.187385740402 0.036563071298 0.0374771480804 0.0137111517367 0.0411334552102 0.122486288848
37 0.0466179159049 0.0155393053016 0.0191956124314 0.0438756855576 0.0283363802559 0.160877513711 0.0146252285192 0.0374771480804 0.0658135283364 0.0667276051188 0.00822669104205 0.0201096892139 0.0493601462523 0.0292504570384 0.0868372943327 0.0667276051188 0.0237659963437 0.0530164533821 0.0146252285192 0.0219378427788 0.127056672761
38 0.0475319926874 0.018281535649 0.0255941499086 0.0329067641682 0.0374771480804 0.0776965265082 0.0210237659963 0.0575868372943 0.0539305301645 0.106032906764 0.0210237659963 0.0338208409506 0.0658135283364 0.0228519195612 0.0420475319927 0.0758683729433 0.0383912248629 0.0475319926874 0.0036563071298 0.0319926873857 0.138939670932
39 0.0356489945155 0.0237659963437 0.0402193784278 0.0685557586837 0.0402193784278 0.0703839122486 0.0255941499086 0.0585009140768 0.0338208409506 0.131627056673 0.00822669104205 0.026508226691 0.0676416819013 0.0191956124314 0.0511882998172 0.0594149908592 0.0429616087751 0.063071297989 0.0054844606947 0.0210237659963 0.106946983547
40 0.048491773309 0.0137568555759 0.0640310786106 0.0558043875686 0.0283820840951 0.153610603291 0.0329524680073 0.020155393053 0.0411791590494 0.0366087751371 0.00278793418647 0.0512340036563 0.0813985374771 0.0320383912249 0.0475776965265 0.0558043875686 0.0539762340037 0.0256398537477 0.00370201096892 0.0174131627057 0.133455210238
41 0.063071297989 0.0338208409506 0.0502742230347 0.0612431444241 0.0301645338208 0.054844606947 0.036563071298 0.0484460694698 0.0484460694698 0.0438756855576 0.0137111517367 0.0530164533821 0.0429616087751 0.0329067641682 0.0502742230347 0.0530164533821 0.0457038391225 0.0603290676417 0.0118829981718 0.0292504570384 0.136197440585
42 0.108775137112 0.0475319926874 0.0146252285192 0.0201096892139 0.0137111517367 0.0557586837294 0.0383912248629 0.0292504570384 0.0283363802559 0.0566727605119 0.0191956124314 0.0347349177331 0.04478976234 0.0703839122486 0.0329067641682 0.0978062157221 0.108775137112 0.0466179159049 0.0118829981718 0.0219378427788 0.0978062157221
43 0.0164533820841 0.0109689213894 0.091407678245 0.0246800731261 0.0100548446069 0.0246800731261 0.0191956124314 0.0118829981718 0.0173674588665 0.0137111517367 0.0054844606947 0.0667276051188 0.0109689213894 0.0127970749543 0.0146252285192 0.275137111517 0.280621572212 0.00457038391225 0.0018281535649 0.00822669104205 0.0786106032907
44 0.123400365631 0.0018281535649 0.0054844606947 0.0155393053016 0.0137111517367 0.0155393053016 0.0109689213894 0.101462522852 0.0127970749543 0.0164533820841 0.0036563071298 0.187385740402 0.0767824497258 0.0173674588665 0.0155393053016 0.148080438757 0.0301645338208 0.118829981718 0.0 0.00639853747715 0.0786106032907
45 0.036563071298 0.00457038391225 0.0255941499086 0.0283363802559 0.0923217550274 0.0210237659963 0.0374771480804 0.0466179159049 0.0173674588665 0.108775137112 0.018281535649 0.188299817185 0.0164533820841 0.0868372943327 0.0164533820841 0.0319926873857 0.0539305301645 0.0310786106033 0.0018281535649 0.0594149908592 0.0767824497258
46 0.0585009140768 0.00822669104205 0.0575868372943 0.120658135283 0.0246800731261 0.0219378427788 0.0292504570384 0.0457038391225 0.0393053016453 0.0393053016453 0.0292504570384 0.0137111517367 0.00822669104205 0.0786106032907 0.135283363803 0.0301645338208 0.0722120658135 0.073126142596 0.0118829981718 0.0283363802559 0.0740402193784
47 0.525594149909 0.0237659963437 0.00639853747715 0.00457038391225 0.00639853747715 0.0886654478976 0.0036563071298 0.0137111517367 0.0146252285192 0.0566727605119 0.036563071298 0.0036563071298 0.00822669104205 0.0036563071298 0.0127970749543 0.0521023765996 0.0383912248629 0.0356489945155 0.0 0.0036563071298 0.0612431444241
48 0.0128427787934 0.000959780621572 0.0146709323583 0.778839122486 4.57038391225e-05 0.0174131627057 0.00278793418647 0.00461608775137 0.03021023766 0.00918647166362 0.000959780621572 0.0101005484461 0.00370201096892 0.011928702011 0.00553016453382 0.00918647166362 0.0110146252285 0.0137568555759 0.00187385740402 0.00278793418647 0.0575868372943
49 0.127970749543 0.0155393053016 0.0018281535649 0.0173674588665 0.0429616087751 0.0109689213894 0.00091407678245 0.100548446069 0.00274223034735 0.384826325411 0.0438756855576 0.00091407678245 0.0036563071298 0.00639853747715 0.0054844606947 0.0127970749543 0.0283363802559 0.0521023765996 0.0100548446069 0.0749542961609 0.0557586837294
50 0.0776965265082 0.018281535649 0.00457038391225 0.0850091407678 0.0319926873857 0.0109689213894 0.0338208409506 0.0557586837294 0.0301645338208 0.180073126143 0.0612431444241 0.0191956124314 0.00274223034735 0.0539305301645 0.0557586837294 0.036563071298 0.0438756855576 0.0703839122486 0.0228519195612 0.0566727605119 0.0484460694698
51 0.680987202925 0.00639853747715 0.0054844606947 0.00457038391225 0.0018281535649 0.137111517367 0.00274223034735 0.0054844606947 0.00274223034735 0.0036563071298 0.0036563071298 0.00091407678245 0.00639853747715 0.00457038391225 0.0018281535649 0.0438756855576 0.0210237659963 0.0201096892139 0.0 0.00091407678245 0.0457038391225
52 0.0987202925046 0.0493601462523 0.0036563071298 0.0036563071298 0.0310786106033 0.00639853747715 0.0018281535649 0.301645338208 0.0 0.221206581353 0.0411334552102 0.0036563071298 0.00091407678245 0.00274223034735 0.0018281535649 0.0073126142596 0.0118829981718 0.167276051188 0.0 0.0036563071298 0.0420475319927
53 0.0639853747715 0.0191956124314 0.0091407678245 0.0310786106033 0.0301645338208 0.0155393053016 0.0173674588665 0.140767824497 0.0603290676417 0.243144424132 0.0155393053016 0.0173674588665 0.0018281535649 0.0228519195612 0.0676416819013 0.0274223034735 0.0319926873857 0.0758683729433 0.0155393053016 0.0521023765996 0.0411334552102
54 0.0886654478976 0.0127970749543 0.0429616087751 0.136197440585 0.0292504570384 0.0127970749543 0.0493601462523 0.0329067641682 0.0859232175503 0.107861060329 0.0393053016453 0.0347349177331 0.0036563071298 0.0493601462523 0.0722120658135 0.0292504570384 0.0319926873857 0.0255941499086 0.0356489945155 0.0402193784278 0.0393053016453
55 0.526508226691 0.0201096892139 0.00639853747715 0.0054844606947 0.00639853747715 0.225776965265 0.00091407678245 0.0146252285192 0.0 0.0228519195612 0.0018281535649 0.00274223034735 0.0018281535649 0.0018281535649 0.00457038391225 0.0438756855576 0.0201096892139 0.0502742230347 0.0018281535649 0.00091407678245 0.0411334552102
56 0.0393053016453 0.0137111517367 0.00091407678245 0.00274223034735 0.0374771480804 0.0 0.0054844606947 0.148080438757 0.00274223034735 0.519195612431 0.04478976234 0.0018281535649 0.0018281535649 0.0018281535649 0.00274223034735 0.0054844606947 0.0146252285192 0.106946983547 0.00091407678245 0.0091407678245 0.0402193784278
57 0.0283363802559 0.0109689213894 0.0475319926874 0.168190127971 0.0091407678245 0.0155393053016 0.026508226691 0.0201096892139 0.136197440585 0.0612431444241 0.0109689213894 0.0356489945155 0.00457038391225 0.101462522852 0.13436928702 0.0703839122486 0.0292504570384 0.0219378427788 0.00457038391225 0.0219378427788 0.0411334552102
58 0.073126142596 0.0173674588665 0.026508226691 0.0228519195612 0.0420475319927 0.0054844606947 0.0438756855576 0.0840950639854 0.0438756855576 0.159049360146 0.0356489945155 0.0228519195612 0.00091407678245 0.0310786106033 0.0703839122486 0.0539305301645 0.0457038391225 0.0530164533821 0.0621572212066 0.0594149908592 0.0466179159049
59 0.328199268739 0.0402650822669 0.00735831809872 0.00827239488117 0.0521480804388 0.0283820840951 0.0110146252285 0.106078610603 0.00278793418647 0.145383912249 0.0238117001828 0.00553016453382 0.00370201096892 0.00278793418647 0.0155850091408 0.0292961608775 0.0356946983547 0.0914533820841 0.00370201096892 0.0101005484461 0.0484460694698
60 0.0667276051188 0.0146252285192 0.026508226691 0.0521023765996 0.018281535649 0.0283363802559 0.026508226691 0.0639853747715 0.0923217550274 0.117001828154 0.0164533820841 0.0356489945155 0.0694698354662 0.0457038391225 0.0658135283364 0.0511882998172 0.0374771480804 0.0521023765996 0.0402193784278 0.0173674588665 0.0621572212066
61 0.0475319926874 0.0118829981718 0.0612431444241 0.0758683729433 0.0146252285192 0.173674588665 0.0274223034735 0.0164533820841 0.0722120658135 0.0274223034735 0.0073126142596 0.0831809872029 0.0502742230347 0.0374771480804 0.0776965265082 0.0594149908592 0.0319926873857 0.0191956124314 0.00639853747715 0.0100548446069 0.0886654478976
62 0.0484460694698 0.0219378427788 0.0776965265082 0.0274223034735 0.0712979890311 0.0557586837294 0.026508226691 0.0740402193784 0.0319926873857 0.0767824497258 0.0109689213894 0.0594149908592 0.0585009140768 0.0137111517367 0.0457038391225 0.0502742230347 0.0484460694698 0.0594149908592 0.0219378427788 0.0521023765996 0.0676416819013
63 0.0493601462523 0.0292504570384 0.0457038391225 0.0603290676417 0.0118829981718 0.0438756855576 0.0374771480804 0.0146252285192 0.111517367459 0.0319926873857 0.0146252285192 0.0484460694698 0.0210237659963 0.0530164533821 0.114259597806 0.103290676417 0.099634369287 0.0338208409506 0.0018281535649 0.0100548446069 0.0639853747715
64 0.0301645338208 0.0137111517367 0.0502742230347 0.0722120658135 0.0109689213894 0.0237659963437 0.0685557586837 0.0201096892139 0.133455210238 0.0146252285192 0.0091407678245 0.0831809872029 0.100548446069 0.036563071298 0.113345521024 0.0886654478976 0.0539305301645 0.0292504570384 0.0054844606947 0.00639853747715 0.0356489945155
65 0.0603290676417 0.0118829981718 0.00639853747715 0.00274223034735 0.0393053016453 0.0109689213894 0.00274223034735 0.234003656307 0.0073126142596 0.210237659963 0.0201096892139 0.0036563071298 0.00457038391225 0.0054844606947 0.0073126142596 0.0100548446069 0.0228519195612 0.274223034735 0.0091407678245 0.0210237659963 0.0356489945155
66 0.0438756855576 0.0228519195612 0.0219378427788 0.0694698354662 0.0210237659963 0.0018281535649 0.0521023765996 0.150822669104 0.0310786106033 0.0877513711152 0.0118829981718 0.0402193784278 0.0146252285192 0.0246800731261 0.0347349177331 0.018281535649 0.106946983547 0.162705667276 0.0228519195612 0.026508226691 0.0338208409506
67 0.0118829981718 0.0237659963437 0.00091407678245 0.00274223034735 0.0722120658135 0.00274223034735 0.00274223034735 0.450639853748 0.0054844606947 0.152650822669 0.0109689213894 0.0018281535649 0.0036563071298 0.0054844606947 0.0054844606947 0.0054844606947 0.0054844606947 0.196526508227 0.00091407678245 0.00822669104205 0.0301645338208
68 0.0411334552102 0.0374771480804 0.00822669104205 0.146252285192 0.152650822669 0.0073126142596 0.0411334552102 0.0438756855576 0.0429616087751 0.0877513711152 0.0146252285192 0.0173674588665 0.0036563071298 0.0210237659963 0.0575868372943 0.0109689213894 0.0036563071298 0.0712979890311 0.0137111517367 0.146252285192 0.0310786106033
69 0.0255941499086 0.0393053016453 0.00091407678245 0.00639853747715 0.00639853747715 0.0676416819013 0.0118829981718 0.0310786106033 0.00639853747715 0.0347349177331 0.0191956124314 0.0137111517367 0.00274223034735 0.00274223034735 0.0073126142596 0.280621572212 0.361060329068 0.0338208409506 0.0054844606947 0.0109689213894 0.0319926873857
70 0.0100548446069 0.0036563071298 0.774223034735 0.0173674588665 0.0 0.00822669104205 0.0127970749543 0.00457038391225 0.0100548446069 0.00639853747715 0.00274223034735 0.0347349177331 0.0054844606947 0.0018281535649 0.0146252285192 0.0319926873857 0.0155393053016 0.0036563071298 0.0 0.00639853747715 0.0356489945155
71 0.0292504570384 0.117915904936 0.018281535649 0.0091407678245 0.0109689213894 0.00822669104205 0.0054844606947 0.00274223034735 0.0018281535649 0.0164533820841 0.00274223034735 0.118829981718 0.00457038391225 0.00457038391225 0.0018281535649 0.553016453382 0.0073126142596 0.00822669104205 0.0 0.0210237659963 0.0575868372943
72 0.0521023765996 0.00822669104205 0.0283363802559 0.0859232175503 0.0091407678245 0.0127970749543 0.0091407678245 0.026508226691 0.137111517367 0.119744058501 0.0274223034735 0.026508226691 0.0091407678245 0.17550274223 0.0767824497258 0.0612431444241 0.0530164533821 0.0137111517367 0.0036563071298 0.0054844606947 0.0585009140768
73 0.107861060329 0.00091407678245 0.0347349177331 0.0411334552102 0.0438756855576 0.0347349177331 0.0127970749543 0.0301645338208 0.0155393053016 0.0904936014625 0.0118829981718 0.0438756855576 0.0219378427788 0.0274223034735 0.0191956124314 0.131627056673 0.0658135283364 0.0420475319927 0.0100548446069 0.150822669104 0.063071297989
74 0.233089579525 0.018281535649 0.00274223034735 0.0036563071298 0.0100548446069 0.0073126142596 0.0 0.0804387568556 0.00091407678245 0.185557586837 0.0210237659963 0.0073126142596 0.0018281535649 0.0 0.00091407678245 0.0557586837294 0.0374771480804 0.263254113346 0.00091407678245 0.00274223034735 0.0667276051188
75 0.0676416819013 0.0191956124314 0.0054844606947 0.0091407678245 0.0237659963437 0.00639853747715 0.0036563071298 0.244058500914 0.0164533820841 0.188299817185 0.0274223034735 0.0091407678245 0.0036563071298 0.0146252285192 0.0146252285192 0.0219378427788 0.0210237659963 0.234003656307 0.0036563071298 0.0219378427788 0.0438756855576
76 0.0557586837294 0.00457038391225 0.104204753199 0.0786106032907 0.0054844606947 0.0475319926874 0.0292504570384 0.0127970749543 0.116087751371 0.0228519195612 0.0173674588665 0.112431444241 0.00639853747715 0.103290676417 0.0923217550274 0.0758683729433 0.0338208409506 0.0100548446069 0.00274223034735 0.0191956124314 0.0493601462523
77 0.157221206581 0.0475319926874 0.0146252285192 0.0191956124314 0.0237659963437 0.0804387568556 0.026508226691 0.0566727605119 0.0255941499086 0.0776965265082 0.0402193784278 0.0310786106033 0.00274223034735 0.0676416819013 0.0301645338208 0.0987202925046 0.0539305301645 0.0411334552102 0.0274223034735 0.0191956124314 0.0585009140768
78 0.0484460694698 0.0173674588665 0.0018281535649 0.00457038391225 0.0557586837294 0.0036563071298 0.0054844606947 0.226691042048 0.0036563071298 0.32449725777 0.0539305301645 0.00457038391225 0.0054844606947 0.0036563071298 0.00457038391225 0.0109689213894 0.0210237659963 0.117001828154 0.0091407678245 0.0173674588665 0.0603290676417
79 0.0639853747715 0.0146252285192 0.0329067641682 0.0502742230347 0.0127970749543 0.0301645338208 0.0274223034735 0.0146252285192 0.0804387568556 0.0466179159049 0.0155393053016 0.133455210238 0.0118829981718 0.0895795246801 0.0694698354662 0.0822669104205 0.115173674589 0.0201096892139 0.0054844606947 0.0137111517367 0.0694698354662
80 0.036563071298 0.0100548446069 0.0612431444241 0.054844606947 0.0091407678245 0.111517367459 0.0237659963437 0.018281535649 0.116087751371 0.0201096892139 0.0036563071298 0.0904936014625 0.00457038391225 0.036563071298 0.081352833638 0.103290676417 0.0338208409506 0.0146252285192 0.0 0.0100548446069 0.159963436929
81 0.0146252285192 0.0100548446069 0.0228519195612 0.0137111517367 0.0173674588665 0.0237659963437 0.0146252285192 0.0137111517367 0.026508226691 0.0310786106033 0.00457038391225 0.0274223034735 0.0201096892139 0.0155393053016 0.0438756855576 0.0246800731261 0.0127970749543 0.0109689213894 0.106946983547 0.0237659963437 0.521023765996
82 0.0255941499086 0.0100548446069 0.0100548446069 0.0127970749543 0.0118829981718 0.0137111517367 0.00457038391225 0.0575868372943 0.0155393053016 0.103290676417 0.0228519195612 0.0054844606947 0.0155393053016 0.00822669104205 0.0246800731261 0.0201096892139 0.0137111517367 0.0301645338208 0.00091407678245 0.0201096892139 0.573126142596
83 0.0237659963437 0.00457038391225 0.0319926873857 0.0484460694698 0.0100548446069 0.0173674588665 0.0191956124314 0.0091407678245 0.0319926873857 0.0201096892139 0.00457038391225 0.0210237659963 0.0466179159049 0.0191956124314 0.0255941499086 0.0292504570384 0.0255941499086 0.0173674588665 0.0073126142596 0.0118829981718 0.574954296161
84 0.0164533820841 0.0018281535649 0.0201096892139 0.0319926873857 0.00457038391225 0.0621572212066 0.0073126142596 0.0146252285192 0.0685557586837 0.0191956124314 0.00274223034735 0.0283363802559 0.0173674588665 0.0137111517367 0.0338208409506 0.0274223034735 0.0283363802559 0.0146252285192 0.00274223034735 0.00639853747715 0.577696526508
85 0.00639853747715 0.00639853747715 0.00639853747715 0.00639853747715 0.0100548446069 0.00639853747715 0.0109689213894 0.0127970749543 0.0118829981718 0.0118829981718 0.00457038391225 0.00822669104205 0.00457038391225 0.00822669104205 0.0155393053016 0.0146252285192 0.00457038391225 0.0091407678245 0.18647166362 0.0155393053016 0.638939670932
86 0.0301645338208 0.0036563071298 0.0127970749543 0.0502742230347 0.00639853747715 0.00457038391225 0.0091407678245 0.0100548446069 0.054844606947 0.0210237659963 0.00822669104205 0.0109689213894 0.00639853747715 0.0246800731261 0.036563071298 0.0228519195612 0.0100548446069 0.0164533820841 0.0 0.0036563071298 0.657221206581
87 0.0301645338208 0.0018281535649 0.0338208409506 0.018281535649 0.00457038391225 0.00639853747715 0.0091407678245 0.00822669104205 0.0457038391225 0.0173674588665 0.00639853747715 0.0164533820841 0.0127970749543 0.0219378427788 0.0566727605119 0.018281535649 0.0137111517367 0.0054844606947 0.00274223034735 0.0054844606947 0.664533820841
88 0.018281535649 0.0018281535649 0.0091407678245 0.0155393053016 0.00457038391225 0.0228519195612 0.0073126142596 0.0091407678245 0.0338208409506 0.0073126142596 0.0018281535649 0.0959780621572 0.0054844606947 0.0100548446069 0.0457038391225 0.0191956124314 0.0109689213894 0.0073126142596 0.00457038391225 0.00457038391225 0.664533820841
89 0.0255941499086 0.0054844606947 0.0502742230347 0.0475319926874 0.00457038391225 0.18647166362 0.0091407678245 0.00822669104205 0.0228519195612 0.00822669104205 0.0054844606947 0.0475319926874 0.0310786106033 0.0173674588665 0.036563071298 0.0356489945155 0.018281535649 0.0146252285192 0.0018281535649 0.00639853747715 0.416819012797
90 0.0201096892139 0.00457038391225 0.00822669104205 0.0073126142596 0.0694698354662 0.0100548446069 0.0054844606947 0.0127970749543 0.0155393053016 0.0246800731261 0.0109689213894 0.0054844606947 0.0155393053016 0.00639853747715 0.0228519195612 0.0201096892139 0.0137111517367 0.0036563071298 0.198354661792 0.0685557586837 0.456124314442
91 0.0329067641682 0.0109689213894 0.018281535649 0.0338208409506 0.00457038391225 0.0228519195612 0.0109689213894 0.0420475319927 0.106032906764 0.0557586837294 0.018281535649 0.0137111517367 0.0246800731261 0.0310786106033 0.0968921389397 0.0246800731261 0.0438756855576 0.0402193784278 0.00091407678245 0.00822669104205 0.359232175503
92 0.0356489945155 0.0127970749543 0.0173674588665 0.0155393053016 0.00457038391225 0.0210237659963 0.00639853747715 0.018281535649 0.0621572212066 0.0137111517367 0.0036563071298 0.0621572212066 0.0219378427788 0.0219378427788 0.0338208409506 0.0411334552102 0.0840950639854 0.0118829981718 0.0018281535649 0.00457038391225 0.505484460695
93 0.0703839122486 0.0054844606947 0.0118829981718 0.0109689213894 0.0054844606947 0.0283363802559 0.00822669104205 0.0191956124314 0.0521023765996 0.0228519195612 0.0018281535649 0.0310786106033 0.0347349177331 0.026508226691 0.0475319926874 0.0859232175503 0.0301645338208 0.0137111517367 0.00091407678245 0.0073126142596 0.485374771481
94 0.0246800731261 0.0073126142596 0.0694698354662 0.0255941499086 0.0036563071298 0.0383912248629 0.0118829981718 0.0054844606947 0.0521023765996 0.0137111517367 0.0018281535649 0.0383912248629 0.0255941499086 0.0219378427788 0.0457038391225 0.0831809872029 0.0338208409506 0.0109689213894 0.00091407678245 0.00457038391225 0.480804387569
95 0.0228519195612 0.0109689213894 0.0201096892139 0.0329067641682 0.0127970749543 0.17550274223 0.0118829981718 0.0127970749543 0.0402193784278 0.0191956124314 0.00457038391225 0.0329067641682 0.0237659963437 0.0210237659963 0.0319926873857 0.036563071298 0.0210237659963 0.0118829981718 0.0 0.00639853747715 0.450639853748
96 0.0310786106033 0.0018281535649 0.0201096892139 0.0612431444241 0.0073126142596 0.0484460694698 0.0201096892139 0.0146252285192 0.0859232175503 0.0219378427788 0.00457038391225 0.0374771480804 0.0191956124314 0.0493601462523 0.0429616087751 0.0594149908592 0.0438756855576 0.0255941499086 0.0018281535649 0.0137111517367 0.389396709324
97 0.0347349177331 0.0100548446069 0.0420475319927 0.0438756855576 0.0146252285192 0.0475319926874 0.0210237659963 0.0246800731261 0.0383912248629 0.054844606947 0.0109689213894 0.018281535649 0.157221206581 0.0246800731261 0.0429616087751 0.0475319926874 0.0301645338208 0.0292504570384 0.0036563071298 0.0347349177331 0.26873857404
98 0.0457038391225 0.0219378427788 0.0155393053016 0.0137111517367 0.0155393053016 0.0164533820841 0.0347349177331 0.101462522852 0.026508226691 0.0859232175503 0.00639853747715 0.0118829981718 0.0347349177331 0.0201096892139 0.0383912248629 0.0475319926874 0.0493601462523 0.154478976234 0.0146252285192 0.0137111517367 0.23126142596
99 0.0868372943327 0.0036563071298 0.0246800731261 0.0557586837294 0.0073126142596 0.0210237659963 0.0173674588665 0.0255941499086 0.0959780621572 0.0493601462523 0.0100548446069 0.0191956124314 0.0639853747715 0.0438756855576 0.0594149908592 0.0557586837294 0.0438756855576 0.0484460694698 0.00274223034735 0.0146252285192 0.250457038391
100 0.0292504570384 0.0091407678245 0.0310786106033 0.0292504570384 0.0338208409506 0.0255941499086 0.0740402193784 0.0393053016453 0.0173674588665 0.0612431444241 0.0201096892139 0.194698354662 0.00639853747715 0.0109689213894 0.018281535649 0.0639853747715 0.0310786106033 0.0301645338208 0.0073126142596 0.0466179159049 0.22029250457
101 0.0831809872029 0.0137111517367 0.0246800731261 0.0255941499086 0.018281535649 0.0383912248629 0.0338208409506 0.0374771480804 0.0575868372943 0.0694698354662 0.0100548446069 0.026508226691 0.0457038391225 0.0694698354662 0.099634369287 0.0566727605119 0.0319926873857 0.0347349177331 0.0118829981718 0.0228519195612 0.188299817185
102 0.0694698354662 0.0054844606947 0.14168190128 0.124314442413 0.0137111517367 0.0347349177331 0.0301645338208 0.0274223034735 0.0511882998172 0.0383912248629 0.0155393053016 0.0521023765996 0.0667276051188 0.04478976234 0.0575868372943 0.0676416819013 0.036563071298 0.0228519195612 0.00639853747715 0.0155393053016 0.0776965265082
103 0.0301645338208 0.0118829981718 0.0100548446069 0.0411334552102 0.0475319926874 0.00639853747715 0.0137111517367 0.170932358318 0.0155393053016 0.319926873857 0.0164533820841 0.0054844606947 0.0073126142596 0.0237659963437 0.0173674588665 0.018281535649 0.0283363802559 0.0648994515539 0.0127970749543 0.054844606947 0.0831809872029
104 0.0402193784278 0.0191956124314 0.0036563071298 0.00822669104205 0.0712979890311 0.00274223034735 0.0164533820841 0.138939670932 0.0219378427788 0.161791590494 0.0319926873857 0.0073126142596 0.00091407678245 0.0173674588665 0.0420475319927 0.0219378427788 0.0146252285192 0.106032906764 0.133455210238 0.0530164533821 0.0868372943327
105 0.0603290676417 0.0091407678245 0.0594149908592 0.117001828154 0.0109689213894 0.0164533820841 0.0283363802559 0.0210237659963 0.116087751371 0.04478976234 0.0173674588665 0.0502742230347 0.0109689213894 0.112431444241 0.123400365631 0.0557586837294 0.0283363802559 0.0164533820841 0.00274223034735 0.0155393053016 0.0831809872029
106 0.0923217550274 0.0118829981718 0.0831809872029 0.151736745887 0.0155393053016 0.0073126142596 0.018281535649 0.036563071298 0.0859232175503 0.0585009140768 0.0146252285192 0.0329067641682 0.0127970749543 0.0758683729433 0.0831809872029 0.0566727605119 0.0329067641682 0.0237659963437 0.00639853747715 0.018281535649 0.081352833638
107 0.0804387568556 0.0319926873857 0.0018281535649 0.00457038391225 0.0411334552102 0.0036563071298 0.00457038391225 0.31718464351 0.0018281535649 0.230347349177 0.0228519195612 0.0091407678245 0.00274223034735 0.0054844606947 0.0118829981718 0.0146252285192 0.0292504570384 0.0886654478976 0.00639853747715 0.0191956124314 0.0722120658135
108 0.0557586837294 0.0118829981718 0.0575868372943 0.0420475319927 0.0246800731261 0.0127970749543 0.0438756855576 0.063071297989 0.081352833638 0.102376599634 0.0274223034735 0.0319926873857 0.0091407678245 0.054844606947 0.111517367459 0.0338208409506 0.0310786106033 0.0621572212066 0.0310786106033 0.0319926873857 0.0795246800731
109 0.102376599634 0.0118829981718 0.0822669104205 0.13802559415 0.0164533820841 0.0301645338208 0.0301645338208 0.018281535649 0.091407678245 0.04478976234 0.0073126142596 0.0502742230347 0.0091407678245 0.0511882998172 0.0831809872029 0.0639853747715 0.0438756855576 0.0219378427788 0.0054844606947 0.0127970749543 0.0850091407678
110 0.0703839122486 0.0237659963437 0.0073126142596 0.0393053016453 0.0429616087751 0.0109689213894 0.0164533820841 0.0859232175503 0.0292504570384 0.316270566728 0.0402193784278 0.0100548446069 0.00457038391225 0.0347349177331 0.0484460694698 0.026508226691 0.0301645338208 0.036563071298 0.018281535649 0.0201096892139 0.0877513711152
111 0.0804387568556 0.0255941499086 0.0109689213894 0.0292504570384 0.0237659963437 0.0137111517367 0.0118829981718 0.102376599634 0.0484460694698 0.233089579525 0.0585009140768 0.0173674588665 0.0054844606947 0.0255941499086 0.0429616087751 0.0575868372943 0.0274223034735 0.0539305301645 0.0118829981718 0.0255941499086 0.0941499085923
112 0.0612431444241 0.0109689213894 0.0603290676417 0.0968921389397 0.00639853747715 0.0347349177331 0.0219378427788 0.0146252285192 0.110603290676 0.0383912248629 0.0155393053016 0.0621572212066 0.018281535649 0.0722120658135 0.135283363803 0.0795246800731 0.0292504570384 0.0228519195612 0.0036563071298 0.0118829981718 0.0932358318099
113 0.0438756855576 0.0164533820841 0.0566727605119 0.0850091407678 0.0100548446069 0.0703839122486 0.0246800731261 0.0210237659963 0.099634369287 0.0566727605119 0.0127970749543 0.054844606947 0.0210237659963 0.073126142596 0.0941499085923 0.0859232175503 0.0411334552102 0.018281535649 0.00457038391225 0.0127970749543 0.0968921389397
114 0.0247257769653 0.0174131627057 0.0164990859232 0.020155393053 0.134414990859 0.0366087751371 0.056718464351 0.0686014625229 0.0457495429616 0.124360146252 0.0183272394881 0.0356946983547 0.011928702011 0.011928702011 0.0887111517367 0.0274680073126 0.0228976234004 0.0558043875686 0.0311243144424 0.0292961608775 0.121572212066
115 0.0255941499086 0.0191956124314 0.0722120658135 0.0941499085923 0.0109689213894 0.0429616087751 0.0310786106033 0.0155393053016 0.0895795246801 0.0393053016453 0.0036563071298 0.0840950639854 0.0511882998172 0.0466179159049 0.0740402193784 0.091407678245 0.054844606947 0.0338208409506 0.0054844606947 0.0127970749543 0.101462522852
116 0.0201096892139 0.0429616087751 0.00639853747715 0.0073126142596 0.0530164533821 0.0036563071298 0.0155393053016 0.192870201097 0.0100548446069 0.102376599634 0.00822669104205 0.0036563071298 0.0173674588665 0.0054844606947 0.0146252285192 0.0164533820841 0.0557586837294 0.291590493601 0.0201096892139 0.0210237659963 0.091407678245
117 0.0301645338208 0.0091407678245 0.0411334552102 0.0950639853748 0.026508226691 0.0155393053016 0.0411334552102 0.036563071298 0.0840950639854 0.0457038391225 0.00822669104205 0.0310786106033 0.0018281535649 0.054844606947 0.0978062157221 0.106946983547 0.108775137112 0.0429616087751 0.00639853747715 0.0274223034735 0.0886654478976
118 0.0164533820841 0.00822669104205 0.00457038391225 0.0054844606947 0.234003656307 0.0091407678245 0.0018281535649 0.166361974406 0.00457038391225 0.193784277879 0.0173674588665 0.0018281535649 0.0109689213894 0.00091407678245 0.0036563071298 0.0100548446069 0.0091407678245 0.146252285192 0.0356489945155 0.0237659963437 0.0959780621572
119 0.0411334552102 0.0210237659963 0.00822669104205 0.0658135283364 0.026508226691 0.018281535649 0.0603290676417 0.0521023765996 0.0840950639854 0.0438756855576 0.0210237659963 0.0301645338208 0.00457038391225 0.0703839122486 0.101462522852 0.0585009140768 0.054844606947 0.0895795246801 0.0201096892139 0.0255941499086 0.102376599634
