POS A C D E F G H I K L M N P Q R S T V W Y -
1 0.0 0.0 0.0047619047619 0.000793650793651 0.0 0.0 0.0 0.0 0.00952380952381 0.0 0.0 0.000793650793651 0.0 0.0 0.000793650793651 0.0015873015873 0.000793650793651 0.0 0.0 0.0 0.980952380952
2 0.00162698412698 3.96825396825e-05 0.000833333333333 0.00638888888889 0.00162698412698 0.0436904761905 3.96825396825e-05 3.96825396825e-05 0.0119444444444 0.00400793650794 0.00242063492063 0.0111507936508 3.96825396825e-05 0.00162698412698 0.00162698412698 0.0119444444444 0.00638888888889 0.00162698412698 3.96825396825e-05 0.000833333333333 0.892063492063
3 0.0190873015873 3.96825396825e-05 0.0111507936508 0.0278174603175 0.00321428571429 0.0111507936508 0.00559523809524 0.00638888888889 0.0500396825397 0.00638888888889 0.000833333333333 0.0230555555556 0.00480158730159 0.015119047619 0.015119047619 0.0135317460317 0.0222619047619 0.0159126984127 0.00162698412698 0.00162698412698 0.745238095238
4 0.0349603174603 0.00242063492063 0.0143253968254 0.0278174603175 0.0119444444444 0.0175 0.00400793650794 0.0135317460317 0.0294047619048 0.0286111111111 0.00400793650794 0.0127380952381 0.033373015873 0.0175 0.0278174603175 0.035753968254 0.0452777777778 0.0206746031746 0.0111507936508 0.00876984126984 0.598412698413
5 0.0278571428571 0.000873015873016 0.0127777777778 0.0484920634921 0.0564285714286 0.019126984127 0.00404761904762 0.0699206349206 0.019126984127 0.0619841269841 0.0127777777778 0.00801587301587 0.0151587301587 0.0199206349206 0.0183333333333 0.0175396825397 0.035 0.0572222222222 0.0135714285714 0.0524603174603 0.429365079365
6 0.035753968254 0.00242063492063 0.033373015873 0.0746428571429 0.00718253968254 0.0135317460317 0.015119047619 0.0238492063492 0.0722619047619 0.0341666666667 0.00162698412698 0.0262301587302 0.0548015873016 0.0381349206349 0.0548015873016 0.0540079365079 0.0897222222222 0.0230555555556 0.00718253968254 0.00876984126984 0.329365079365
7 0.215912698413 0.0421031746032 0.0111507936508 0.00718253968254 0.0159126984127 0.177023809524 0.00559523809524 0.019880952381 0.00480158730159 0.0175 0.00797619047619 0.00559523809524 0.00638888888889 0.000833333333333 0.00480158730159 0.00956349206349 0.019880952381 0.116706349206 0.00718253968254 0.0294047619048 0.274603174603
8 0.0206349206349 0.0 0.0134920634921 0.0515873015873 0.015873015873 0.0436507936508 0.0119047619048 0.0587301587302 0.113492063492 0.0357142857143 0.00714285714286 0.0047619047619 0.0119047619048 0.0357142857143 0.106349206349 0.0277777777778 0.130158730159 0.0793650793651 0.0031746031746 0.0206349206349 0.207936507937
9 0.0309523809524 0.00873015873016 0.0111111111111 0.0047619047619 0.0166666666667 0.00952380952381 0.00238095238095 0.103174603175 0.00714285714286 0.0626984126984 0.00793650793651 0.00793650793651 0.0222222222222 0.00952380952381 0.0134920634921 0.0150793650794 0.0119047619048 0.487301587302 0.00238095238095 0.00793650793651 0.157142857143
10 0.0825396825397 0.00238095238095 0.0357142857143 0.102380952381 0.00793650793651 0.015873015873 0.00952380952381 0.0698412698413 0.0547619047619 0.0666666666667 0.0031746031746 0.0190476190476 0.0174603174603 0.0166666666667 0.0261904761905 0.0357142857143 0.113492063492 0.174603174603 0.00396825396825 0.0134920634921 0.128571428571
11 0.0626984126984 0.0166666666667 0.0222222222222 0.0603174603175 0.0246031746032 0.0373015873016 0.0420634920635 0.00396825396825 0.113492063492 0.0103174603175 0.0031746031746 0.0246031746032 0.0015873015873 0.0484126984127 0.19126984127 0.10873015873 0.0269841269841 0.0119047619048 0.00952380952381 0.0611111111111 0.119047619048
12 0.0460317460317 0.0174603174603 0.00396825396825 0.0031746031746 0.0111111111111 0.00396825396825 0.00555555555556 0.146825396825 0.0015873015873 0.00873015873016 0.00634920634921 0.00238095238095 0.0015873015873 0.00238095238095 0.0031746031746 0.00396825396825 0.0174603174603 0.588888888889 0.00952380952381 0.00793650793651 0.107936507937
13 0.0404761904762 0.0015873015873 0.015873015873 0.0134920634921 0.0246031746032 0.0214285714286 0.0349206349206 0.206349206349 0.0174603174603 0.1 0.0047619047619 0.0134920634921 0.0190476190476 0.00952380952381 0.0293650793651 0.0492063492063 0.05 0.196825396825 0.0047619047619 0.05 0.0968253968254
14 0.0142857142857 0.0 0.692063492063 0.0190476190476 0.000793650793651 0.0119047619048 0.00238095238095 0.0 0.00634920634921 0.00238095238095 0.0 0.0261904761905 0.0047619047619 0.00714285714286 0.00714285714286 0.1 0.0126984126984 0.0 0.0 0.000793650793651 0.0920634920635
15 0.0619047619048 0.000793650793651 0.0111111111111 0.0047619047619 0.00238095238095 0.763492063492 0.00238095238095 0.0015873015873 0.00396825396825 0.000793650793651 0.0 0.00238095238095 0.0198412698413 0.00238095238095 0.00396825396825 0.0150793650794 0.00634920634921 0.00396825396825 0.000793650793651 0.0015873015873 0.0904761904762
16 0.0166666666667 0.00634920634921 0.680952380952 0.0150793650794 0.0015873015873 0.0388888888889 0.00714285714286 0.0015873015873 0.00396825396825 0.00555555555556 0.00238095238095 0.0388888888889 0.0 0.0126984126984 0.0134920634921 0.0436507936508 0.0166666666667 0.00555555555556 0.0 0.0 0.0888888888889
17 0.0150793650794 0.0047619047619 0.00634920634921 0.00952380952381 0.0015873015873 0.0119047619048 0.00396825396825 0.00873015873016 0.0126984126984 0.0150793650794 0.00634920634921 0.0150793650794 0.0 0.0103174603175 0.0515873015873 0.100793650794 0.619841269841 0.015873015873 0.0 0.0031746031746 0.0873015873016
18 0.0309523809524 0.00873015873016 0.0 0.0 0.16746031746 0.0047619047619 0.0 0.235714285714 0.000793650793651 0.235714285714 0.0206349206349 0.0 0.0119047619048 0.000793650793651 0.0 0.00238095238095 0.00873015873016 0.157936507937 0.00555555555556 0.018253968254 0.0896825396825
19 0.0214285714286 0.0031746031746 0.0587301587302 0.0904761904762 0.00793650793651 0.00634920634921 0.0206349206349 0.0579365079365 0.106349206349 0.0396825396825 0.00873015873016 0.0142857142857 0.000793650793651 0.0261904761905 0.160317460317 0.0293650793651 0.100793650794 0.111904761905 0.0222222222222 0.0230158730159 0.0896825396825
20 0.0611111111111 0.0309523809524 0.00714285714286 0.00396825396825 0.0595238095238 0.00555555555556 0.000793650793651 0.148412698413 0.000793650793651 0.194444444444 0.0174603174603 0.00238095238095 0.0015873015873 0.0015873015873 0.0031746031746 0.00952380952381 0.0246031746032 0.305555555556 0.00238095238095 0.0126984126984 0.106349206349
21 0.0603174603175 0.00555555555556 0.0603174603175 0.0595238095238 0.0198412698413 0.0571428571429 0.0166666666667 0.0373015873016 0.0753968253968 0.0769841269841 0.0134920634921 0.0373015873016 0.0047619047619 0.031746031746 0.107142857143 0.0626984126984 0.0619047619048 0.0365079365079 0.00555555555556 0.0349206349206 0.134920634921
22 0.0357142857143 0.0190476190476 0.0825396825397 0.0230158730159 0.0198412698413 0.0571428571429 0.0174603174603 0.0880952380952 0.0230158730159 0.0896825396825 0.015873015873 0.0380952380952 0.0238095238095 0.0126984126984 0.0309523809524 0.0492063492063 0.0484126984127 0.0626984126984 0.00555555555556 0.0222222222222 0.234920634921
23 0.0349206349206 0.00238095238095 0.097619047619 0.0325396825397 0.00793650793651 0.0650793650794 0.0119047619048 0.0126984126984 0.0412698412698 0.0222222222222 0.0 0.0730158730159 0.084126984127 0.0277777777778 0.0174603174603 0.0515873015873 0.0246031746032 0.0134920634921 0.0015873015873 0.00873015873016 0.369047619048
24 0.0174603174603 0.00396825396825 0.0587301587302 0.0420634920635 0.0031746031746 0.25 0.00873015873016 0.00793650793651 0.0531746031746 0.0103174603175 0.000793650793651 0.0507936507937 0.0380952380952 0.0150793650794 0.0253968253968 0.0309523809524 0.0198412698413 0.0119047619048 0.0015873015873 0.00238095238095 0.347619047619
25 0.0396825396825 0.0111111111111 0.0452380952381 0.0698412698413 0.00952380952381 0.0547619047619 0.0150793650794 0.0150793650794 0.0952380952381 0.0309523809524 0.00793650793651 0.0404761904762 0.0198412698413 0.0611111111111 0.0571428571429 0.0357142857143 0.0452380952381 0.0277777777778 0.000793650793651 0.00714285714286 0.310317460317
26 0.0293650793651 0.0 0.0293650793651 0.0833333333333 0.0103174603175 0.126984126984 0.0119047619048 0.031746031746 0.0706349206349 0.0396825396825 0.00793650793651 0.0325396825397 0.031746031746 0.0412698412698 0.0634920634921 0.0492063492063 0.0730158730159 0.0404761904762 0.00555555555556 0.00952380952381 0.211904761905
27 0.034126984127 0.00238095238095 0.015873015873 0.107142857143 0.0333333333333 0.0214285714286 0.0198412698413 0.116666666667 0.0515873015873 0.0634920634921 0.018253968254 0.00873015873016 0.00634920634921 0.0674603174603 0.0833333333333 0.0198412698413 0.0825396825397 0.107936507937 0.00634920634921 0.0404761904762 0.0928571428571
28 0.0222222222222 0.000793650793651 0.0142857142857 0.034126984127 0.00952380952381 0.00714285714286 0.0214285714286 0.0246031746032 0.166666666667 0.0277777777778 0.00873015873016 0.0333333333333 0.0396825396825 0.0253968253968 0.226984126984 0.068253968254 0.146031746032 0.0373015873016 0.000793650793651 0.0111111111111 0.0738095238095
29 0.0285714285714 0.00793650793651 0.0 0.00238095238095 0.0555555555556 0.0047619047619 0.00238095238095 0.254761904762 0.0 0.111904761905 0.0134920634921 0.000793650793651 0.0 0.0 0.000793650793651 0.00555555555556 0.00555555555556 0.42619047619 0.0031746031746 0.0246031746032 0.0515873015873
30 0.0174603174603 0.0047619047619 0.00714285714286 0.00952380952381 0.0031746031746 0.00714285714286 0.0190476190476 0.0119047619048 0.0230158730159 0.0174603174603 0.0047619047619 0.00952380952381 0.00238095238095 0.031746031746 0.701587301587 0.0269841269841 0.015873015873 0.0261904761905 0.0015873015873 0.00634920634921 0.052380952381
31 0.0103174603175 0.0031746031746 0.0 0.000793650793651 0.0793650793651 0.000793650793651 0.0015873015873 0.0928571428571 0.00238095238095 0.638888888889 0.031746031746 0.0031746031746 0.00714285714286 0.0 0.0 0.00238095238095 0.0015873015873 0.047619047619 0.0 0.0293650793651 0.0468253968254
32 0.238095238095 0.0111111111111 0.0150793650794 0.0246031746032 0.0404761904762 0.015873015873 0.0174603174603 0.097619047619 0.0126984126984 0.168253968254 0.0119047619048 0.0166666666667 0.00396825396825 0.0230158730159 0.0309523809524 0.065873015873 0.0174603174603 0.052380952381 0.0111111111111 0.0801587301587 0.0452380952381
33 0.0333333333333 0.0357142857143 0.0579365079365 0.0222222222222 0.018253968254 0.609523809524 0.0142857142857 0.00238095238095 0.0031746031746 0.0333333333333 0.00714285714286 0.0444444444444 0.000793650793651 0.0031746031746 0.00634920634921 0.034126984127 0.0031746031746 0.0015873015873 0.00396825396825 0.0198412698413 0.0452380952381
34 0.0150793650794 0.00952380952381 0.000793650793651 0.0 0.0190476190476 0.000793650793651 0.000793650793651 0.539682539683 0.0 0.0722222222222 0.018253968254 0.0 0.00238095238095 0.0 0.0 0.0031746031746 0.00714285714286 0.257142857143 0.0 0.00952380952381 0.0444444444444
35 0.034126984127 0.000793650793651 0.57380952381 0.052380952381 0.00238095238095 0.00396825396825 0.0047619047619 0.00873015873016 0.0325396825397 0.00873015873016 0.0031746031746 0.0825396825397 0.0015873015873 0.0373015873016 0.0492063492063 0.018253968254 0.018253968254 0.0142857142857 0.0031746031746 0.00396825396825 0.0460317460317
36 0.42619047619 0.0650793650794 0.0015873015873 0.00238095238095 0.00634920634921 0.00793650793651 0.000793650793651 0.015873015873 0.0031746031746 0.0222222222222 0.00396825396825 0.00396825396825 0.018253968254 0.00238095238095 0.0047619047619 0.0603174603175 0.272222222222 0.031746031746 0.00238095238095 0.0031746031746 0.0452380952381
37 0.0301587301587 0.0111111111111 0.00714285714286 0.00793650793651 0.00873015873016 0.0031746031746 0.00238095238095 0.00714285714286 0.00555555555556 0.0230158730159 0.0047619047619 0.0111111111111 0.77380952381 0.00396825396825 0.0103174603175 0.0142857142857 0.0119047619048 0.0150793650794 0.0015873015873 0.000793650793651 0.0460317460317
38 0.0333333333333 0.0 0.0492063492063 0.637301587302 0.00238095238095 0.0190476190476 0.0031746031746 0.0047619047619 0.0261904761905 0.0119047619048 0.0031746031746 0.0134920634921 0.0293650793651 0.0269841269841 0.0428571428571 0.0277777777778 0.0142857142857 0.00555555555556 0.000793650793651 0.0015873015873 0.0468253968254
39 0.0349206349206 0.0031746031746 0.0111111111111 0.0206349206349 0.0166666666667 0.0246031746032 0.00396825396825 0.0865079365079 0.0698412698413 0.154761904762 0.0460317460317 0.0126984126984 0.05 0.00952380952381 0.0634920634921 0.084126984127 0.125396825397 0.0626984126984 0.00793650793651 0.0134920634921 0.0984126984127
40 0.065873015873 0.00634920634921 0.0746031746032 0.0396825396825 0.015873015873 0.152380952381 0.0349206349206 0.00634920634921 0.0833333333333 0.0119047619048 0.0015873015873 0.0492063492063 0.0333333333333 0.0198412698413 0.0650793650794 0.0674603174603 0.0420634920635 0.0404761904762 0.00238095238095 0.0230158730159 0.164285714286
41 0.0333333333333 0.0 0.034126984127 0.0365079365079 0.0198412698413 0.052380952381 0.0611111111111 0.00634920634921 0.0706349206349 0.0134920634921 0.00793650793651 0.0206349206349 0.0214285714286 0.105555555556 0.0753968253968 0.0396825396825 0.0349206349206 0.0134920634921 0.00396825396825 0.0238095238095 0.325396825397
42 0.0420634920635 0.00634920634921 0.0365079365079 0.0428571428571 0.015873015873 0.0555555555556 0.0111111111111 0.0119047619048 0.0484126984127 0.015873015873 0.0047619047619 0.0333333333333 0.103174603175 0.0206349206349 0.0555555555556 0.0515873015873 0.0507936507937 0.0214285714286 0.0031746031746 0.00793650793651 0.361111111111
43 0.047619047619 0.0706349206349 0.0579365079365 0.0261904761905 0.0047619047619 0.0801587301587 0.0031746031746 0.00634920634921 0.047619047619 0.0119047619048 0.0031746031746 0.0555555555556 0.0150793650794 0.0206349206349 0.0515873015873 0.0388888888889 0.0261904761905 0.0111111111111 0.0015873015873 0.00555555555556 0.414285714286
44 0.0333333333333 0.0436507936508 0.0261904761905 0.0349206349206 0.00555555555556 0.0793650793651 0.015873015873 0.0119047619048 0.0706349206349 0.0190476190476 0.00952380952381 0.0269841269841 0.034126984127 0.0222222222222 0.0404761904762 0.0285714285714 0.031746031746 0.0190476190476 0.00238095238095 0.0103174603175 0.434126984127
45 0.0436507936508 0.018253968254 0.0420634920635 0.0531746031746 0.00714285714286 0.0428571428571 0.00634920634921 0.0111111111111 0.0579365079365 0.0230158730159 0.0047619047619 0.0190476190476 0.102380952381 0.034126984127 0.0420634920635 0.0365079365079 0.0214285714286 0.0253968253968 0.000793650793651 0.0111111111111 0.396825396825
46 0.0825396825397 0.0015873015873 0.0571428571429 0.0904761904762 0.00555555555556 0.068253968254 0.0126984126984 0.0261904761905 0.034126984127 0.0293650793651 0.00714285714286 0.0277777777778 0.0444444444444 0.0373015873016 0.0246031746032 0.0507936507937 0.0261904761905 0.0611111111111 0.00238095238095 0.00634920634921 0.303968253968
47 0.0222222222222 0.0031746031746 0.0428571428571 0.216666666667 0.0134920634921 0.0293650793651 0.00873015873016 0.0134920634921 0.0325396825397 0.0238095238095 0.0119047619048 0.0150793650794 0.0142857142857 0.222222222222 0.034126984127 0.0206349206349 0.0253968253968 0.0150793650794 0.0587301587302 0.0349206349206 0.14126984127
48 0.0984126984127 0.0825396825397 0.0484126984127 0.0761904761905 0.0174603174603 0.0142857142857 0.0126984126984 0.0111111111111 0.0396825396825 0.0206349206349 0.000793650793651 0.0214285714286 0.288095238095 0.0301587301587 0.0420634920635 0.0277777777778 0.0222222222222 0.0166666666667 0.00238095238095 0.0222222222222 0.104761904762
49 0.0285714285714 0.10873015873 0.0126984126984 0.0174603174603 0.170634920635 0.0730158730159 0.0277777777778 0.018253968254 0.0111111111111 0.102380952381 0.0198412698413 0.0047619047619 0.00238095238095 0.0142857142857 0.0238095238095 0.00952380952381 0.00952380952381 0.0166666666667 0.0674603174603 0.171428571429 0.0896825396825
50 0.251587301587 0.0 0.00555555555556 0.00793650793651 0.0150793650794 0.492063492063 0.00238095238095 0.00396825396825 0.00238095238095 0.0031746031746 0.0015873015873 0.00793650793651 0.00714285714286 0.00952380952381 0.00873015873016 0.0619047619048 0.0103174603175 0.00634920634921 0.00555555555556 0.0261904761905 0.0706349206349
51 0.0753968253968 0.0 0.0714285714286 0.125396825397 0.0230158730159 0.0166666666667 0.015873015873 0.0388888888889 0.112698412698 0.0571428571429 0.015873015873 0.0349206349206 0.0468253968254 0.0880952380952 0.0896825396825 0.0269841269841 0.0293650793651 0.0428571428571 0.0150793650794 0.018253968254 0.0555555555556
52 0.155555555556 0.000793650793651 0.0444444444444 0.304761904762 0.00238095238095 0.00714285714286 0.0103174603175 0.0214285714286 0.097619047619 0.0436507936508 0.0134920634921 0.0206349206349 0.0119047619048 0.0984126984127 0.0603174603175 0.018253968254 0.0190476190476 0.0222222222222 0.0047619047619 0.00396825396825 0.0388888888889
53 0.710317460317 0.00714285714286 0.00396825396825 0.00238095238095 0.00238095238095 0.0174603174603 0.000793650793651 0.00714285714286 0.0015873015873 0.00555555555556 0.00396825396825 0.0047619047619 0.00238095238095 0.0031746031746 0.00238095238095 0.15873015873 0.0103174603175 0.0142857142857 0.00238095238095 0.0015873015873 0.0373015873016
54 0.0793650793651 0.00238095238095 0.0047619047619 0.0134920634921 0.015873015873 0.0150793650794 0.0119047619048 0.0126984126984 0.259523809524 0.0515873015873 0.00714285714286 0.00714285714286 0.00238095238095 0.0309523809524 0.215079365079 0.0785714285714 0.130952380952 0.00952380952381 0.00714285714286 0.0142857142857 0.0301587301587
55 0.129365079365 0.000793650793651 0.140476190476 0.160317460317 0.0166666666667 0.0150793650794 0.018253968254 0.0119047619048 0.0730158730159 0.031746031746 0.00952380952381 0.0611111111111 0.000793650793651 0.107936507937 0.0706349206349 0.0412698412698 0.0468253968254 0.0166666666667 0.0047619047619 0.0119047619048 0.0309523809524
56 0.154801587302 0.00480158730159 0.00242063492063 0.0325793650794 0.242103174603 0.00876984126984 0.035753968254 0.00956349206349 0.0270238095238 0.0476587301587 0.0135317460317 0.0103571428571 0.00162698412698 0.0230555555556 0.0897222222222 0.0159126984127 0.0238492063492 0.0270238095238 0.0643253968254 0.142896825397 0.0222222222222
57 0.0968650793651 0.00242063492063 3.96825396825e-05 0.00242063492063 0.0175 0.00242063492063 0.000833333333333 0.0206746031746 3.96825396825e-05 0.546071428571 0.0373412698413 0.0246428571429 0.000833333333333 0.00242063492063 0.000833333333333 0.0143253968254 0.110357142857 0.0984523809524 0.000833333333333 0.000833333333333 0.0198412698413
58 0.0952777777778 0.00956349206349 0.0206746031746 0.142103174603 0.00400793650794 0.0175 0.015119047619 0.0301984126984 0.154801587302 0.0294047619048 0.0111507936508 0.0278174603175 3.96825396825e-05 0.0643253968254 0.190515873016 0.0675 0.0619444444444 0.0309920634921 0.00162698412698 0.00718253968254 0.018253968254
59 0.0889285714286 0.00321428571429 0.0976587301587 0.13496031746 0.00480158730159 0.0436904761905 0.0119444444444 0.00876984126984 0.138928571429 0.0167063492063 0.00559523809524 0.0754365079365 0.00242063492063 0.0770238095238 0.0825793650794 0.116706349206 0.051626984127 0.00956349206349 0.00480158730159 0.00400793650794 0.0206349206349
60 0.0278174603175 0.00638888888889 0.00321428571429 0.0159126984127 0.0532142857143 0.00400793650794 0.0214682539683 0.0579761904762 0.0635317460317 0.373055555556 0.0611507936508 0.0262301587302 0.000833333333333 0.0301984126984 0.0801984126984 0.0103571428571 0.0301984126984 0.0167063492063 0.0294047619048 0.0278174603175 0.0603174603175
61 0.0460714285714 0.035753968254 0.00242063492063 0.00321428571429 0.0254365079365 0.000833333333333 0.00162698412698 0.149246031746 0.00400793650794 0.401626984127 0.0222619047619 0.00400793650794 0.00242063492063 0.00480158730159 0.00559523809524 0.00480158730159 0.0341666666667 0.173849206349 0.00638888888889 0.00718253968254 0.0642857142857
62 0.0349206349206 0.00873015873016 0.015873015873 0.0238095238095 0.00396825396825 0.0222222222222 0.0031746031746 0.0142857142857 0.0373015873016 0.0603174603175 0.00873015873016 0.0198412698413 0.0753968253968 0.0111111111111 0.0190476190476 0.0277777777778 0.0230158730159 0.0301587301587 0.0031746031746 0.00396825396825 0.553174603175
63 0.0786111111111 0.000833333333333 0.0421031746032 0.0825793650794 0.0222619047619 0.0619444444444 0.019880952381 0.0436904761905 0.0627380952381 0.124642857143 0.0206746031746 0.0762301587302 0.0349603174603 0.0476587301587 0.0738492063492 0.0373412698413 0.0246428571429 0.0405158730159 0.00400793650794 0.0111507936508 0.0896825396825
64 0.0817857142857 0.00321428571429 0.0595634920635 0.0222619047619 0.00321428571429 0.386547619048 0.0206746031746 0.00321428571429 0.0436904761905 0.0159126984127 0.00321428571429 0.0873412698413 0.00718253968254 0.0730555555556 0.0595634920635 0.0365476190476 0.0270238095238 0.00638888888889 0.00242063492063 0.00559523809524 0.0515873015873
65 0.035753968254 0.00242063492063 0.0341666666667 0.0555952380952 0.00559523809524 0.0817857142857 0.0214682539683 0.00242063492063 0.248452380952 0.00638888888889 0.00480158730159 0.0294047619048 0.0127380952381 0.0865476190476 0.188928571429 0.0555952380952 0.0508333333333 0.00797619047619 0.00242063492063 0.00480158730159 0.0619047619048
66 0.0460714285714 0.00162698412698 0.085753968254 0.10876984127 0.0135317460317 0.0190873015873 0.0143253968254 0.0230555555556 0.103214285714 0.0182936507937 0.00480158730159 0.0548015873016 0.0706746031746 0.0603571428571 0.0928968253968 0.0675 0.121468253968 0.0413095238095 0.00718253968254 0.0135317460317 0.031746031746
67 0.0421031746032 0.0103571428571 0.00876984126984 0.00480158730159 0.0190873015873 0.00480158730159 0.000833333333333 0.188928571429 0.00638888888889 0.0976587301587 0.00321428571429 0.00162698412698 0.00797619047619 0.00638888888889 0.00480158730159 0.00797619047619 0.0103571428571 0.54130952381 0.00638888888889 0.00480158730159 0.0214285714286
68 0.0301984126984 0.00162698412698 0.0413095238095 0.109563492063 0.0421031746032 0.0182936507937 0.0214682539683 0.035753968254 0.0682936507937 0.0421031746032 0.0127380952381 0.0230555555556 0.00162698412698 0.0532142857143 0.1175 0.065119047619 0.147658730159 0.0603571428571 0.0270238095238 0.0627380952381 0.018253968254
69 0.0246428571429 0.134166666667 0.000833333333333 0.00321428571429 0.0635317460317 0.00242063492063 3.96825396825e-05 0.177023809524 0.00480158730159 0.295277777778 0.0182936507937 0.00162698412698 0.00162698412698 0.00321428571429 0.00480158730159 0.00559523809524 0.0103571428571 0.20876984127 0.00242063492063 0.0143253968254 0.0230158730159
70 0.0325793650794 0.00321428571429 0.0595634920635 0.20876984127 0.0167063492063 0.00956349206349 0.0222619047619 0.0397222222222 0.0762301587302 0.0365476190476 0.00638888888889 0.0190873015873 0.00797619047619 0.0667063492063 0.107182539683 0.051626984127 0.0865476190476 0.0952777777778 0.00876984126984 0.0175 0.0277777777778
71 0.0563888888889 0.0175 0.0206746031746 0.0317857142857 0.0905158730159 0.0190873015873 0.00480158730159 0.0865476190476 0.0246428571429 0.0928968253968 0.00876984126984 0.0111507936508 0.0635317460317 0.0230555555556 0.0365476190476 0.0500396825397 0.0524206349206 0.115119047619 0.00638888888889 0.0635317460317 0.124603174603
72 0.0405158730159 0.00162698412698 0.228611111111 0.0873412698413 0.0111507936508 0.0405158730159 0.0167063492063 0.0579761904762 0.0262301587302 0.0563888888889 0.00876984126984 0.0222619047619 0.0222619047619 0.0222619047619 0.0301984126984 0.0341666666667 0.0381349206349 0.0706746031746 0.00400793650794 0.0175 0.162698412698
73 0.00873015873016 0.000793650793651 0.0269841269841 0.0222222222222 0.00238095238095 0.0230158730159 0.00793650793651 0.00952380952381 0.034126984127 0.00634920634921 0.0015873015873 0.0103174603175 0.0428571428571 0.0119047619048 0.0190476190476 0.0198412698413 0.0134920634921 0.0119047619048 0.00238095238095 0.00793650793651 0.716666666667
74 0.0460317460317 0.0015873015873 0.0309523809524 0.0365079365079 0.00238095238095 0.068253968254 0.00555555555556 0.0230158730159 0.0269841269841 0.0277777777778 0.0015873015873 0.0285714285714 0.031746031746 0.031746031746 0.034126984127 0.0325396825397 0.0349206349206 0.0349206349206 0.00634920634921 0.0134920634921 0.480952380952
75 0.0388888888889 0.0 0.0634920634921 0.068253968254 0.00714285714286 0.0515873015873 0.0119047619048 0.0206349206349 0.0293650793651 0.0166666666667 0.00634920634921 0.0222222222222 0.0373015873016 0.0452380952381 0.0269841269841 0.0396825396825 0.0333333333333 0.0269841269841 0.000793650793651 0.0261904761905 0.426984126984
76 0.0619444444444 0.00321428571429 0.105595238095 0.0770238095238 0.00400793650794 0.175436507937 0.0182936507937 0.0159126984127 0.0778174603175 0.0301984126984 0.0111507936508 0.0341666666667 0.0270238095238 0.0397222222222 0.069880952381 0.0746428571429 0.0444841269841 0.0262301587302 0.000833333333333 0.015119047619 0.0873015873016
77 0.0444841269841 0.00559523809524 0.0230555555556 0.0373412698413 0.035753968254 0.0254365079365 0.0159126984127 0.049246031746 0.116706349206 0.0405158730159 0.0143253968254 0.0167063492063 0.0389285714286 0.0428968253968 0.169087301587 0.0349603174603 0.122261904762 0.0786111111111 0.00480158730159 0.0301984126984 0.0531746031746
78 0.0238492063492 0.00400793650794 0.656388888889 0.035753968254 0.00242063492063 0.065119047619 0.00242063492063 0.00876984126984 0.0278174603175 0.00956349206349 0.00162698412698 0.0246428571429 0.0167063492063 0.00956349206349 0.015119047619 0.0214682539683 0.0270238095238 0.0103571428571 0.000833333333333 0.00638888888889 0.0301587301587
79 0.0421031746032 0.000833333333333 0.0349603174603 0.0254365079365 0.00876984126984 0.0405158730159 0.0246428571429 0.0182936507937 0.199246031746 0.0127380952381 0.00559523809524 0.033373015873 0.0365476190476 0.069880952381 0.250833333333 0.0635317460317 0.0405158730159 0.0246428571429 0.00797619047619 0.0230555555556 0.0365079365079
80 0.0222619047619 0.00162698412698 0.0373412698413 0.0175 0.0786111111111 0.033373015873 0.0238492063492 0.00797619047619 0.019880952381 0.0127380952381 0.00400793650794 0.0476587301587 0.0111507936508 0.0262301587302 0.019880952381 0.0309920634921 0.0246428571429 0.0111507936508 0.0246428571429 0.50003968254 0.0444444444444
81 0.0142857142857 0.0031746031746 0.0912698412698 0.0214285714286 0.0142857142857 0.588095238095 0.0134920634921 0.00238095238095 0.0349206349206 0.0031746031746 0.0015873015873 0.0674603174603 0.00873015873016 0.0253968253968 0.0301587301587 0.0301587301587 0.00793650793651 0.0047619047619 0.000793650793651 0.00238095238095 0.034126984127
82 0.0214285714286 0.00555555555556 0.0150793650794 0.0190476190476 0.00238095238095 0.0134920634921 0.0119047619048 0.0103174603175 0.0142857142857 0.0142857142857 0.00793650793651 0.0365079365079 0.00952380952381 0.015873015873 0.688888888889 0.0150793650794 0.0238095238095 0.0214285714286 0.00555555555556 0.00952380952381 0.0380952380952
83 0.0547619047619 0.0134920634921 0.0111111111111 0.0301587301587 0.0603174603175 0.00873015873016 0.0150793650794 0.106349206349 0.0222222222222 0.225396825397 0.0230158730159 0.0174603174603 0.0388888888889 0.0269841269841 0.0206349206349 0.0357142857143 0.0952380952381 0.102380952381 0.0214285714286 0.0468253968254 0.0238095238095
84 0.0111111111111 0.00555555555556 0.0047619047619 0.0126984126984 0.0261904761905 0.000793650793651 0.00873015873016 0.113492063492 0.00555555555556 0.42380952381 0.0166666666667 0.00634920634921 0.0261904761905 0.00873015873016 0.0126984126984 0.0166666666667 0.0246031746032 0.223015873016 0.00634920634921 0.0222222222222 0.0238095238095
85 0.453968253968 0.0507936507937 0.0 0.0031746031746 0.0047619047619 0.25 0.00238095238095 0.00396825396825 0.000793650793651 0.015873015873 0.0047619047619 0.000793650793651 0.0015873015873 0.0031746031746 0.0515873015873 0.0325396825397 0.0111111111111 0.0785714285714 0.0 0.0047619047619 0.0253968253968
86 0.0293650793651 0.00634920634921 0.0579365079365 0.0714285714286 0.0333333333333 0.0047619047619 0.0563492063492 0.0515873015873 0.0357142857143 0.05 0.00873015873016 0.0301587301587 0.00634920634921 0.0325396825397 0.0714285714286 0.0539682539683 0.0912698412698 0.068253968254 0.0325396825397 0.190476190476 0.0174603174603
87 0.0325396825397 0.134920634921 0.0015873015873 0.00238095238095 0.0142857142857 0.0047619047619 0.0 0.15873015873 0.0015873015873 0.147619047619 0.015873015873 0.0015873015873 0.00634920634921 0.0015873015873 0.0015873015873 0.00238095238095 0.00634920634921 0.446825396825 0.00238095238095 0.0015873015873 0.0150793650794
88 0.0277777777778 0.0031746031746 0.0142857142857 0.034126984127 0.154761904762 0.0103174603175 0.0214285714286 0.0396825396825 0.0333333333333 0.0587301587302 0.0166666666667 0.00952380952381 0.0047619047619 0.0198412698413 0.0611111111111 0.0460317460317 0.0547619047619 0.0515873015873 0.107936507937 0.214285714286 0.015873015873
89 0.0920634920635 0.0238095238095 0.018253968254 0.00873015873016 0.0309523809524 0.0126984126984 0.0325396825397 0.0896825396825 0.0222222222222 0.199206349206 0.015873015873 0.0285714285714 0.0166666666667 0.015873015873 0.0531746031746 0.0380952380952 0.0555555555556 0.17380952381 0.00238095238095 0.0484126984127 0.0214285714286
90 0.0388888888889 0.000793650793651 0.257936507937 0.0690476190476 0.00396825396825 0.183333333333 0.0103174603175 0.00555555555556 0.047619047619 0.0103174603175 0.0031746031746 0.115873015873 0.0563492063492 0.0230158730159 0.0396825396825 0.0460317460317 0.0206349206349 0.0142857142857 0.0031746031746 0.00634920634921 0.0436507936508
91 0.031746031746 0.0047619047619 0.103968253968 0.0603174603175 0.0047619047619 0.413492063492 0.00714285714286 0.0015873015873 0.065873015873 0.00396825396825 0.0031746031746 0.0706349206349 0.0111111111111 0.0198412698413 0.0460317460317 0.0357142857143 0.031746031746 0.00873015873016 0.00396825396825 0.00952380952381 0.0619047619048
92 0.0405158730159 0.000833333333333 0.0309920634921 0.0762301587302 0.00718253968254 0.0619444444444 0.0135317460317 0.0532142857143 0.100833333333 0.0659126984127 0.0143253968254 0.0254365079365 0.0135317460317 0.0690873015873 0.123055555556 0.019880952381 0.115119047619 0.0968650793651 0.00400793650794 0.0119444444444 0.0555555555556
93 0.00555555555556 0.0238095238095 0.303174603175 0.0293650793651 0.0396825396825 0.0031746031746 0.00873015873016 0.00714285714286 0.0031746031746 0.101587301587 0.0388888888889 0.183333333333 0.0222222222222 0.00634920634921 0.0119047619048 0.11746031746 0.0269841269841 0.0142857142857 0.0166666666667 0.0142857142857 0.0222222222222
94 0.0365079365079 0.00396825396825 0.00793650793651 0.000793650793651 0.0531746031746 0.0 0.0015873015873 0.207936507937 0.000793650793651 0.322222222222 0.00793650793651 0.0 0.0047619047619 0.0015873015873 0.0 0.0031746031746 0.00555555555556 0.277777777778 0.00714285714286 0.0420634920635 0.0150793650794
95 0.152380952381 0.00714285714286 0.0103174603175 0.0166666666667 0.0 0.166666666667 0.000793650793651 0.00238095238095 0.00238095238095 0.0015873015873 0.0 0.402380952381 0.00238095238095 0.0865079365079 0.0047619047619 0.112698412698 0.0103174603175 0.00238095238095 0.0 0.000793650793651 0.0174603174603
96 0.155555555556 0.0111111111111 0.0396825396825 0.213492063492 0.0126984126984 0.0190476190476 0.015873015873 0.0246031746032 0.0507936507937 0.14126984127 0.00952380952381 0.0142857142857 0.0015873015873 0.0603174603175 0.0698412698413 0.0373015873016 0.0325396825397 0.0460317460317 0.000793650793651 0.0246031746032 0.0190476190476
97 0.120634920635 0.000793650793651 0.0349206349206 0.237301587302 0.018253968254 0.0142857142857 0.0277777777778 0.0333333333333 0.05 0.0904761904762 0.0285714285714 0.00793650793651 0.00238095238095 0.0769841269841 0.047619047619 0.0309523809524 0.0468253968254 0.0396825396825 0.0436507936508 0.0285714285714 0.0190476190476
98 0.0198412698413 0.0 0.000793650793651 0.0047619047619 0.0015873015873 0.00238095238095 0.0015873015873 0.0619047619048 0.000793650793651 0.537301587302 0.25 0.0 0.000793650793651 0.047619047619 0.000793650793651 0.00555555555556 0.00396825396825 0.0388888888889 0.0 0.000793650793651 0.0206349206349
99 0.0325396825397 0.0047619047619 0.0 0.0 0.000793650793651 0.0 0.0 0.184920634921 0.00396825396825 0.304761904762 0.0126984126984 0.000793650793651 0.0 0.0031746031746 0.00555555555556 0.0047619047619 0.0126984126984 0.407936507937 0.0 0.000793650793651 0.0198412698413
100 0.122222222222 0.0015873015873 0.0246031746032 0.186507936508 0.0015873015873 0.0206349206349 0.00238095238095 0.00555555555556 0.151587301587 0.0214285714286 0.00873015873016 0.0214285714286 0.0 0.0603174603175 0.228571428571 0.0849206349206 0.018253968254 0.0111111111111 0.000793650793651 0.00555555555556 0.0222222222222
101 0.146031746032 0.0015873015873 0.0484126984127 0.186507936508 0.00555555555556 0.0293650793651 0.015873015873 0.0047619047619 0.0722222222222 0.0420634920635 0.0103174603175 0.113492063492 0.0 0.0873015873016 0.0753968253968 0.0928571428571 0.0269841269841 0.00952380952381 0.0015873015873 0.00634920634921 0.0238095238095
102 0.00555555555556 0.000793650793651 0.00793650793651 0.0047619047619 0.0 0.921428571429 0.0 0.0 0.0103174603175 0.0 0.0 0.00634920634921 0.00238095238095 0.0015873015873 0.00555555555556 0.00555555555556 0.000793650793651 0.000793650793651 0.000793650793651 0.0 0.0253968253968
103 0.0404761904762 0.0047619047619 0.00396825396825 0.00714285714286 0.0777777777778 0.00396825396825 0.0587301587302 0.0119047619048 0.00714285714286 0.365873015873 0.0563492063492 0.0126984126984 0.0 0.0198412698413 0.0047619047619 0.00634920634921 0.0047619047619 0.0142857142857 0.0896825396825 0.180952380952 0.0285714285714
104 0.753968253968 0.00873015873016 0.000793650793651 0.000793650793651 0.000793650793651 0.0825396825397 0.0015873015873 0.0015873015873 0.0015873015873 0.00634920634921 0.00396825396825 0.0 0.000793650793651 0.0 0.00238095238095 0.0261904761905 0.0119047619048 0.0626984126984 0.0 0.00238095238095 0.0309523809524
105 0.0261904761905 0.00793650793651 0.00952380952381 0.0603174603175 0.0333333333333 0.00555555555556 0.0126984126984 0.0412698412698 0.0793650793651 0.0547619047619 0.0166666666667 0.0103174603175 0.00555555555556 0.034126984127 0.180952380952 0.0214285714286 0.0468253968254 0.0849206349206 0.0849206349206 0.034126984127 0.149206349206
106 0.100793650794 0.0119047619048 0.00793650793651 0.0214285714286 0.0309523809524 0.0031746031746 0.0119047619048 0.047619047619 0.00634920634921 0.0674603174603 0.00793650793651 0.00634920634921 0.0761904761905 0.0015873015873 0.0134920634921 0.015873015873 0.031746031746 0.227777777778 0.0206349206349 0.0357142857143 0.253174603175
107 0.105555555556 0.00555555555556 0.0436507936508 0.0198412698413 0.0301587301587 0.0174603174603 0.034126984127 0.015873015873 0.0301587301587 0.0357142857143 0.00873015873016 0.0380952380952 0.0119047619048 0.0174603174603 0.0388888888889 0.0357142857143 0.0301587301587 0.047619047619 0.00714285714286 0.103968253968 0.322222222222
108 0.0309523809524 0.00396825396825 0.031746031746 0.0357142857143 0.0396825396825 0.0246031746032 0.00714285714286 0.0174603174603 0.0174603174603 0.0190476190476 0.00555555555556 0.018253968254 0.0428571428571 0.0150793650794 0.05 0.0230158730159 0.0325396825397 0.0190476190476 0.0388888888889 0.137301587302 0.389682539683
109 0.0555555555556 0.000793650793651 0.0595238095238 0.0325396825397 0.0230158730159 0.0349206349206 0.031746031746 0.0611111111111 0.05 0.0222222222222 0.00793650793651 0.0174603174603 0.0531746031746 0.0198412698413 0.0539682539683 0.0357142857143 0.0396825396825 0.081746031746 0.0103174603175 0.0277777777778 0.280952380952
110 0.0380952380952 0.00238095238095 0.0420634920635 0.031746031746 0.0484126984127 0.031746031746 0.0190476190476 0.0206349206349 0.0246031746032 0.0206349206349 0.00555555555556 0.0174603174603 0.018253968254 0.0214285714286 0.0309523809524 0.0571428571429 0.0166666666667 0.0246031746032 0.031746031746 0.211904761905 0.284920634921
111 0.0507936507937 0.00793650793651 0.0531746031746 0.0444444444444 0.015873015873 0.0642857142857 0.0142857142857 0.0174603174603 0.0388888888889 0.034126984127 0.00555555555556 0.0269841269841 0.0984126984127 0.0309523809524 0.0539682539683 0.0738095238095 0.047619047619 0.0150793650794 0.000793650793651 0.018253968254 0.287301587302
112 0.0460317460317 0.00873015873016 0.0531746031746 0.0293650793651 0.0119047619048 0.05 0.0190476190476 0.0111111111111 0.0579365079365 0.0373015873016 0.0047619047619 0.0357142857143 0.12619047619 0.0436507936508 0.0388888888889 0.0539682539683 0.0309523809524 0.0142857142857 0.0031746031746 0.0238095238095 0.3
113 0.0357142857143 0.00238095238095 0.0769841269841 0.0515873015873 0.0174603174603 0.047619047619 0.0198412698413 0.0047619047619 0.047619047619 0.0150793650794 0.0031746031746 0.130158730159 0.0404761904762 0.0238095238095 0.0420634920635 0.0531746031746 0.0166666666667 0.00952380952381 0.00396825396825 0.0285714285714 0.329365079365
114 0.0412698412698 0.0134920634921 0.0507936507937 0.0261904761905 0.0325396825397 0.0269841269841 0.0174603174603 0.018253968254 0.031746031746 0.0547619047619 0.00952380952381 0.0293650793651 0.0365079365079 0.0190476190476 0.0238095238095 0.0603174603175 0.0587301587302 0.0388888888889 0.00238095238095 0.0396825396825 0.368253968254
115 0.0714285714286 0.0031746031746 0.0563492063492 0.0507936507937 0.00634920634921 0.0285714285714 0.0103174603175 0.00714285714286 0.103968253968 0.0293650793651 0.00714285714286 0.0222222222222 0.0626984126984 0.0253968253968 0.0563492063492 0.0698412698413 0.0396825396825 0.018253968254 0.00238095238095 0.00952380952381 0.319047619048
116 0.0238095238095 0.0277777777778 0.0396825396825 0.0309523809524 0.0507936507937 0.0230158730159 0.0293650793651 0.0190476190476 0.0277777777778 0.05 0.00873015873016 0.0206349206349 0.0150793650794 0.018253968254 0.0444444444444 0.0285714285714 0.0150793650794 0.0222222222222 0.00793650793651 0.216666666667 0.280158730159
117 0.0857142857143 0.0222222222222 0.0365079365079 0.034126984127 0.0261904761905 0.0309523809524 0.0214285714286 0.0253968253968 0.0373015873016 0.0722222222222 0.0142857142857 0.0190476190476 0.0142857142857 0.0380952380952 0.0809523809524 0.0547619047619 0.0333333333333 0.034126984127 0.0103174603175 0.0492063492063 0.259523809524
118 0.0849206349206 0.0031746031746 0.106349206349 0.0960317460317 0.00555555555556 0.0539682539683 0.0119047619048 0.0047619047619 0.065873015873 0.0206349206349 0.00555555555556 0.0436507936508 0.0515873015873 0.0515873015873 0.0412698412698 0.0539682539683 0.034126984127 0.0142857142857 0.00238095238095 0.0103174603175 0.238095238095
119 0.102380952381 0.0134920634921 0.052380952381 0.124603174603 0.00714285714286 0.0246031746032 0.0134920634921 0.0198412698413 0.0626984126984 0.0484126984127 0.00873015873016 0.0190476190476 0.0277777777778 0.0650793650794 0.0952380952381 0.0396825396825 0.0261904761905 0.0253968253968 0.0047619047619 0.0214285714286 0.197619047619
120 0.0031746031746 0.0015873015873 0.000793650793651 0.000793650793651 0.111904761905 0.0 0.0031746031746 0.0365079365079 0.0 0.325396825397 0.0301587301587 0.0 0.000793650793651 0.00238095238095 0.00396825396825 0.0015873015873 0.00238095238095 0.015873015873 0.0190476190476 0.249206349206 0.19126984127
