POS A C D E F G H I K L M N P Q R S T V W Y -
1 0.0 0.0 0.000780640124902 0.000780640124902 0.0 0.000780640124902 0.0 0.0 0.0117096018735 0.0 0.0 0.000780640124902 0.0 0.0 0.000780640124902 0.0 0.000780640124902 0.0 0.0 0.0 0.983606557377
2 0.00160031225605 3.90320062451e-05 0.00160031225605 0.00628415300546 0.00160031225605 0.0437548790008 0.000819672131148 0.000819672131148 0.00940671350507 0.00394223263076 0.00238095238095 0.01018735363 0.000819672131148 0.00160031225605 0.00160031225605 0.0109679937549 0.00550351288056 0.000819672131148 3.90320062451e-05 0.000819672131148 0.895394223263
3 0.0172131147541 3.90320062451e-05 0.0109679937549 0.0304839968774 0.00316159250585 0.00862607338017 0.00706479313037 0.00784543325527 0.0507806401249 0.00550351288056 0.000819672131148 0.0203356752537 0.00550351288056 0.0109679937549 0.0140905542545 0.0125292740047 0.0187743950039 0.0172131147541 0.00160031225605 0.000819672131148 0.755659640906
4 0.0359484777518 0.00238095238095 0.0140905542545 0.0273614363778 0.00940671350507 0.0156518345043 0.00394223263076 0.0133099141296 0.0312646370023 0.0265807962529 0.00316159250585 0.0156518345043 0.0304839968774 0.0156518345043 0.0273614363778 0.0375097580016 0.0484387197502 0.0203356752537 0.00706479313037 0.00940671350507 0.604996096799
5 0.028181108509 0.000858704137393 0.00944574551132 0.0484777517564 0.0562841530055 0.0211553473849 0.00554254488681 0.0726775956284 0.02037470726 0.0695550351288 0.0102263856362 0.00788446526151 0.0149102263856 0.0172521467603 0.0195940671351 0.0141295862607 0.0344262295082 0.0578454332553 0.0141295862607 0.0492583918813 0.427790788447
6 0.0375097580016 0.00316159250585 0.0351678376269 0.0734192037471 0.00628415300546 0.0125292740047 0.0140905542545 0.0226775956284 0.074199843872 0.0367291178767 0.00316159250585 0.0281420765027 0.057806401249 0.0367291178767 0.0453161592506 0.0554644808743 0.0890320062451 0.025800156128 0.00550351288056 0.01018735363 0.327088212334
7 0.210031225605 0.0437548790008 0.01018735363 0.00784543325527 0.0140905542545 0.182708821233 0.00550351288056 0.0218969555035 0.00706479313037 0.0140905542545 0.00862607338017 0.00472287275566 0.00784543325527 0.00160031225605 0.00550351288056 0.0133099141296 0.017993754879 0.114012490242 0.00550351288056 0.0297033567525 0.274004683841
8 0.0202966432475 0.0 0.0140515222482 0.056206088993 0.015612802498 0.0452771272443 0.0117096018735 0.0601092896175 0.106167056987 0.0343481654957 0.00546448087432 0.00546448087432 0.0140515222482 0.0382513661202 0.110850897736 0.0234192037471 0.131928181109 0.0772833723653 0.00234192037471 0.0210772833724 0.206088992974
9 0.0304449648712 0.00780640124902 0.0132708821233 0.00624512099922 0.015612802498 0.00936768149883 0.00234192037471 0.106947697112 0.00858704137393 0.0585480093677 0.00780640124902 0.00858704137393 0.0226385636222 0.00858704137393 0.0187353629977 0.0140515222482 0.0124902419984 0.485558157689 0.00234192037471 0.00780640124902 0.152224824356
10 0.0780640124902 0.0015612802498 0.0343481654957 0.0999219359875 0.00780640124902 0.016393442623 0.0101483216237 0.0749414519906 0.0523028883685 0.0671350507416 0.00234192037471 0.0187353629977 0.0187353629977 0.0140515222482 0.024199843872 0.0390320062451 0.121779859485 0.170960187354 0.00390320062451 0.0132708821233 0.130366900859
11 0.0577673692428 0.0187353629977 0.0249804839969 0.0647931303669 0.0218579234973 0.0366900858704 0.0421545667447 0.00312256049961 0.114754098361 0.0132708821233 0.00390320062451 0.0179547228728 0.00234192037471 0.0491803278689 0.188134270101 0.113192818111 0.0265417642467 0.00780640124902 0.0101483216237 0.0624512099922 0.120218579235
12 0.0429352068696 0.0171740827479 0.00390320062451 0.00234192037471 0.00936768149883 0.00312256049961 0.00546448087432 0.16081186573 0.000780640124902 0.00936768149883 0.00624512099922 0.0015612802498 0.00390320062451 0.0015612802498 0.0015612802498 0.00468384074941 0.015612802498 0.583138173302 0.00936768149883 0.00780640124902 0.109289617486
13 0.0351288056206 0.00234192037471 0.0171740827479 0.0117096018735 0.0273224043716 0.0210772833724 0.0304449648712 0.220921155347 0.0171740827479 0.0967993754879 0.00546448087432 0.0101483216237 0.0195160031226 0.0101483216237 0.0304449648712 0.0437158469945 0.0507416081187 0.1975019516 0.00858704137393 0.0460577673692 0.0975800156128
14 0.015612802498 0.0 0.692427790788 0.0187353629977 0.000780640124902 0.0109289617486 0.00234192037471 0.0 0.00546448087432 0.00234192037471 0.0 0.0218579234973 0.00468384074941 0.00702576112412 0.00546448087432 0.103825136612 0.0140515222482 0.000780640124902 0.0 0.000780640124902 0.0928961748634
15 0.0624512099922 0.000780640124902 0.0124902419984 0.00546448087432 0.00234192037471 0.760343481655 0.00234192037471 0.0015612802498 0.00390320062451 0.000780640124902 0.0 0.00234192037471 0.0187353629977 0.00234192037471 0.00312256049961 0.0148321623731 0.00780640124902 0.00468384074941 0.000780640124902 0.00234192037471 0.0905542544887
16 0.0179547228728 0.00702576112412 0.67837626854 0.0148321623731 0.0015612802498 0.0382513661202 0.00780640124902 0.0015612802498 0.00234192037471 0.00546448087432 0.00312256049961 0.03981264637 0.0 0.0140515222482 0.0148321623731 0.0437158469945 0.0148321623731 0.00546448087432 0.0 0.0 0.0889929742389
17 0.016393442623 0.00390320062451 0.00702576112412 0.00936768149883 0.00234192037471 0.0148321623731 0.00312256049961 0.00858704137393 0.00936768149883 0.0117096018735 0.00546448087432 0.0132708821233 0.0 0.0117096018735 0.0538641686183 0.107728337237 0.612021857923 0.0171740827479 0.0 0.00390320062451 0.088212334114
18 0.0273224043716 0.00858704137393 0.0 0.0 0.170960187354 0.00390320062451 0.0 0.23731459797 0.000780640124902 0.241217798595 0.0171740827479 0.0 0.0132708821233 0.000780640124902 0.0 0.00234192037471 0.00780640124902 0.153005464481 0.00546448087432 0.0195160031226 0.0905542544887
19 0.0265417642467 0.00234192037471 0.0624512099922 0.0905542544887 0.00702576112412 0.00702576112412 0.0171740827479 0.0601092896175 0.107728337237 0.0437158469945 0.00624512099922 0.0132708821233 0.0 0.0296643247463 0.155347384856 0.0327868852459 0.0921155347385 0.108508977361 0.0226385636222 0.024199843872 0.0905542544887
20 0.0608899297424 0.0296643247463 0.00858704137393 0.00312256049961 0.0601092896175 0.00546448087432 0.000780640124902 0.15612802498 0.000780640124902 0.192037470726 0.016393442623 0.00234192037471 0.0015612802498 0.00234192037471 0.00234192037471 0.00936768149883 0.0249804839969 0.301327088212 0.00312256049961 0.0124902419984 0.106167056987
21 0.0569867291179 0.00468384074941 0.0624512099922 0.0585480093677 0.0179547228728 0.0530835284934 0.0195160031226 0.0374707259953 0.0811865729899 0.0733801717408 0.0148321623731 0.0390320062451 0.00546448087432 0.032006245121 0.111631537861 0.0624512099922 0.0585480093677 0.0351288056206 0.00780640124902 0.0351288056206 0.132708821233
22 0.0359094457455 0.0210772833724 0.0866510538642 0.0210772833724 0.0210772833724 0.0460577673692 0.0195160031226 0.0866510538642 0.0234192037471 0.0913348946136 0.016393442623 0.0335675253708 0.0257611241218 0.0109289617486 0.0288836846214 0.0507416081187 0.0491803278689 0.0616705698673 0.00546448087432 0.0226385636222 0.24199843872
23 0.0351288056206 0.00234192037471 0.104605776737 0.0390320062451 0.00468384074941 0.0608899297424 0.0109289617486 0.015612802498 0.0382513661202 0.0218579234973 0.0 0.0686963309914 0.0866510538642 0.024199843872 0.0187353629977 0.0444964871194 0.032006245121 0.0148321623731 0.0015612802498 0.00858704137393 0.366900858704
24 0.0140515222482 0.00312256049961 0.0593286494926 0.0413739266198 0.00312256049961 0.247462919594 0.0117096018735 0.00780640124902 0.0546448087432 0.00858704137393 0.0015612802498 0.0530835284934 0.032006245121 0.016393442623 0.0210772833724 0.032006245121 0.0218579234973 0.0148321623731 0.0015612802498 0.00234192037471 0.352068696331
25 0.0366900858704 0.0109289617486 0.0366900858704 0.0702576112412 0.0101483216237 0.056206088993 0.016393442623 0.0140515222482 0.0975800156128 0.0273224043716 0.00780640124902 0.032006245121 0.0187353629977 0.0593286494926 0.0569867291179 0.0335675253708 0.047619047619 0.0312256049961 0.000780640124902 0.00702576112412 0.328649492584
26 0.0296643247463 0.0 0.0257611241218 0.0850897736144 0.0109289617486 0.132708821233 0.00936768149883 0.0351288056206 0.0686963309914 0.0413739266198 0.00780640124902 0.0351288056206 0.0304449648712 0.0468384074941 0.0647931303669 0.0491803278689 0.0702576112412 0.0429352068696 0.00468384074941 0.0109289617486 0.198282591725
27 0.032006245121 0.0015612802498 0.0171740827479 0.109289617486 0.0327868852459 0.0226385636222 0.0187353629977 0.118657298985 0.0507416081187 0.0694769711163 0.016393442623 0.00624512099922 0.00702576112412 0.0733801717408 0.0819672131148 0.016393442623 0.0725995316159 0.110850897736 0.00624512099922 0.0390320062451 0.0967993754879
28 0.0234192037471 0.000780640124902 0.0124902419984 0.0312256049961 0.0101483216237 0.00936768149883 0.0218579234973 0.0226385636222 0.165495706479 0.0296643247463 0.00936768149883 0.0343481654957 0.0366900858704 0.0265417642467 0.220140515222 0.0686963309914 0.151444184231 0.0359094457455 0.0015612802498 0.00858704137393 0.07962529274
29 0.0265417642467 0.00546448087432 0.0 0.00234192037471 0.0577673692428 0.00546448087432 0.0015612802498 0.256049960968 0.0 0.110070257611 0.015612802498 0.0 0.0 0.0 0.000780640124902 0.00702576112412 0.00390320062451 0.427790788447 0.00234192037471 0.0218579234973 0.0554254488681
30 0.016393442623 0.00546448087432 0.00702576112412 0.00858704137393 0.00312256049961 0.00858704137393 0.0226385636222 0.0109289617486 0.0202966432475 0.0210772833724 0.00468384074941 0.0101483216237 0.0015612802498 0.0335675253708 0.697892271663 0.0249804839969 0.016393442623 0.0249804839969 0.0015612802498 0.00702576112412 0.0530835284934
31 0.00858704137393 0.00312256049961 0.000780640124902 0.000780640124902 0.0725995316159 0.000780640124902 0.0015612802498 0.0913348946136 0.00234192037471 0.639344262295 0.0351288056206 0.00312256049961 0.00780640124902 0.0 0.0 0.00234192037471 0.0015612802498 0.0499609679938 0.0 0.0304449648712 0.048399687744
32 0.244340359094 0.0109289617486 0.0140515222482 0.0226385636222 0.0413739266198 0.0109289617486 0.0195160031226 0.096018735363 0.0132708821233 0.166276346604 0.0117096018735 0.0202966432475 0.00546448087432 0.0210772833724 0.0265417642467 0.0702576112412 0.0187353629977 0.0491803278689 0.0148321623731 0.0757220921155 0.0468384074941
33 0.0327868852459 0.0343481654957 0.0546448087432 0.0210772833724 0.015612802498 0.615144418423 0.0148321623731 0.00234192037471 0.00390320062451 0.0366900858704 0.00780640124902 0.0429352068696 0.000780640124902 0.00390320062451 0.00546448087432 0.0359094457455 0.00234192037471 0.00234192037471 0.00390320062451 0.0171740827479 0.0460577673692
34 0.0148321623731 0.00936768149883 0.000780640124902 0.0 0.0179547228728 0.000780640124902 0.000780640124902 0.526151444184 0.0 0.0733801717408 0.015612802498 0.0 0.00234192037471 0.0 0.0 0.00312256049961 0.00936768149883 0.269320843091 0.0 0.0109289617486 0.0452771272443
35 0.0335675253708 0.000780640124902 0.569086651054 0.0523028883685 0.00234192037471 0.00468384074941 0.00468384074941 0.0101483216237 0.0312256049961 0.00780640124902 0.0015612802498 0.0780640124902 0.0015612802498 0.0374707259953 0.0530835284934 0.0218579234973 0.0195160031226 0.015612802498 0.00390320062451 0.00390320062451 0.0468384074941
36 0.421545667447 0.064012490242 0.00234192037471 0.00312256049961 0.00624512099922 0.00858704137393 0.000780640124902 0.016393442623 0.00312256049961 0.0218579234973 0.00468384074941 0.00468384074941 0.0187353629977 0.00312256049961 0.00390320062451 0.0593286494926 0.273224043716 0.0327868852459 0.00390320062451 0.00312256049961 0.0444964871194
37 0.0312256049961 0.0117096018735 0.00780640124902 0.00780640124902 0.00702576112412 0.00312256049961 0.00234192037471 0.00936768149883 0.00546448087432 0.0218579234973 0.00624512099922 0.0109289617486 0.771272443404 0.00390320062451 0.0101483216237 0.0132708821233 0.0124902419984 0.0140515222482 0.0015612802498 0.0015612802498 0.0468384074941
38 0.0304449648712 0.0 0.0530835284934 0.628415300546 0.00234192037471 0.0171740827479 0.00312256049961 0.00390320062451 0.0273224043716 0.0132708821233 0.00312256049961 0.0140515222482 0.0304449648712 0.0304449648712 0.0460577673692 0.0288836846214 0.0132708821233 0.00390320062451 0.0 0.0015612802498 0.0491803278689
39 0.0366900858704 0.00468384074941 0.0132708821233 0.0210772833724 0.0140515222482 0.0226385636222 0.00234192037471 0.0944574551132 0.0686963309914 0.148321623731 0.0437158469945 0.0148321623731 0.0499609679938 0.0124902419984 0.0655737704918 0.0811865729899 0.128805620609 0.056206088993 0.00858704137393 0.0140515222482 0.0983606557377
40 0.0749414519906 0.00624512099922 0.0788446526151 0.0366900858704 0.015612802498 0.148321623731 0.032006245121 0.00624512099922 0.0889929742389 0.0132708821233 0.0015612802498 0.0468384074941 0.0343481654957 0.0187353629977 0.0632318501171 0.064012490242 0.0437158469945 0.0405932864949 0.00390320062451 0.0234192037471 0.158469945355
41 0.0312256049961 0.0 0.0351288056206 0.0374707259953 0.0171740827479 0.0530835284934 0.0601092896175 0.00624512099922 0.071818891491 0.0140515222482 0.00780640124902 0.0226385636222 0.0202966432475 0.106947697112 0.071818891491 0.0413739266198 0.0351288056206 0.0124902419984 0.00390320062451 0.0234192037471 0.327868852459
42 0.0429352068696 0.00624512099922 0.0390320062451 0.0405932864949 0.0179547228728 0.0499609679938 0.00780640124902 0.00624512099922 0.0452771272443 0.0171740827479 0.00624512099922 0.0288836846214 0.111631537861 0.0195160031226 0.0569867291179 0.0546448087432 0.056206088993 0.0202966432475 0.00312256049961 0.00858704137393 0.360655737705
43 0.048399687744 0.0702576112412 0.0546448087432 0.0281030444965 0.00390320062451 0.0889929742389 0.00390320062451 0.00624512099922 0.0460577673692 0.00936768149883 0.00312256049961 0.0499609679938 0.0140515222482 0.0210772833724 0.0507416081187 0.0413739266198 0.0249804839969 0.0101483216237 0.0015612802498 0.00624512099922 0.416861826698
44 0.0304449648712 0.047619047619 0.0257611241218 0.0343481654957 0.00624512099922 0.0765027322404 0.0140515222482 0.0140515222482 0.0757220921155 0.0210772833724 0.0101483216237 0.0273224043716 0.0281030444965 0.0218579234973 0.0421545667447 0.0288836846214 0.0296643247463 0.015612802498 0.00312256049961 0.00858704137393 0.438719750195
45 0.0382513661202 0.0171740827479 0.0382513661202 0.0460577673692 0.00780640124902 0.0366900858704 0.00546448087432 0.0101483216237 0.0530835284934 0.0257611241218 0.00468384074941 0.015612802498 0.11631537861 0.0351288056206 0.048399687744 0.0343481654957 0.0249804839969 0.0249804839969 0.000780640124902 0.0109289617486 0.405152224824
46 0.0850897736144 0.0015612802498 0.0601092896175 0.0874316939891 0.00624512099922 0.0647931303669 0.0101483216237 0.0210772833724 0.0335675253708 0.0327868852459 0.00858704137393 0.0218579234973 0.0405932864949 0.0359094457455 0.0234192037471 0.0452771272443 0.0288836846214 0.0663544106167 0.00234192037471 0.00702576112412 0.31693989071
47 0.0257611241218 0.00312256049961 0.0413739266198 0.222482435597 0.0132708821233 0.0257611241218 0.00780640124902 0.0132708821233 0.0327868852459 0.0234192037471 0.0124902419984 0.0140515222482 0.015612802498 0.207650273224 0.0335675253708 0.016393442623 0.0288836846214 0.0140515222482 0.0577673692428 0.0374707259953 0.153005464481
48 0.0936768149883 0.0811865729899 0.0507416081187 0.0765027322404 0.016393442623 0.015612802498 0.0109289617486 0.0117096018735 0.0405932864949 0.0210772833724 0.000780640124902 0.0210772833724 0.284933645589 0.0296643247463 0.0390320062451 0.0281030444965 0.0257611241218 0.016393442623 0.00234192037471 0.024199843872 0.109289617486
49 0.0257611241218 0.108508977361 0.0117096018735 0.0140515222482 0.166276346604 0.0710382513661 0.0257611241218 0.0210772833724 0.015612802498 0.110070257611 0.0171740827479 0.00624512099922 0.00390320062451 0.0171740827479 0.0226385636222 0.00936768149883 0.00390320062451 0.016393442623 0.0710382513661 0.165495706479 0.0967993754879
50 0.24355971897 0.0 0.00390320062451 0.00858704137393 0.0140515222482 0.494925839188 0.00234192037471 0.00468384074941 0.00546448087432 0.00546448087432 0.0015612802498 0.00780640124902 0.00780640124902 0.00858704137393 0.0101483216237 0.0593286494926 0.00936768149883 0.00468384074941 0.00546448087432 0.0281030444965 0.0741608118657
51 0.0741608118657 0.0 0.0725995316159 0.120218579235 0.0281030444965 0.0195160031226 0.0148321623731 0.0390320062451 0.110070257611 0.0601092896175 0.0171740827479 0.0382513661202 0.0452771272443 0.0850897736144 0.0874316939891 0.032006245121 0.0273224043716 0.0390320062451 0.016393442623 0.016393442623 0.0569867291179
52 0.142857142857 0.0015612802498 0.0374707259953 0.314597970336 0.00312256049961 0.00624512099922 0.00780640124902 0.0210772833724 0.100702576112 0.03981264637 0.0140515222482 0.0195160031226 0.0109289617486 0.107728337237 0.0647931303669 0.0179547228728 0.0179547228728 0.0218579234973 0.00546448087432 0.00468384074941 0.03981264637
53 0.689305230289 0.00780640124902 0.00468384074941 0.00312256049961 0.00312256049961 0.0226385636222 0.000780640124902 0.00780640124902 0.0015612802498 0.00546448087432 0.00312256049961 0.00624512099922 0.00390320062451 0.00390320062451 0.0015612802498 0.166276346604 0.0109289617486 0.015612802498 0.00234192037471 0.0015612802498 0.0382513661202
54 0.0788446526151 0.00234192037471 0.00702576112412 0.015612802498 0.0148321623731 0.0148321623731 0.00858704137393 0.0140515222482 0.246682279469 0.0507416081187 0.00780640124902 0.00702576112412 0.00234192037471 0.0312256049961 0.220140515222 0.0772833723653 0.137392661983 0.00858704137393 0.00702576112412 0.016393442623 0.0312256049961
55 0.135831381733 0.000780640124902 0.138173302108 0.15768930523 0.0202966432475 0.0140515222482 0.0195160031226 0.0132708821233 0.0694769711163 0.0327868852459 0.00858704137393 0.0616705698673 0.000780640124902 0.0975800156128 0.0741608118657 0.0413739266198 0.048399687744 0.0195160031226 0.00468384074941 0.0101483216237 0.0312256049961
56 0.153044496487 0.00472287275566 0.00394223263076 0.0312646370023 0.251405152225 0.00940671350507 0.0375097580016 0.01018735363 0.025800156128 0.0484387197502 0.0133099141296 0.0133099141296 0.00160031225605 0.0226775956284 0.0913739266198 0.0156518345043 0.0234582357533 0.025800156128 0.065612802498 0.130405932865 0.0210772833724
57 0.0968384074941 0.00238095238095 3.90320062451e-05 0.00238095238095 0.0195550351288 0.00238095238095 3.90320062451e-05 0.0187743950039 3.90320062451e-05 0.544925839188 0.0320452771272 0.025800156128 0.000819672131148 0.00238095238095 0.000819672131148 0.0140905542545 0.110889929742 0.105425448868 0.000819672131148 3.90320062451e-05 0.0195160031226
58 0.0851288056206 0.00862607338017 0.017993754879 0.145238095238 0.00394223263076 0.0172131147541 0.0125292740047 0.0312646370023 0.159289617486 0.0312646370023 0.0109679937549 0.025800156128 3.90320062451e-05 0.0726385636222 0.190515222482 0.0734192037471 0.0562451209992 0.0297033567525 0.00160031225605 0.00862607338017 0.0179547228728
59 0.08981264637 0.00238095238095 0.101522248244 0.139773614364 0.00394223263076 0.0406323185012 0.0109679937549 0.00940671350507 0.148360655738 0.0195550351288 0.00394223263076 0.0687353629977 0.00238095238095 0.0765417642467 0.0788836846214 0.115573770492 0.0476580796253 0.0117486338798 0.00238095238095 0.00550351288056 0.0202966432475
60 0.0304839968774 0.00472287275566 0.00316159250585 0.0172131147541 0.0570257611241 0.00316159250585 0.0226775956284 0.0585870413739 0.0585870413739 0.366159250585 0.0531225604996 0.025800156128 0.000819672131148 0.0351678376269 0.0812256049961 0.0109679937549 0.0289227166276 0.0211163153786 0.0250195160031 0.033606557377 0.0624512099922
61 0.0523419203747 0.033606557377 0.00238095238095 0.00238095238095 0.0273614363778 0.000819672131148 0.00160031225605 0.143676814988 0.00394223263076 0.402849336456 0.0203356752537 0.00472287275566 0.00238095238095 0.00472287275566 0.00550351288056 0.00550351288056 0.034387197502 0.17256049961 0.00706479313037 0.00706479313037 0.0647931303669
62 0.0335675253708 0.00936768149883 0.0132708821233 0.0234192037471 0.00390320062451 0.0202966432475 0.00312256049961 0.0140515222482 0.0421545667447 0.0616705698673 0.00858704137393 0.015612802498 0.0749414519906 0.0117096018735 0.0210772833724 0.0327868852459 0.0179547228728 0.0304449648712 0.0015612802498 0.00390320062451 0.556596409055
63 0.0749804839969 0.00160031225605 0.0406323185012 0.0804449648712 0.0234582357533 0.0648321623731 0.0203356752537 0.0437548790008 0.0554644808743 0.131967213115 0.0172131147541 0.0726385636222 0.0375097580016 0.0468774395004 0.0718579234973 0.042193598751 0.0265807962529 0.0484387197502 0.00316159250585 0.0109679937549 0.0850897736144
64 0.0749804839969 0.00316159250585 0.0609289617486 0.0195550351288 0.00316159250585 0.396604215457 0.0195550351288 0.00238095238095 0.0453161592506 0.0187743950039 0.00316159250585 0.0874707259953 0.00784543325527 0.074199843872 0.0562451209992 0.0398516783763 0.0226775956284 0.00706479313037 0.00316159250585 0.00628415300546 0.047619047619
65 0.0390710382514 0.00316159250585 0.0328259172521 0.0492193598751 0.00550351288056 0.0765417642467 0.0234582357533 0.00316159250585 0.24906323185 0.00550351288056 0.00472287275566 0.0289227166276 0.0140905542545 0.0866900858704 0.194418423107 0.0531225604996 0.0507806401249 0.01018735363 0.00316159250585 0.00550351288056 0.0608899297424
66 0.0460967993755 0.00160031225605 0.0851288056206 0.115573770492 0.0133099141296 0.0195550351288 0.0164324746292 0.0226775956284 0.0944964871194 0.0195550351288 0.00706479313037 0.0476580796253 0.0624902419984 0.0609289617486 0.0929352068696 0.0718579234973 0.12650273224 0.0445355191257 0.00784543325527 0.0133099141296 0.0304449648712
67 0.0445355191257 0.0109679937549 0.00784543325527 0.00394223263076 0.0226775956284 0.00472287275566 3.90320062451e-05 0.178024980484 0.00628415300546 0.097619047619 0.00706479313037 0.00238095238095 0.00706479313037 0.00550351288056 0.00394223263076 0.01018735363 0.00940671350507 0.546487119438 0.00550351288056 0.00472287275566 0.0210772833724
68 0.0320452771272 0.00316159250585 0.0445355191257 0.110109289617 0.0328259172521 0.0172131147541 0.017993754879 0.0351678376269 0.0687353629977 0.042193598751 0.0109679937549 0.0203356752537 0.00160031225605 0.0539032006245 0.12650273224 0.0617096018735 0.153825136612 0.0585870413739 0.0281420765027 0.0601483216237 0.0202966432475
69 0.025800156128 0.136651053864 0.000819672131148 0.00160031225605 0.0593676814988 0.00238095238095 3.90320062451e-05 0.181147540984 0.00472287275566 0.295901639344 0.0164324746292 0.00160031225605 0.00316159250585 0.00316159250585 0.00472287275566 0.00394223263076 0.0109679937549 0.204566744731 0.00238095238095 0.0148711943794 0.0257611241218
70 0.033606557377 0.00238095238095 0.0601483216237 0.21081186573 0.0164324746292 0.00940671350507 0.0195550351288 0.0375097580016 0.0749804839969 0.0414129586261 0.00784543325527 0.0226775956284 0.00940671350507 0.0679547228728 0.103864168618 0.0515612802498 0.0843481654957 0.0921545667447 0.00784543325527 0.017993754879 0.0281030444965
71 0.0515612802498 0.0164324746292 0.025800156128 0.0297033567525 0.0968384074941 0.0203356752537 0.00550351288056 0.0882513661202 0.0218969555035 0.0913739266198 0.00862607338017 0.0117486338798 0.065612802498 0.0234582357533 0.0390710382514 0.0492193598751 0.0554644808743 0.112451209992 0.00706479313037 0.0601483216237 0.11943793911
72 0.0390710382514 0.000819672131148 0.233450429352 0.0913739266198 0.0140905542545 0.0429742388759 0.0172131147541 0.0546838407494 0.0250195160031 0.0570257611241 0.00706479313037 0.0250195160031 0.0211163153786 0.0226775956284 0.0320452771272 0.0390710382514 0.0351678376269 0.0710772833724 0.00394223263076 0.0140905542545 0.153005464481
73 0.0132708821233 0.000780640124902 0.024199843872 0.0218579234973 0.00234192037471 0.0265417642467 0.00936768149883 0.00780640124902 0.0343481654957 0.00546448087432 0.0015612802498 0.0132708821233 0.0452771272443 0.0140515222482 0.0171740827479 0.0218579234973 0.0140515222482 0.0109289617486 0.00234192037471 0.00858704137393 0.704918032787
74 0.0437158469945 0.0015612802498 0.032006245121 0.0374707259953 0.00312256049961 0.0694769711163 0.00468384074941 0.0195160031226 0.0273224043716 0.0281030444965 0.0015612802498 0.0304449648712 0.0327868852459 0.0288836846214 0.0366900858704 0.032006245121 0.0335675253708 0.0374707259953 0.00780640124902 0.0109289617486 0.48087431694
75 0.0374707259953 0.000780640124902 0.0655737704918 0.064012490242 0.00312256049961 0.0538641686183 0.0109289617486 0.0195160031226 0.0304449648712 0.0171740827479 0.00702576112412 0.0281030444965 0.0359094457455 0.047619047619 0.0273224043716 0.0359094457455 0.0327868852459 0.0257611241218 0.0015612802498 0.0265417642467 0.428571428571
76 0.0601483216237 0.00316159250585 0.100741608119 0.0765417642467 0.00628415300546 0.186612021858 0.0218969555035 0.0164324746292 0.0765417642467 0.0289227166276 0.01018735363 0.0359484777518 0.0273614363778 0.0359484777518 0.0695160031226 0.0710772833724 0.0445355191257 0.0242388758782 3.90320062451e-05 0.0164324746292 0.0874316939891
77 0.0460967993755 0.00550351288056 0.0234582357533 0.0390710382514 0.033606557377 0.0273614363778 0.0133099141296 0.0437548790008 0.121818891491 0.0414129586261 0.0133099141296 0.0211163153786 0.042193598751 0.0437548790008 0.16787665886 0.0390710382514 0.119476971116 0.0781030444965 0.00550351288056 0.0250195160031 0.0491803278689
78 0.0226775956284 0.00316159250585 0.654215456674 0.0382903981265 0.00394223263076 0.065612802498 0.00160031225605 0.00862607338017 0.0273614363778 0.00940671350507 0.00316159250585 0.0250195160031 0.0156518345043 0.00784543325527 0.0164324746292 0.0242388758782 0.025800156128 0.0109679937549 0.000819672131148 0.00472287275566 0.0304449648712
79 0.0460967993755 0.000819672131148 0.0382903981265 0.0320452771272 0.00784543325527 0.0359484777518 0.0250195160031 0.017993754879 0.194418423107 0.0109679937549 0.00550351288056 0.0351678376269 0.0382903981265 0.0632708821233 0.251405152225 0.0671740827479 0.0382903981265 0.0250195160031 0.00706479313037 0.0226775956284 0.0366900858704
80 0.0218969555035 0.00238095238095 0.0375097580016 0.0226775956284 0.0804449648712 0.0320452771272 0.0250195160031 0.00784543325527 0.0187743950039 0.01018735363 0.00316159250585 0.0484387197502 0.00862607338017 0.0234582357533 0.0195550351288 0.034387197502 0.0234582357533 0.0109679937549 0.0265807962529 0.498087431694 0.0444964871194
81 0.0132708821233 0.00312256049961 0.0999219359875 0.0218579234973 0.0132708821233 0.588602654176 0.0132708821233 0.00234192037471 0.0327868852459 0.00234192037471 0.0015612802498 0.0694769711163 0.0101483216237 0.0265417642467 0.0281030444965 0.0265417642467 0.00936768149883 0.00390320062451 0.000780640124902 0.0015612802498 0.0312256049961
82 0.0218579234973 0.00546448087432 0.0132708821233 0.0187353629977 0.00624512099922 0.0132708821233 0.0101483216237 0.0101483216237 0.0132708821233 0.0140515222482 0.00936768149883 0.0390320062451 0.00936768149883 0.0171740827479 0.686963309914 0.0171740827479 0.0273224043716 0.0187353629977 0.00468384074941 0.00858704137393 0.0351288056206
83 0.0523028883685 0.0132708821233 0.0132708821233 0.0304449648712 0.0546448087432 0.00858704137393 0.016393442623 0.0983606557377 0.024199843872 0.234192037471 0.0226385636222 0.0148321623731 0.03981264637 0.0257611241218 0.0218579234973 0.0335675253708 0.0897736143638 0.107728337237 0.0218579234973 0.0523028883685 0.024199843872
84 0.0124902419984 0.00702576112412 0.00312256049961 0.0124902419984 0.0257611241218 0.0015612802498 0.0101483216237 0.11787665886 0.00468384074941 0.427010148322 0.0171740827479 0.00546448087432 0.0257611241218 0.00702576112412 0.0132708821233 0.0148321623731 0.0226385636222 0.217017954723 0.00624512099922 0.0226385636222 0.0257611241218
85 0.454332552693 0.0499609679938 0.0 0.00312256049961 0.00468384074941 0.246682279469 0.00312256049961 0.00312256049961 0.000780640124902 0.0140515222482 0.00390320062451 0.000780640124902 0.0015612802498 0.00390320062451 0.0515222482436 0.0296643247463 0.0124902419984 0.0835284933646 0.0 0.00468384074941 0.0281030444965
86 0.0304449648712 0.00780640124902 0.0585480093677 0.0655737704918 0.0351288056206 0.00702576112412 0.056206088993 0.0523028883685 0.0335675253708 0.0523028883685 0.00858704137393 0.0288836846214 0.00702576112412 0.0343481654957 0.071818891491 0.0538641686183 0.0874316939891 0.0686963309914 0.0304449648712 0.192037470726 0.0179547228728
87 0.0327868852459 0.134270101483 0.0015612802498 0.00234192037471 0.0140515222482 0.00390320062451 0.0 0.15768930523 0.00234192037471 0.145199063232 0.0179547228728 0.0015612802498 0.00702576112412 0.00234192037471 0.0015612802498 0.00234192037471 0.00624512099922 0.446526151444 0.00234192037471 0.0015612802498 0.016393442623
88 0.0288836846214 0.00390320062451 0.0132708821233 0.0335675253708 0.153005464481 0.00936768149883 0.0218579234973 0.03981264637 0.0296643247463 0.0601092896175 0.015612802498 0.0109289617486 0.00312256049961 0.0179547228728 0.0647931303669 0.0452771272443 0.0624512099922 0.0546448087432 0.103044496487 0.211553473849 0.0171740827479
89 0.0905542544887 0.0273224043716 0.0195160031226 0.0117096018735 0.032006245121 0.0117096018735 0.0351288056206 0.0858704137393 0.0226385636222 0.202966432475 0.0132708821233 0.0226385636222 0.0179547228728 0.0109289617486 0.0538641686183 0.03981264637 0.0585480093677 0.174082747853 0.0015612802498 0.0452771272443 0.0226385636222
90 0.0413739266198 0.000780640124902 0.255269320843 0.0679156908665 0.00468384074941 0.187353629977 0.0101483216237 0.00624512099922 0.0499609679938 0.0124902419984 0.00234192037471 0.110070257611 0.0593286494926 0.0288836846214 0.032006245121 0.0515222482436 0.0195160031226 0.0109289617486 0.00390320062451 0.00546448087432 0.03981264637
91 0.0312256049961 0.00468384074941 0.106167056987 0.056206088993 0.00546448087432 0.410616705699 0.00624512099922 0.0015612802498 0.0710382513661 0.00780640124902 0.00312256049961 0.0725995316159 0.0117096018735 0.0218579234973 0.0437158469945 0.0366900858704 0.0234192037471 0.0101483216237 0.00468384074941 0.00780640124902 0.0632318501171
92 0.0406323185012 3.90320062451e-05 0.0289227166276 0.0718579234973 0.00550351288056 0.0632708821233 0.0125292740047 0.0570257611241 0.106986729118 0.066393442623 0.0156518345043 0.0250195160031 0.0140905542545 0.0702966432475 0.12806401249 0.0195550351288 0.106986729118 0.0913739266198 0.00394223263076 0.0164324746292 0.0554254488681
93 0.00624512099922 0.0249804839969 0.307572209212 0.0273224043716 0.03981264637 0.00312256049961 0.00936768149883 0.0101483216237 0.00234192037471 0.102263856362 0.0390320062451 0.174082747853 0.0234192037471 0.00624512099922 0.0117096018735 0.113973458236 0.0273224043716 0.0148321623731 0.0179547228728 0.0132708821233 0.0249804839969
94 0.0359094457455 0.00312256049961 0.00702576112412 0.000780640124902 0.0507416081187 0.0 0.0015612802498 0.216237314598 0.000780640124902 0.32162373146 0.00858704137393 0.0 0.00390320062451 0.00234192037471 0.0 0.00312256049961 0.00468384074941 0.271662763466 0.00780640124902 0.0421545667447 0.0179547228728
95 0.152224824356 0.00702576112412 0.0109289617486 0.015612802498 0.0 0.170179547229 0.00234192037471 0.00234192037471 0.0015612802498 0.0015612802498 0.000780640124902 0.395784543326 0.00234192037471 0.0827478532397 0.00468384074941 0.113973458236 0.0132708821233 0.00234192037471 0.0 0.000780640124902 0.0195160031226
96 0.151444184231 0.0109289617486 0.0382513661202 0.222482435597 0.0117096018735 0.0226385636222 0.0148321623731 0.024199843872 0.0499609679938 0.135831381733 0.0101483216237 0.0117096018735 0.00312256049961 0.0601092896175 0.071818891491 0.0382513661202 0.032006245121 0.048399687744 0.000780640124902 0.0202966432475 0.0210772833724
97 0.117096018735 0.0015612802498 0.0359094457455 0.231850117096 0.0210772833724 0.0117096018735 0.0257611241218 0.032006245121 0.0468384074941 0.0944574551132 0.0343481654957 0.00702576112412 0.00234192037471 0.0757220921155 0.047619047619 0.0281030444965 0.0515222482436 0.0421545667447 0.0429352068696 0.0288836846214 0.0210772833724
98 0.0218579234973 0.000780640124902 0.000780640124902 0.00390320062451 0.0015612802498 0.00234192037471 0.000780640124902 0.0569867291179 0.000780640124902 0.540202966432 0.248243559719 0.0 0.000780640124902 0.0452771272443 0.000780640124902 0.00702576112412 0.00468384074941 0.03981264637 0.0 0.000780640124902 0.0226385636222
99 0.0335675253708 0.00468384074941 0.0 0.000780640124902 0.0015612802498 0.000780640124902 0.0 0.181889149102 0.00234192037471 0.301327088212 0.0109289617486 0.000780640124902 0.0 0.00312256049961 0.00468384074941 0.00390320062451 0.0101483216237 0.416081186573 0.0 0.000780640124902 0.0226385636222
100 0.117096018735 0.0015612802498 0.0257611241218 0.188914910226 0.00390320062451 0.024199843872 0.00312256049961 0.00390320062451 0.143637782982 0.0234192037471 0.00936768149883 0.0187353629977 0.0 0.0601092896175 0.223263075722 0.0889929742389 0.0195160031226 0.0117096018735 0.00234192037471 0.00468384074941 0.0257611241218
101 0.144418423107 0.0015612802498 0.0491803278689 0.181889149102 0.00546448087432 0.0304449648712 0.0148321623731 0.00468384074941 0.0694769711163 0.0468384074941 0.0101483216237 0.110850897736 0.0 0.0905542544887 0.0772833723653 0.0905542544887 0.0265417642467 0.00936768149883 0.0015612802498 0.00624512099922 0.0281030444965
102 0.00624512099922 0.0015612802498 0.00858704137393 0.00390320062451 0.0 0.914129586261 0.0 0.0 0.00936768149883 0.000780640124902 0.0 0.00858704137393 0.00234192037471 0.00234192037471 0.00546448087432 0.00546448087432 0.000780640124902 0.000780640124902 0.000780640124902 0.0 0.0288836846214
103 0.0452771272443 0.00624512099922 0.00312256049961 0.00702576112412 0.0804059328649 0.00546448087432 0.0577673692428 0.0117096018735 0.00702576112412 0.36299765808 0.0523028883685 0.0132708821233 0.0 0.0148321623731 0.00624512099922 0.00702576112412 0.00468384074941 0.015612802498 0.088212334114 0.178766588603 0.032006245121
104 0.750975800156 0.00858704137393 0.000780640124902 0.000780640124902 0.000780640124902 0.0835284933646 0.0015612802498 0.000780640124902 0.00234192037471 0.00546448087432 0.00312256049961 0.0 0.0015612802498 0.0 0.0015612802498 0.0257611241218 0.0132708821233 0.064012490242 0.0 0.00234192037471 0.0327868852459
105 0.0265417642467 0.00858704137393 0.00858704137393 0.0554254488681 0.0366900858704 0.00624512099922 0.0132708821233 0.0444964871194 0.0811865729899 0.0538641686183 0.0148321623731 0.0109289617486 0.00858704137393 0.032006245121 0.177985948478 0.0234192037471 0.0437158469945 0.0921155347385 0.0819672131148 0.0343481654957 0.145199063232
106 0.107728337237 0.016393442623 0.0109289617486 0.0171740827479 0.0335675253708 0.00234192037471 0.0124902419984 0.0437158469945 0.00624512099922 0.0632318501171 0.00936768149883 0.00624512099922 0.0757220921155 0.00312256049961 0.0140515222482 0.0148321623731 0.0288836846214 0.223263075722 0.0187353629977 0.0382513661202 0.253708040593
107 0.103044496487 0.00702576112412 0.047619047619 0.0210772833724 0.0312256049961 0.0132708821233 0.0304449648712 0.0195160031226 0.0273224043716 0.0382513661202 0.00702576112412 0.0382513661202 0.00780640124902 0.0179547228728 0.0390320062451 0.0429352068696 0.0288836846214 0.0460577673692 0.00546448087432 0.103044496487 0.324746291959
108 0.0273224043716 0.00234192037471 0.0335675253708 0.0312256049961 0.0421545667447 0.0195160031226 0.00624512099922 0.0140515222482 0.0195160031226 0.0171740827479 0.00546448087432 0.0179547228728 0.0366900858704 0.0148321623731 0.0538641686183 0.0234192037471 0.0304449648712 0.015612802498 0.0429352068696 0.128024980484 0.417642466823
109 0.0608899297424 0.000780640124902 0.0577673692428 0.0382513661202 0.0249804839969 0.0288836846214 0.0359094457455 0.0608899297424 0.048399687744 0.0257611241218 0.00780640124902 0.015612802498 0.0671350507416 0.0210772833724 0.0507416081187 0.0429352068696 0.0421545667447 0.07962529274 0.00780640124902 0.0226385636222 0.259953161593
110 0.0413739266198 0.000780640124902 0.0382513661202 0.0366900858704 0.0437158469945 0.0312256049961 0.0218579234973 0.0210772833724 0.0281030444965 0.0195160031226 0.00702576112412 0.0148321623731 0.0171740827479 0.0171740827479 0.0343481654957 0.0569867291179 0.0179547228728 0.0234192037471 0.0327868852459 0.210772833724 0.284933645589
111 0.056206088993 0.00858704137393 0.0460577673692 0.0437158469945 0.016393442623 0.0624512099922 0.0132708821233 0.0179547228728 0.0359094457455 0.0304449648712 0.00546448087432 0.0288836846214 0.0952380952381 0.0273224043716 0.0530835284934 0.0788446526151 0.0523028883685 0.0210772833724 0.000780640124902 0.0210772833724 0.284933645589
112 0.0437158469945 0.0101483216237 0.0546448087432 0.0296643247463 0.0132708821233 0.0554254488681 0.0148321623731 0.0117096018735 0.0569867291179 0.03981264637 0.00624512099922 0.0327868852459 0.127244340359 0.0429352068696 0.0421545667447 0.0523028883685 0.0343481654957 0.0148321623731 0.0015612802498 0.0210772833724 0.294301327088
113 0.0374707259953 0.00234192037471 0.07962529274 0.0515222482436 0.0132708821233 0.0452771272443 0.0210772833724 0.00390320062451 0.047619047619 0.0148321623731 0.00546448087432 0.126463700234 0.0429352068696 0.0210772833724 0.0429352068696 0.0507416081187 0.0171740827479 0.00624512099922 0.00468384074941 0.0335675253708 0.331772053084
114 0.03981264637 0.0124902419984 0.0491803278689 0.0234192037471 0.032006245121 0.024199843872 0.016393442623 0.016393442623 0.0335675253708 0.0585480093677 0.0109289617486 0.0304449648712 0.0359094457455 0.0249804839969 0.0210772833724 0.0593286494926 0.064012490242 0.0366900858704 0.00234192037471 0.0366900858704 0.371584699454
115 0.0671350507416 0.00468384074941 0.0554254488681 0.0491803278689 0.00702576112412 0.0296643247463 0.0124902419984 0.00780640124902 0.110070257611 0.0249804839969 0.00624512099922 0.0234192037471 0.064012490242 0.0249804839969 0.0554254488681 0.0655737704918 0.0444964871194 0.0171740827479 0.00234192037471 0.00780640124902 0.32006245121
116 0.0218579234973 0.0281030444965 0.0374707259953 0.0296643247463 0.0468384074941 0.0257611241218 0.0288836846214 0.0226385636222 0.0296643247463 0.0507416081187 0.0101483216237 0.0218579234973 0.0171740827479 0.0210772833724 0.0499609679938 0.0273224043716 0.0179547228728 0.0179547228728 0.00858704137393 0.209211553474 0.27712724434
117 0.0850897736144 0.0226385636222 0.03981264637 0.0288836846214 0.0226385636222 0.0359094457455 0.0234192037471 0.0281030444965 0.0366900858704 0.0733801717408 0.0171740827479 0.0132708821233 0.015612802498 0.0405932864949 0.0765027322404 0.0585480093677 0.0312256049961 0.0281030444965 0.0117096018735 0.0515222482436 0.259172521468
118 0.0827478532397 0.00312256049961 0.106947697112 0.0991412958626 0.00546448087432 0.0577673692428 0.0117096018735 0.00390320062451 0.0632318501171 0.0187353629977 0.00468384074941 0.0460577673692 0.0507416081187 0.0499609679938 0.0429352068696 0.056206088993 0.0343481654957 0.015612802498 0.00312256049961 0.00624512099922 0.23731459797
119 0.101483216237 0.0140515222482 0.0585480093677 0.126463700234 0.00780640124902 0.024199843872 0.0171740827479 0.0210772833724 0.064012490242 0.0468384074941 0.0109289617486 0.0187353629977 0.024199843872 0.0593286494926 0.0952380952381 0.0366900858704 0.0265417642467 0.0234192037471 0.00546448087432 0.0218579234973 0.195940671351
