POS A C D E F G H I K L M N P Q R S T V W Y -
1 0.0 0.0 0.00392772977219 0.000785545954438 0.0 0.0 0.0 0.0 0.0102120974077 0.0 0.0 0.000785545954438 0.0 0.0 0.000785545954438 0.00157109190888 0.000785545954438 0.0 0.0 0.0 0.981146897093
2 0.00082482325216 3.92772977219e-05 0.00082482325216 0.00632364493323 0.0016103692066 0.0432443047918 3.92772977219e-05 0.00082482325216 0.00946582875098 0.00553809897879 0.0016103692066 0.00946582875098 3.92772977219e-05 0.0016103692066 0.0016103692066 0.0102513747054 0.00710919088767 0.00082482325216 3.92772977219e-05 0.00082482325216 0.897879025923
3 0.0165357423409 3.92772977219e-05 0.0102513747054 0.0267478397486 0.00396700706991 0.0102513747054 0.00475255302435 0.00710919088767 0.0510997643362 0.00632364493323 0.00082482325216 0.0204634721131 0.00396700706991 0.0126080125687 0.0133935585232 0.0126080125687 0.0181068342498 0.0173212882954 0.0016103692066 0.00082482325216 0.761194029851
4 0.0322466614297 0.00239591516104 0.0149646504321 0.0267478397486 0.0133935585232 0.0133935585232 0.00396700706991 0.0141791044776 0.034603299293 0.0298900235664 0.00239591516104 0.0149646504321 0.0298900235664 0.0149646504321 0.0267478397486 0.0353888452474 0.0385310290652 0.0236056559309 0.0102513747054 0.00868028279654 0.60879811469
5 0.0322859387274 0.000864100549882 0.00793401413983 0.0448546739984 0.0574234092694 0.0236449332286 0.00243519245876 0.0707776904949 0.0228593872742 0.0582089552239 0.0102906520031 0.00793401413983 0.0142183817753 0.018931657502 0.0157894736842 0.0165750196386 0.0283582089552 0.0550667714061 0.0150039277298 0.0511390416339 0.445404556167
6 0.0361743912019 0.00318146111548 0.0338177533386 0.072309505106 0.00946582875098 0.0126080125687 0.0149646504321 0.0243912018853 0.0715239591516 0.0361743912019 0.00082482325216 0.0275333857031 0.054241948154 0.0377454831108 0.0479575805185 0.0518853102907 0.0864493322859 0.022034564022 0.00475255302435 0.00789473684211 0.344069128044
7 0.214493322859 0.0377454831108 0.0102513747054 0.00710919088767 0.0141791044776 0.178358208955 0.00632364493323 0.0188923802042 0.00553809897879 0.0165357423409 0.00868028279654 0.00396700706991 0.00475255302435 0.00239591516104 0.00475255302435 0.0102513747054 0.0196779261587 0.110015710919 0.00632364493323 0.0298900235664 0.289866457188
8 0.019638648861 0.0 0.0133542812255 0.0589159465829 0.0149253731343 0.0455616653574 0.0117831893166 0.057344854674 0.110761979576 0.0345640219953 0.00549882168107 0.00392772977219 0.0141398271799 0.037706205813 0.106048703849 0.0227808326787 0.130400628437 0.0777690494894 0.00235663786332 0.0157109190888 0.216810683425
9 0.032207384132 0.0102120974077 0.0117831893166 0.00549882168107 0.0180675569521 0.0102120974077 0.00392772977219 0.101335428123 0.00628436763551 0.0597014925373 0.00785545954438 0.00785545954438 0.0243519245876 0.00785545954438 0.0164964650432 0.0157109190888 0.0109976433621 0.480754124116 0.00235663786332 0.00628436763551 0.160251374705
10 0.0864100549882 0.00314218381775 0.0290652003142 0.0966221523959 0.00864100549882 0.0164964650432 0.0102120974077 0.076983503535 0.0494893951296 0.0722702278083 0.00392772977219 0.019638648861 0.019638648861 0.0141398271799 0.0227808326787 0.0353495679497 0.114689709348 0.169677926159 0.00471327572663 0.0141398271799 0.131971720346
11 0.0620581304006 0.0172820109976 0.0219952867243 0.0659858601728 0.0235663786332 0.0314218381775 0.0392772977219 0.00628436763551 0.114689709348 0.0117831893166 0.00392772977219 0.0219952867243 0.00157109190888 0.0510604870385 0.186174391202 0.109190887667 0.0259230164965 0.0109976433621 0.00864100549882 0.0644147682639 0.121759622938
12 0.0463472113119 0.0149253731343 0.00392772977219 0.00157109190888 0.0109976433621 0.00392772977219 0.00471327572663 0.153181461115 0.00157109190888 0.00785545954438 0.00706991358995 0.00314218381775 0.00157109190888 0.00235663786332 0.00314218381775 0.00471327572663 0.0172820109976 0.582875098193 0.00864100549882 0.00942655145326 0.110761979576
13 0.0345640219953 0.00157109190888 0.0164964650432 0.0149253731343 0.0227808326787 0.0204241948154 0.032207384132 0.208955223881 0.019638648861 0.0974076983504 0.00392772977219 0.0102120974077 0.0204241948154 0.0102120974077 0.0314218381775 0.0518460329929 0.0557737627651 0.194815396701 0.00392772977219 0.0471327572663 0.101335428123
14 0.0133542812255 0.0 0.688923802042 0.0180675569521 0.000785545954438 0.0109976433621 0.00235663786332 0.0 0.00628436763551 0.00314218381775 0.0 0.0235663786332 0.00471327572663 0.00706991358995 0.00785545954438 0.102120974077 0.0141398271799 0.0 0.0 0.000785545954438 0.0958366064415
15 0.0683424980361 0.000785545954438 0.012568735271 0.00549882168107 0.00235663786332 0.750196386489 0.00235663786332 0.00157109190888 0.00314218381775 0.000785545954438 0.0 0.00314218381775 0.019638648861 0.00235663786332 0.00392772977219 0.0157109190888 0.00706991358995 0.00392772977219 0.000785545954438 0.00157109190888 0.0942655145326
16 0.0172820109976 0.00549882168107 0.679497250589 0.0149253731343 0.00157109190888 0.0400628436764 0.00785545954438 0.00157109190888 0.00235663786332 0.00628436763551 0.00235663786332 0.0384917517675 0.0 0.012568735271 0.0109976433621 0.0455616653574 0.0149253731343 0.00549882168107 0.0 0.0 0.0926944226237
17 0.0172820109976 0.00471327572663 0.00706991358995 0.00864100549882 0.00157109190888 0.0109976433621 0.00392772977219 0.0102120974077 0.0109976433621 0.0133542812255 0.00628436763551 0.0133542812255 0.0 0.0133542812255 0.0518460329929 0.0997643362137 0.617439120189 0.0149253731343 0.0 0.00314218381775 0.0911233307148
18 0.0274941084053 0.00706991358995 0.0 0.0 0.171249018068 0.00314218381775 0.0 0.241948153967 0.000785545954438 0.238020424195 0.019638648861 0.0 0.0109976433621 0.000785545954438 0.0 0.00235663786332 0.00942655145326 0.150039277298 0.00628436763551 0.0180675569521 0.0926944226237
19 0.0243519245876 0.00235663786332 0.057344854674 0.0958366064415 0.00706991358995 0.00628436763551 0.0227808326787 0.0659858601728 0.105263157895 0.0439905734485 0.00942655145326 0.0117831893166 0.000785545954438 0.025137470542 0.156323644933 0.0290652003142 0.0903377847604 0.109190887667 0.0212097407698 0.0227808326787 0.0926944226237
20 0.0589159465829 0.0314218381775 0.00864100549882 0.00314218381775 0.0581304006284 0.00549882168107 0.00157109190888 0.15396700707 0.00157109190888 0.187745483111 0.0164964650432 0.00235663786332 0.00157109190888 0.000785545954438 0.00314218381775 0.00942655145326 0.025137470542 0.306362922231 0.00314218381775 0.0117831893166 0.109190887667
21 0.0510604870385 0.00471327572663 0.0628436763551 0.0659858601728 0.0212097407698 0.057344854674 0.0180675569521 0.0384917517675 0.0816967792616 0.0746268656716 0.0133542812255 0.0392772977219 0.00392772977219 0.032207384132 0.0981932443048 0.0589159465829 0.057344854674 0.0408483896308 0.00628436763551 0.0329929300864 0.140612725844
22 0.0361351139042 0.0188531029065 0.0801256873527 0.025137470542 0.0212097407698 0.0557737627651 0.0188531029065 0.0871956009427 0.0243519245876 0.0864100549882 0.0149253731343 0.0337784760408 0.0219952867243 0.0109976433621 0.032207384132 0.0487038491752 0.0479183032207 0.0675569520817 0.00549882168107 0.0212097407698 0.241162608013
23 0.032207384132 0.00235663786332 0.100549882168 0.0353495679497 0.00706991358995 0.0675569520817 0.0141398271799 0.012568735271 0.037706205813 0.0219952867243 0.0 0.069913589945 0.0887666928515 0.0235663786332 0.0172820109976 0.0479183032207 0.025137470542 0.0133542812255 0.00157109190888 0.00864100549882 0.372348782404
24 0.0172820109976 0.00314218381775 0.057344854674 0.0424194815397 0.00392772977219 0.249018067557 0.0117831893166 0.00706991358995 0.0502749410841 0.00942655145326 0.000785545954438 0.0549882168107 0.0361351139042 0.0188531029065 0.0235663786332 0.0298507462687 0.0204241948154 0.012568735271 0.00157109190888 0.00157109190888 0.347996857816
25 0.037706205813 0.0109976433621 0.0392772977219 0.0659858601728 0.00864100549882 0.0518460329929 0.0164964650432 0.0141398271799 0.0958366064415 0.0274941084053 0.00706991358995 0.0439905734485 0.0172820109976 0.0667714061273 0.0565593087196 0.0361351139042 0.0432050274941 0.032207384132 0.000785545954438 0.00785545954438 0.319717203456
26 0.0282796543598 0.0 0.0306362922231 0.0785545954438 0.0109976433621 0.127258444619 0.0109976433621 0.0345640219953 0.0761979575805 0.0400628436764 0.00864100549882 0.0314218381775 0.0306362922231 0.0392772977219 0.0597014925373 0.0463472113119 0.0714846818539 0.0463472113119 0.00471327572663 0.00864100549882 0.215239591516
27 0.0274941084053 0.00235663786332 0.0164964650432 0.106834249804 0.0337784760408 0.0188531029065 0.0188531029065 0.107619795758 0.0557737627651 0.0691280439906 0.0141398271799 0.00942655145326 0.00628436763551 0.0738413197172 0.0840534171249 0.0164964650432 0.0801256873527 0.116260801257 0.00628436763551 0.0400628436764 0.0958366064415
28 0.0243519245876 0.00157109190888 0.0149253731343 0.0337784760408 0.0102120974077 0.00864100549882 0.0243519245876 0.0235663786332 0.16810683425 0.0259230164965 0.00628436763551 0.0361351139042 0.0361351139042 0.025137470542 0.219167321288 0.0659858601728 0.149253731343 0.037706205813 0.00157109190888 0.0117831893166 0.0754124116261
29 0.025137470542 0.00549882168107 0.0 0.00235663786332 0.0542026708562 0.00549882168107 0.00157109190888 0.254516889238 0.0 0.115475255302 0.0172820109976 0.000785545954438 0.0 0.0 0.000785545954438 0.00628436763551 0.00706991358995 0.420267085625 0.00157109190888 0.0298507462687 0.0518460329929
30 0.0172820109976 0.00471327572663 0.00706991358995 0.00942655145326 0.00471327572663 0.00942655145326 0.0212097407698 0.0133542812255 0.0188531029065 0.0188531029065 0.00471327572663 0.0102120974077 0.00235663786332 0.032207384132 0.697564807541 0.0274941084053 0.0157109190888 0.025137470542 0.000785545954438 0.00706991358995 0.0518460329929
31 0.00864100549882 0.00314218381775 0.000785545954438 0.000785545954438 0.0738413197172 0.000785545954438 0.00157109190888 0.0911233307148 0.00235663786332 0.637863315004 0.0306362922231 0.00314218381775 0.00864100549882 0.0 0.0 0.00235663786332 0.00235663786332 0.0534171249018 0.0 0.0314218381775 0.0471327572663
32 0.231736056559 0.0109976433621 0.0133542812255 0.0243519245876 0.044776119403 0.0149253731343 0.0188531029065 0.100549882168 0.0102120974077 0.166535742341 0.0109976433621 0.0204241948154 0.00549882168107 0.0219952867243 0.0306362922231 0.0675569520817 0.0180675569521 0.0479183032207 0.0141398271799 0.0809112333071 0.0455616653574
33 0.0337784760408 0.0345640219953 0.0565593087196 0.0235663786332 0.0157109190888 0.611940298507 0.0133542812255 0.00235663786332 0.00392772977219 0.0329929300864 0.00785545954438 0.0471327572663 0.000785545954438 0.00235663786332 0.00549882168107 0.0345640219953 0.00314218381775 0.00235663786332 0.00392772977219 0.0188531029065 0.044776119403
34 0.0149253731343 0.00942655145326 0.000785545954438 0.0 0.0164964650432 0.000785545954438 0.00157109190888 0.529457973291 0.0 0.0738413197172 0.0188531029065 0.0 0.00235663786332 0.0 0.0 0.00314218381775 0.0102120974077 0.261586802828 0.0 0.012568735271 0.0439905734485
35 0.0337784760408 0.000785545954438 0.568735271013 0.0510604870385 0.00235663786332 0.00392772977219 0.00471327572663 0.012568735271 0.0306362922231 0.00785545954438 0.00392772977219 0.0785545954438 0.00157109190888 0.0400628436764 0.0526315789474 0.019638648861 0.0164964650432 0.0133542812255 0.00392772977219 0.00628436763551 0.0471327572663
36 0.424194815397 0.0652003142184 0.0 0.00471327572663 0.00628436763551 0.00785545954438 0.000785545954438 0.0157109190888 0.00314218381775 0.0227808326787 0.00314218381775 0.00471327572663 0.0157109190888 0.00235663786332 0.00549882168107 0.0604870384918 0.273369992145 0.0345640219953 0.00157109190888 0.00314218381775 0.044776119403
37 0.0298507462687 0.0117831893166 0.0102120974077 0.00785545954438 0.00864100549882 0.00314218381775 0.00235663786332 0.00706991358995 0.00471327572663 0.0235663786332 0.00549882168107 0.0117831893166 0.76983503535 0.00314218381775 0.00942655145326 0.0133542812255 0.0149253731343 0.0149253731343 0.00157109190888 0.000785545954438 0.0455616653574
38 0.0345640219953 0.0 0.0487038491752 0.628436763551 0.00235663786332 0.0204241948154 0.00314218381775 0.00471327572663 0.025137470542 0.012568735271 0.00314218381775 0.012568735271 0.0306362922231 0.0259230164965 0.0487038491752 0.0259230164965 0.0133542812255 0.00549882168107 0.000785545954438 0.00157109190888 0.0518460329929
39 0.0329929300864 0.00314218381775 0.0117831893166 0.0227808326787 0.0172820109976 0.025137470542 0.00314218381775 0.0887666928515 0.0659858601728 0.152395915161 0.044776119403 0.0149253731343 0.0471327572663 0.0133542812255 0.0652003142184 0.0832678711705 0.128829536528 0.0581304006284 0.00706991358995 0.0157109190888 0.0981932443048
40 0.0746268656716 0.00628436763551 0.0722702278083 0.0369206598586 0.0157109190888 0.142183817753 0.037706205813 0.00549882168107 0.0871956009427 0.0109976433621 0.00157109190888 0.0471327572663 0.0337784760408 0.0188531029065 0.0659858601728 0.0644147682639 0.0439905734485 0.0416339355852 0.00314218381775 0.0243519245876 0.165750196386
41 0.0353495679497 0.0 0.0353495679497 0.0392772977219 0.0172820109976 0.0518460329929 0.0581304006284 0.00628436763551 0.0652003142184 0.0141398271799 0.00942655145326 0.0212097407698 0.0204241948154 0.109976433621 0.0785545954438 0.0416339355852 0.0329929300864 0.0141398271799 0.00314218381775 0.0227808326787 0.322859387274
42 0.044776119403 0.00549882168107 0.0353495679497 0.0392772977219 0.0164964650432 0.0597014925373 0.0102120974077 0.0109976433621 0.0439905734485 0.0180675569521 0.00549882168107 0.0298507462687 0.105263157895 0.0204241948154 0.0542026708562 0.0510604870385 0.0549882168107 0.0204241948154 0.00157109190888 0.00864100549882 0.363707776905
43 0.0471327572663 0.0730557737628 0.0518460329929 0.0306362922231 0.00314218381775 0.0809112333071 0.00549882168107 0.00706991358995 0.0463472113119 0.0109976433621 0.00235663786332 0.0518460329929 0.0149253731343 0.019638648861 0.0526315789474 0.0424194815397 0.0227808326787 0.0102120974077 0.00157109190888 0.00706991358995 0.417910447761
44 0.0274941084053 0.0463472113119 0.025137470542 0.0353495679497 0.00785545954438 0.0801256873527 0.012568735271 0.0133542812255 0.0761979575805 0.0227808326787 0.0102120974077 0.0290652003142 0.025137470542 0.0235663786332 0.0416339355852 0.0298507462687 0.0345640219953 0.0172820109976 0.00235663786332 0.00864100549882 0.430479183032
45 0.0400628436764 0.0180675569521 0.0400628436764 0.0518460329929 0.00706991358995 0.0369206598586 0.00471327572663 0.0141398271799 0.0557737627651 0.0204241948154 0.00471327572663 0.0188531029065 0.106834249804 0.0369206598586 0.044776119403 0.0400628436764 0.0188531029065 0.0259230164965 0.000785545954438 0.0117831893166 0.401413982718
46 0.0793401413983 0.00157109190888 0.0589159465829 0.0879811468971 0.00392772977219 0.069913589945 0.012568735271 0.025137470542 0.0329929300864 0.0306362922231 0.00628436763551 0.0219952867243 0.0416339355852 0.0361351139042 0.0259230164965 0.0518460329929 0.0259230164965 0.0675569520817 0.00235663786332 0.00864100549882 0.308719560094
47 0.0235663786332 0.00235663786332 0.0361351139042 0.222309505106 0.0109976433621 0.0259230164965 0.00864100549882 0.0149253731343 0.0306362922231 0.0212097407698 0.012568735271 0.0133542812255 0.0149253731343 0.210526315789 0.037706205813 0.0204241948154 0.0267085624509 0.0133542812255 0.0652003142184 0.0392772977219 0.149253731343
48 0.0997643362137 0.0856245090338 0.0487038491752 0.0738413197172 0.0172820109976 0.0149253731343 0.0102120974077 0.0109976433621 0.0384917517675 0.0212097407698 0.000785545954438 0.0243519245876 0.28672427337 0.032207384132 0.0392772977219 0.0259230164965 0.0219952867243 0.0157109190888 0.00235663786332 0.019638648861 0.109976433621
49 0.0274941084053 0.117046347211 0.0117831893166 0.0164964650432 0.165750196386 0.0714846818539 0.0267085624509 0.019638648861 0.012568735271 0.100549882168 0.0164964650432 0.00471327572663 0.00314218381775 0.0141398271799 0.025137470542 0.012568735271 0.00785545954438 0.0164964650432 0.0706991358995 0.164964650432 0.0942655145326
50 0.24430479183 0.0 0.00392772977219 0.00864100549882 0.0149253731343 0.501963864886 0.00157109190888 0.00314218381775 0.00471327572663 0.00392772977219 0.00235663786332 0.00706991358995 0.00549882168107 0.00706991358995 0.00942655145326 0.057344854674 0.0102120974077 0.00628436763551 0.00549882168107 0.0290652003142 0.0730557737628
51 0.076983503535 0.0 0.0761979575805 0.120188531029 0.0267085624509 0.0149253731343 0.0157109190888 0.0369206598586 0.106834249804 0.0589159465829 0.0204241948154 0.0369206598586 0.0471327572663 0.0848389630793 0.0919088766693 0.025137470542 0.025137470542 0.0424194815397 0.0149253731343 0.019638648861 0.0581304006284
52 0.151610369207 0.00157109190888 0.0424194815397 0.310290652003 0.00392772977219 0.00471327572663 0.0109976433621 0.0180675569521 0.0974076983504 0.0384917517675 0.0133542812255 0.0204241948154 0.0102120974077 0.0974076983504 0.069913589945 0.019638648861 0.0172820109976 0.0243519245876 0.00549882168107 0.00392772977219 0.0384917517675
53 0.689709347997 0.00706991358995 0.00471327572663 0.00314218381775 0.00314218381775 0.0243519245876 0.000785545954438 0.00785545954438 0.00157109190888 0.00549882168107 0.00314218381775 0.00549882168107 0.00157109190888 0.00392772977219 0.00157109190888 0.166535742341 0.0133542812255 0.0157109190888 0.00235663786332 0.00157109190888 0.0369206598586
54 0.0816967792616 0.00235663786332 0.00706991358995 0.0133542812255 0.0141398271799 0.012568735271 0.0117831893166 0.0149253731343 0.249803613511 0.0479183032207 0.00706991358995 0.00785545954438 0.00235663786332 0.032207384132 0.216810683425 0.0785545954438 0.134328358209 0.0102120974077 0.00706991358995 0.0164964650432 0.0314218381775
55 0.142969363708 0.000785545954438 0.130400628437 0.156323644933 0.0172820109976 0.0133542812255 0.0204241948154 0.012568735271 0.0722702278083 0.0345640219953 0.00864100549882 0.0597014925373 0.0 0.101335428123 0.0706991358995 0.0408483896308 0.0549882168107 0.0149253731343 0.00471327572663 0.0109976433621 0.032207384132
56 0.16500392773 0.00475255302435 0.00396700706991 0.0330322073841 0.237274155538 0.00946582875098 0.034603299293 0.00946582875098 0.0291044776119 0.0495286724273 0.0141791044776 0.0118224666143 0.00082482325216 0.0204634721131 0.0903770620581 0.0157501963865 0.022034564022 0.0251767478397 0.0652395915161 0.13672427337 0.0212097407698
57 0.0927336999214 0.0016103692066 3.92772977219e-05 0.0016103692066 0.022034564022 0.0016103692066 0.00082482325216 0.0212490180676 3.92772977219e-05 0.539709347997 0.0330322073841 0.0259622937942 0.00082482325216 0.00396700706991 0.00082482325216 0.0149646504321 0.113157894737 0.103731343284 0.00082482325216 0.00082482325216 0.0204241948154
58 0.0982325216025 0.00868028279654 0.0228201099764 0.146936370778 0.00396700706991 0.0204634721131 0.0126080125687 0.0306755695208 0.159505106049 0.0283189316575 0.00946582875098 0.0291044776119 3.92772977219e-05 0.0675962293794 0.180714846819 0.0652395915161 0.0605263157895 0.0298900235664 0.00082482325216 0.00710919088767 0.0172820109976
59 0.0903770620581 0.00318146111548 0.0911626080126 0.133582089552 0.00553809897879 0.0487431264729 0.00946582875098 0.00710919088767 0.147721916732 0.0181068342498 0.00475255302435 0.0707384131972 0.00396700706991 0.0817360565593 0.0801649646504 0.117871170463 0.0456009426551 0.0102513747054 0.00396700706991 0.00553809897879 0.0204241948154
60 0.0236056559309 0.00475255302435 0.00239591516104 0.0165357423409 0.0573841319717 0.00318146111548 0.0228201099764 0.0589552238806 0.059740769835 0.364532600157 0.0589552238806 0.0275333857031 0.00082482325216 0.0322466614297 0.079379418696 0.0102513747054 0.0283189316575 0.022034564022 0.0283189316575 0.0330322073841 0.0652003142184
61 0.0448153967007 0.034603299293 0.00239591516104 0.00239591516104 0.0283189316575 0.00082482325216 0.00239591516104 0.144579732914 0.00475255302435 0.400667714061 0.0228201099764 0.00318146111548 0.0016103692066 0.00475255302435 0.00553809897879 0.00553809897879 0.0353888452474 0.179929300864 0.00789473684211 0.00710919088767 0.0604870384918
62 0.0353495679497 0.00864100549882 0.0141398271799 0.0235663786332 0.00314218381775 0.0180675569521 0.00314218381775 0.012568735271 0.0369206598586 0.0628436763551 0.00942655145326 0.0164964650432 0.0738413197172 0.012568735271 0.019638648861 0.0306362922231 0.0227808326787 0.0345640219953 0.00235663786332 0.00471327572663 0.554595443833
63 0.0840926944226 0.00082482325216 0.0432443047918 0.079379418696 0.0236056559309 0.0628829536528 0.0204634721131 0.0432443047918 0.0613118617439 0.124941084053 0.0243912018853 0.072309505106 0.0338177533386 0.0456009426551 0.0707384131972 0.0393165750196 0.0267478397486 0.0448153967007 0.00318146111548 0.00789473684211 0.0871956009427
64 0.0778083267871 0.00318146111548 0.059740769835 0.0228201099764 0.00318146111548 0.385742340927 0.0204634721131 0.00396700706991 0.0440298507463 0.0173212882954 0.00318146111548 0.091948153967 0.00868028279654 0.072309505106 0.0613118617439 0.0369599371563 0.0243912018853 0.00632364493323 0.00239591516104 0.00632364493323 0.0479183032207
65 0.0424587588374 0.00318146111548 0.0322466614297 0.047172034564 0.00553809897879 0.0833071484682 0.0228201099764 0.00082482325216 0.252199528672 0.00710919088767 0.00396700706991 0.0291044776119 0.0141791044776 0.0880204241948 0.187784760408 0.054241948154 0.0495286724273 0.00789473684211 0.00239591516104 0.00553809897879 0.0604870384918
66 0.0456009426551 0.0016103692066 0.0911626080126 0.110801256874 0.0110369206599 0.022034564022 0.0157501963865 0.0236056559309 0.099018067557 0.0188923802042 0.00553809897879 0.0573841319717 0.0699528672427 0.0550274941084 0.0888059701493 0.0778083267871 0.121013354281 0.0369599371563 0.00710919088767 0.0126080125687 0.0282796543598
67 0.047172034564 0.0102513747054 0.00710919088767 0.0016103692066 0.022034564022 0.00396700706991 3.92772977219e-05 0.186999214454 0.00632364493323 0.099018067557 0.00475255302435 0.0016103692066 0.00868028279654 0.00710919088767 0.00632364493323 0.00946582875098 0.00868028279654 0.540494893951 0.00632364493323 0.00475255302435 0.0172820109976
68 0.0291044776119 0.0016103692066 0.0401021209741 0.110801256874 0.034603299293 0.0173212882954 0.0188923802042 0.0377454831108 0.0738805970149 0.0448153967007 0.0141791044776 0.0251767478397 0.00396700706991 0.0479575805185 0.123369992145 0.0652395915161 0.146150824823 0.0589552238806 0.0251767478397 0.0628829536528 0.0180675569521
69 0.0243912018853 0.143008641005 0.00082482325216 0.00318146111548 0.0636684996072 0.00710919088767 3.92772977219e-05 0.176787117046 0.00475255302435 0.296975648075 0.0181068342498 0.0016103692066 0.0016103692066 0.00239591516104 0.00396700706991 0.00396700706991 0.00868028279654 0.199567949725 0.00239591516104 0.0133935585232 0.0235663786332
70 0.0377454831108 0.00318146111548 0.0605263157895 0.206637863315 0.0188923802042 0.00789473684211 0.0204634721131 0.041673212883 0.0754516889238 0.0377454831108 0.00632364493323 0.0212490180676 0.00475255302435 0.0762372348782 0.099018067557 0.0479575805185 0.0856637863315 0.0943047918303 0.00946582875098 0.0196779261587 0.025137470542
71 0.0534564021995 0.0141791044776 0.0236056559309 0.0338177533386 0.091948153967 0.0204634721131 0.00553809897879 0.0833071484682 0.0228201099764 0.0966614296936 0.00868028279654 0.0102513747054 0.0699528672427 0.0243912018853 0.0393165750196 0.047172034564 0.0495286724273 0.119442262372 0.00632364493323 0.0573841319717 0.121759622938
72 0.0385310290652 0.00082482325216 0.226276512176 0.0943047918303 0.0133935585232 0.0432443047918 0.0181068342498 0.0487431264729 0.0236056559309 0.0605263157895 0.00632364493323 0.0267478397486 0.0212490180676 0.0228201099764 0.0291044776119 0.0330322073841 0.0385310290652 0.0746661429694 0.00475255302435 0.0157501963865 0.159465828751
73 0.00628436763551 0.00157109190888 0.0259230164965 0.0259230164965 0.00235663786332 0.0235663786332 0.00706991358995 0.00942655145326 0.0345640219953 0.00549882168107 0.00157109190888 0.0109976433621 0.0416339355852 0.0141398271799 0.0212097407698 0.0204241948154 0.0157109190888 0.00942655145326 0.00157109190888 0.00864100549882 0.712490180676
74 0.044776119403 0.00157109190888 0.0306362922231 0.0384917517675 0.00235663786332 0.0746268656716 0.00392772977219 0.019638648861 0.0329929300864 0.0267085624509 0.00157109190888 0.0306362922231 0.0345640219953 0.0337784760408 0.0298507462687 0.0314218381775 0.0329929300864 0.0384917517675 0.00785545954438 0.012568735271 0.470542026709
75 0.0424194815397 0.0 0.0675569520817 0.0589159465829 0.00549882168107 0.0526315789474 0.0109976433621 0.0219952867243 0.0329929300864 0.0157109190888 0.00785545954438 0.0243519245876 0.0361351139042 0.0463472113119 0.0298507462687 0.037706205813 0.0306362922231 0.0282796543598 0.000785545954438 0.0267085624509 0.422623723488
76 0.0644540455617 0.00318146111548 0.104516889238 0.0778083267871 0.00396700706991 0.175216025137 0.0204634721131 0.0149646504321 0.0738805970149 0.0298900235664 0.00868028279654 0.0385310290652 0.0275333857031 0.0361743912019 0.0738805970149 0.072309505106 0.0448153967007 0.0275333857031 3.92772977219e-05 0.0157501963865 0.0864100549882
77 0.0463864886096 0.00553809897879 0.0228201099764 0.0401021209741 0.0330322073841 0.0243912018853 0.0141791044776 0.0456009426551 0.117085624509 0.0401021209741 0.0133935585232 0.0165357423409 0.0401021209741 0.047172034564 0.169717203456 0.0353888452474 0.12258444619 0.079379418696 0.00632364493323 0.0267478397486 0.0534171249018
78 0.0212490180676 0.00475255302435 0.655970149254 0.0338177533386 0.00318146111548 0.0613118617439 0.00239591516104 0.00868028279654 0.0243912018853 0.00868028279654 0.00239591516104 0.0275333857031 0.0204634721131 0.00946582875098 0.0157501963865 0.0259622937942 0.0283189316575 0.0102513747054 0.00082482325216 0.00553809897879 0.0290652003142
79 0.0432443047918 0.00082482325216 0.0377454831108 0.0322466614297 0.0102513747054 0.0338177533386 0.022034564022 0.0149646504321 0.202710133543 0.0126080125687 0.00553809897879 0.034603299293 0.0369599371563 0.072309505106 0.247486252946 0.0636684996072 0.0385310290652 0.0267478397486 0.00868028279654 0.0188923802042 0.0361351139042
80 0.0212490180676 0.00239591516104 0.0377454831108 0.0196779261587 0.079379418696 0.0330322073841 0.0283189316575 0.00710919088767 0.0196779261587 0.0118224666143 0.00396700706991 0.0463864886096 0.0110369206599 0.0259622937942 0.0181068342498 0.0377454831108 0.0228201099764 0.0133935585232 0.0259622937942 0.487077769049 0.0471327572663
81 0.0172820109976 0.00314218381775 0.0919088766693 0.0235663786332 0.0141398271799 0.593087195601 0.0133542812255 0.00157109190888 0.032207384132 0.00314218381775 0.00157109190888 0.0667714061273 0.00942655145326 0.0219952867243 0.0290652003142 0.0290652003142 0.00706991358995 0.00471327572663 0.000785545954438 0.00235663786332 0.0337784760408
82 0.0219952867243 0.00549882168107 0.0149253731343 0.0188531029065 0.00314218381775 0.0117831893166 0.0117831893166 0.00942655145326 0.0164964650432 0.0149253731343 0.00706991358995 0.0369206598586 0.0102120974077 0.0149253731343 0.682639434407 0.0188531029065 0.0267085624509 0.0212097407698 0.00549882168107 0.0102120974077 0.0369206598586
83 0.0597014925373 0.0141398271799 0.012568735271 0.0282796543598 0.0620581304006 0.0102120974077 0.0157109190888 0.100549882168 0.0235663786332 0.23016496465 0.0204241948154 0.0149253731343 0.0384917517675 0.0227808326787 0.0235663786332 0.0361351139042 0.0911233307148 0.100549882168 0.0235663786332 0.0487038491752 0.0227808326787
84 0.012568735271 0.00785545954438 0.00471327572663 0.0133542812255 0.025137470542 0.000785545954438 0.00942655145326 0.113118617439 0.00549882168107 0.41948153967 0.0157109190888 0.00471327572663 0.0274941084053 0.00942655145326 0.0141398271799 0.0188531029065 0.0212097407698 0.225451688924 0.00549882168107 0.0227808326787 0.0227808326787
85 0.445404556167 0.0487038491752 0.0 0.00314218381775 0.00471327572663 0.252160251375 0.00314218381775 0.00392772977219 0.000785545954438 0.0157109190888 0.00471327572663 0.00157109190888 0.00157109190888 0.00392772977219 0.0518460329929 0.0314218381775 0.0109976433621 0.0832678711705 0.00157109190888 0.00471327572663 0.0267085624509
86 0.0298507462687 0.00549882168107 0.057344854674 0.0644147682639 0.0306362922231 0.00549882168107 0.0581304006284 0.0518460329929 0.0361351139042 0.0510604870385 0.00942655145326 0.0282796543598 0.00628436763551 0.0337784760408 0.0754124116261 0.057344854674 0.095051060487 0.0714846818539 0.0329929300864 0.184603299293 0.0149253731343
87 0.0306362922231 0.142183817753 0.00157109190888 0.00235663786332 0.0141398271799 0.00471327572663 0.0 0.150824823252 0.000785545954438 0.148468185389 0.0157109190888 0.00157109190888 0.00706991358995 0.00157109190888 0.00157109190888 0.00235663786332 0.00628436763551 0.450903377848 0.00314218381775 0.00157109190888 0.012568735271
88 0.0329929300864 0.00392772977219 0.0141398271799 0.0329929300864 0.160251374705 0.0102120974077 0.0204241948154 0.0408483896308 0.032207384132 0.0597014925373 0.0133542812255 0.0109976433621 0.00471327572663 0.0188531029065 0.0659858601728 0.0439905734485 0.0589159465829 0.0487038491752 0.103692065986 0.210526315789 0.012568735271
89 0.0958366064415 0.0267085624509 0.0204241948154 0.00785545954438 0.0306362922231 0.0117831893166 0.0337784760408 0.0871956009427 0.0212097407698 0.195600942655 0.0149253731343 0.0274941084053 0.0180675569521 0.0141398271799 0.0526315789474 0.037706205813 0.0581304006284 0.177533385703 0.00235663786332 0.0471327572663 0.0188531029065
90 0.0384917517675 0.000785545954438 0.253731343284 0.0659858601728 0.00392772977219 0.191673212883 0.0102120974077 0.00549882168107 0.0487038491752 0.0157109190888 0.00157109190888 0.10447761194 0.0597014925373 0.0243519245876 0.0408483896308 0.0479183032207 0.0204241948154 0.0133542812255 0.00314218381775 0.00628436763551 0.0432050274941
91 0.0314218381775 0.00471327572663 0.106048703849 0.0612725844462 0.00392772977219 0.41241162608 0.00628436763551 0.00157109190888 0.0691280439906 0.00549882168107 0.00392772977219 0.0730557737628 0.0133542812255 0.0204241948154 0.044776119403 0.0369206598586 0.0267085624509 0.00785545954438 0.00392772977219 0.00785545954438 0.0589159465829
92 0.041673212883 0.00082482325216 0.0291044776119 0.0707384131972 0.00553809897879 0.059740769835 0.0173212882954 0.0550274941084 0.10137470542 0.0746661429694 0.0157501963865 0.0251767478397 0.0149646504321 0.0699528672427 0.121013354281 0.0188923802042 0.105302435192 0.0943047918303 0.00318146111548 0.0181068342498 0.057344854674
93 0.00706991358995 0.0259230164965 0.308719560094 0.0267085624509 0.0424194815397 0.00314218381775 0.00942655145326 0.00942655145326 0.00392772977219 0.10447761194 0.0361351139042 0.179104477612 0.019638648861 0.00549882168107 0.00942655145326 0.114689709348 0.0259230164965 0.0149253731343 0.0188531029065 0.0133542812255 0.0212097407698
94 0.0337784760408 0.00314218381775 0.00706991358995 0.000785545954438 0.0502749410841 0.0 0.000785545954438 0.211311861744 0.000785545954438 0.323644933229 0.00785545954438 0.0 0.00235663786332 0.00235663786332 0.0 0.00314218381775 0.00549882168107 0.283582089552 0.00706991358995 0.0424194815397 0.0141398271799
95 0.162608012569 0.00706991358995 0.0117831893166 0.0172820109976 0.0 0.164179104478 0.00235663786332 0.00314218381775 0.00314218381775 0.00157109190888 0.000785545954438 0.39120188531 0.00314218381775 0.0832678711705 0.00471327572663 0.113904163394 0.0102120974077 0.00235663786332 0.0 0.000785545954438 0.0164964650432
96 0.154752553024 0.0117831893166 0.0424194815397 0.217596229379 0.0117831893166 0.0227808326787 0.0164964650432 0.0259230164965 0.0510604870385 0.139041633936 0.00785545954438 0.012568735271 0.00235663786332 0.0557737627651 0.0652003142184 0.0400628436764 0.0353495679497 0.0424194815397 0.000785545954438 0.0243519245876 0.019638648861
97 0.120974076984 0.000785545954438 0.0369206598586 0.231736056559 0.0219952867243 0.0109976433621 0.0267085624509 0.0353495679497 0.0502749410841 0.0879811468971 0.0290652003142 0.00706991358995 0.00314218381775 0.0785545954438 0.0463472113119 0.0267085624509 0.0471327572663 0.0432050274941 0.0463472113119 0.0298507462687 0.0188531029065
98 0.019638648861 0.000785545954438 0.000785545954438 0.00392772977219 0.00235663786332 0.00235663786332 0.000785545954438 0.0589159465829 0.000785545954438 0.542812254517 0.245875883739 0.0 0.000785545954438 0.0463472113119 0.000785545954438 0.00706991358995 0.00471327572663 0.0400628436764 0.0 0.000785545954438 0.0204241948154
99 0.0369206598586 0.00549882168107 0.0 0.000785545954438 0.00157109190888 0.00157109190888 0.0 0.184603299293 0.00392772977219 0.302435192459 0.0141398271799 0.0 0.0 0.00314218381775 0.00392772977219 0.00314218381775 0.0109976433621 0.406127258445 0.0 0.000785545954438 0.0204241948154
100 0.123330714847 0.00235663786332 0.0267085624509 0.178318931658 0.00235663786332 0.0219952867243 0.00471327572663 0.00549882168107 0.155538098979 0.0227808326787 0.00785545954438 0.019638648861 0.0 0.0565593087196 0.220738413197 0.0879811468971 0.019638648861 0.0133542812255 0.00157109190888 0.00628436763551 0.0227808326787
101 0.142969363708 0.00157109190888 0.0487038491752 0.187745483111 0.00706991358995 0.0290652003142 0.0180675569521 0.00628436763551 0.0675569520817 0.0439905734485 0.00942655145326 0.109190887667 0.0 0.0926944226237 0.0785545954438 0.0903377847604 0.025137470542 0.00864100549882 0.00157109190888 0.00706991358995 0.0243519245876
102 0.00628436763551 0.000785545954438 0.00942655145326 0.00392772977219 0.0 0.919088766693 0.000785545954438 0.0 0.0102120974077 0.000785545954438 0.0 0.00706991358995 0.00314218381775 0.00235663786332 0.00392772977219 0.00471327572663 0.000785545954438 0.000785545954438 0.000785545954438 0.0 0.025137470542
103 0.0392772977219 0.00471327572663 0.00471327572663 0.00706991358995 0.0832678711705 0.00628436763551 0.0542026708562 0.012568735271 0.00628436763551 0.354281225452 0.057344854674 0.012568735271 0.0 0.019638648861 0.00549882168107 0.00942655145326 0.00471327572663 0.012568735271 0.0903377847604 0.186174391202 0.0290652003142
104 0.753338570306 0.00706991358995 0.000785545954438 0.0 0.000785545954438 0.089552238806 0.00157109190888 0.00235663786332 0.00157109190888 0.00628436763551 0.00392772977219 0.0 0.000785545954438 0.0 0.00157109190888 0.0274941084053 0.0141398271799 0.0557737627651 0.0 0.00235663786332 0.0306362922231
105 0.025137470542 0.00785545954438 0.0117831893166 0.0557737627651 0.0353495679497 0.00549882168107 0.0149253731343 0.0408483896308 0.0809112333071 0.0549882168107 0.0180675569521 0.0109976433621 0.00706991358995 0.0306362922231 0.180675569521 0.0219952867243 0.0432050274941 0.089552238806 0.0777690494894 0.0361351139042 0.150824823252
106 0.109190887667 0.012568735271 0.0109976433621 0.0204241948154 0.0290652003142 0.00235663786332 0.0117831893166 0.0432050274941 0.00549882168107 0.0620581304006 0.00785545954438 0.00549882168107 0.0809112333071 0.00235663786332 0.012568735271 0.0149253731343 0.0282796543598 0.223880597015 0.0212097407698 0.0384917517675 0.256873527101
107 0.109190887667 0.00549882168107 0.0416339355852 0.0219952867243 0.032207384132 0.0149253731343 0.0306362922231 0.0157109190888 0.0267085624509 0.0408483896308 0.00864100549882 0.0361351139042 0.0102120974077 0.0172820109976 0.0424194815397 0.0345640219953 0.0337784760408 0.0471327572663 0.00706991358995 0.102906520031 0.320502749411
108 0.0329929300864 0.00235663786332 0.0290652003142 0.0400628436764 0.0416339355852 0.0219952867243 0.00549882168107 0.0172820109976 0.0180675569521 0.019638648861 0.00549882168107 0.0180675569521 0.0534171249018 0.0188531029065 0.0471327572663 0.0212097407698 0.0306362922231 0.019638648861 0.0424194815397 0.128043990573 0.386488609584
109 0.0557737627651 0.0 0.0589159465829 0.0314218381775 0.0259230164965 0.0369206598586 0.032207384132 0.0542026708562 0.044776119403 0.0243519245876 0.00706991358995 0.0164964650432 0.0510604870385 0.0204241948154 0.0581304006284 0.037706205813 0.0471327572663 0.0816967792616 0.00864100549882 0.025137470542 0.282010997643
110 0.0384917517675 0.00235663786332 0.0384917517675 0.0361351139042 0.0479183032207 0.0298507462687 0.0188531029065 0.0243519245876 0.0274941084053 0.0188531029065 0.00628436763551 0.0180675569521 0.0157109190888 0.0212097407698 0.0290652003142 0.0549882168107 0.0149253731343 0.0219952867243 0.0345640219953 0.213668499607 0.28672427337
111 0.057344854674 0.00785545954438 0.0494893951296 0.0424194815397 0.0149253731343 0.0565593087196 0.0188531029065 0.0172820109976 0.032207384132 0.0306362922231 0.00549882168107 0.0290652003142 0.102120974077 0.0306362922231 0.0526315789474 0.0777690494894 0.0463472113119 0.0172820109976 0.000785545954438 0.0212097407698 0.289080911233
112 0.0455616653574 0.0102120974077 0.0534171249018 0.0298507462687 0.0117831893166 0.0549882168107 0.0164964650432 0.0117831893166 0.0565593087196 0.0345640219953 0.00628436763551 0.0314218381775 0.131186174391 0.0455616653574 0.037706205813 0.0581304006284 0.0314218381775 0.0141398271799 0.00235663786332 0.0227808326787 0.29379418696
113 0.0337784760408 0.00235663786332 0.0801256873527 0.0510604870385 0.0188531029065 0.0487038491752 0.0212097407698 0.00628436763551 0.0455616653574 0.012568735271 0.00314218381775 0.12568735271 0.0424194815397 0.0219952867243 0.044776119403 0.0487038491752 0.0204241948154 0.00785545954438 0.00392772977219 0.0314218381775 0.32914375491
114 0.0424194815397 0.0109976433621 0.0526315789474 0.0267085624509 0.0274941084053 0.0227808326787 0.0172820109976 0.0149253731343 0.0329929300864 0.0597014925373 0.00942655145326 0.0290652003142 0.0353495679497 0.0219952867243 0.019638648861 0.0604870384918 0.0620581304006 0.0424194815397 0.00314218381775 0.0384917517675 0.36999214454
115 0.0675569520817 0.00314218381775 0.0557737627651 0.0487038491752 0.00471327572663 0.0337784760408 0.0102120974077 0.00706991358995 0.106834249804 0.0259230164965 0.00785545954438 0.025137470542 0.0636292223095 0.0235663786332 0.0526315789474 0.0730557737628 0.0432050274941 0.0188531029065 0.00157109190888 0.00706991358995 0.319717203456
116 0.0212097407698 0.0274941084053 0.0353495679497 0.0290652003142 0.0494893951296 0.0282796543598 0.0290652003142 0.0212097407698 0.0274941084053 0.0502749410841 0.0102120974077 0.0212097407698 0.0133542812255 0.0219952867243 0.0471327572663 0.0290652003142 0.0157109190888 0.0219952867243 0.00785545954438 0.210526315789 0.282010997643
117 0.0848389630793 0.0212097407698 0.0384917517675 0.0306362922231 0.0235663786332 0.0345640219953 0.0204241948154 0.025137470542 0.0416339355852 0.0738413197172 0.0149253731343 0.0180675569521 0.0141398271799 0.0384917517675 0.0746268656716 0.0557737627651 0.0337784760408 0.0274941084053 0.0102120974077 0.0518460329929 0.266300078555
118 0.082482325216 0.00314218381775 0.100549882168 0.0997643362137 0.00549882168107 0.057344854674 0.0117831893166 0.00314218381775 0.0730557737628 0.0157109190888 0.00471327572663 0.044776119403 0.0479183032207 0.0502749410841 0.0424194815397 0.0589159465829 0.0337784760408 0.0141398271799 0.00314218381775 0.00864100549882 0.238805970149
119 0.105263157895 0.0149253731343 0.0604870384918 0.121759622938 0.00706991358995 0.025137470542 0.0141398271799 0.019638648861 0.0620581304006 0.0502749410841 0.00942655145326 0.0188531029065 0.025137470542 0.0581304006284 0.100549882168 0.0384917517675 0.0235663786332 0.0235663786332 0.00392772977219 0.0219952867243 0.195600942655
