POS A C D E F G H I K L M N P Q R S T V W Y -
1 0.0 0.0 0.00157977883096 0.00710900473934 0.000789889415482 0.0102685624013 0.0 0.000789889415482 0.00157977883096 0.00157977883096 0.0 0.0 0.0 0.0 0.000789889415482 0.00710900473934 0.000789889415482 0.000789889415482 0.0 0.0 0.96682464455
2 0.0086887835703 0.0 0.00710900473934 0.0173775671406 0.0 0.00394944707741 0.00157977883096 0.00236966824645 0.0323854660348 0.00236966824645 0.0 0.0086887835703 0.00473933649289 0.00789889415482 0.0086887835703 0.00552922590837 0.0086887835703 0.00789889415482 0.0 0.0 0.872037914692
3 0.0260663507109 0.00315955766193 0.0134281200632 0.0244865718799 0.0102685624013 0.0134281200632 0.00394944707741 0.0086887835703 0.0244865718799 0.0292259083728 0.00236966824645 0.0102685624013 0.0244865718799 0.0134281200632 0.019747235387 0.0339652448657 0.0418641390205 0.0189573459716 0.00315955766193 0.00789889415482 0.666666666667
4 0.0284755134281 0.00161927330174 0.0110979462875 0.0482227488152 0.0569115323855 0.0229462875197 0.00398894154818 0.0703396524487 0.0189968404423 0.0640205371248 0.00793838862559 0.00714849921011 0.0174170616114 0.0197867298578 0.0229462875197 0.0166271721959 0.033214849921 0.0513823064771 0.013467614534 0.0513823064771 0.432069510269
5 0.034794628752 0.00161927330174 0.0276856240126 0.0711295418641 0.00793838862559 0.00951816745656 0.0158372827804 0.0197867298578 0.0663902053712 0.0371642969984 0.0031990521327 0.0253159557662 0.0537519747235 0.034794628752 0.0458530805687 0.0513823064771 0.0924565560821 0.0221563981043 0.00398894154818 0.00872827804107 0.366508688784
6 0.201461295419 0.0395339652449 0.00714849921011 0.00635860979463 0.0150473933649 0.174605055292 0.0031990521327 0.0197867298578 0.00477883096367 0.0158372827804 0.00793838862559 0.00477883096367 0.00556872037915 0.000829383886256 0.00477883096367 0.00951816745656 0.0197867298578 0.112993680885 0.00556872037915 0.0300552922591 0.310426540284
7 0.0181674565561 0.0 0.0142180094787 0.0529225908373 0.0126382306477 0.0355450236967 0.0118483412322 0.0545023696682 0.105055292259 0.0339652448657 0.00394944707741 0.0086887835703 0.0118483412322 0.0355450236967 0.105845181675 0.0284360189573 0.128751974724 0.0647709320695 0.00157977883096 0.0205371248025 0.251184834123
8 0.0292259083728 0.0102685624013 0.0134281200632 0.00552922590837 0.0157977883096 0.0126382306477 0.00236966824645 0.0947867298578 0.00710900473934 0.0616113744076 0.0102685624013 0.0086887835703 0.0236966824645 0.00710900473934 0.0150078988942 0.0142180094787 0.0110584518167 0.483412322275 0.00236966824645 0.00710900473934 0.16429699842
9 0.0829383886256 0.00236966824645 0.0379146919431 0.0916271721959 0.00631911532385 0.0110584518167 0.00947867298578 0.0750394944708 0.0481832543444 0.0695102685624 0.00394944707741 0.0205371248025 0.0157977883096 0.0157977883096 0.0244865718799 0.0355450236967 0.119273301738 0.168246445498 0.00473933649289 0.0173775671406 0.13981042654
10 0.0584518167457 0.0173775671406 0.0244865718799 0.065560821485 0.0236966824645 0.0315955766193 0.0387045813586 0.00394944707741 0.116903633491 0.0126382306477 0.00394944707741 0.0189573459716 0.00157977883096 0.0489731437599 0.187993680885 0.11532385466 0.0268562401264 0.0110584518167 0.00789889415482 0.0608214849921 0.123222748815
11 0.0466034755134 0.0157977883096 0.00473933649289 0.00236966824645 0.00789889415482 0.00315955766193 0.00789889415482 0.15560821485 0.000789889415482 0.0102685624013 0.00631911532385 0.00236966824645 0.00236966824645 0.00236966824645 0.00236966824645 0.00631911532385 0.0102685624013 0.58214849921 0.0102685624013 0.00789889415482 0.112164296998
12 0.0379146919431 0.00236966824645 0.0173775671406 0.0134281200632 0.0244865718799 0.0221169036335 0.0371248025276 0.199842022117 0.0150078988942 0.103475513428 0.00473933649289 0.0134281200632 0.019747235387 0.0102685624013 0.0331753554502 0.0450236966825 0.0489731437599 0.195102685624 0.00789889415482 0.0473933649289 0.101105845182
13 0.0142180094787 0.0 0.687993680885 0.0181674565561 0.000789889415482 0.0165876777251 0.00236966824645 0.0 0.00394944707741 0.00315955766193 0.0 0.021327014218 0.00473933649289 0.00710900473934 0.00473933649289 0.101895734597 0.0157977883096 0.0 0.0 0.000789889415482 0.0963665086888
14 0.0647709320695 0.000789889415482 0.0110584518167 0.00631911532385 0.00236966824645 0.752764612954 0.00236966824645 0.00157977883096 0.00315955766193 0.0 0.0 0.00236966824645 0.019747235387 0.00236966824645 0.00473933649289 0.0173775671406 0.00789889415482 0.00315955766193 0.000789889415482 0.00236966824645 0.0939968404423
15 0.0157977883096 0.00710900473934 0.676145339652 0.0150078988942 0.00157977883096 0.0394944707741 0.00789889415482 0.00157977883096 0.00315955766193 0.00552922590837 0.000789889415482 0.0371248025276 0.0 0.0126382306477 0.0150078988942 0.0513428120063 0.0110584518167 0.00631911532385 0.0 0.0 0.0924170616114
16 0.019747235387 0.00473933649289 0.00710900473934 0.0086887835703 0.00157977883096 0.0157977883096 0.00394944707741 0.0118483412322 0.00947867298578 0.0126382306477 0.00631911532385 0.0157977883096 0.0 0.0118483412322 0.0450236966825 0.103475513428 0.612954186414 0.0142180094787 0.0 0.00315955766193 0.0916271721959
17 0.0300157977883 0.00789889415482 0.0 0.000789889415482 0.169036334913 0.00315955766193 0.0 0.236176935229 0.000789889415482 0.240126382306 0.021327014218 0.0 0.0157977883096 0.000789889415482 0.0 0.00157977883096 0.00789889415482 0.148499210111 0.00631911532385 0.0165876777251 0.0932069510269
18 0.0221169036335 0.00236966824645 0.0608214849921 0.088467614534 0.00710900473934 0.00789889415482 0.0173775671406 0.0624012638231 0.110584518167 0.0418641390205 0.00789889415482 0.0126382306477 0.000789889415482 0.022906793049 0.163507109005 0.0252764612954 0.0979462875197 0.105845181675 0.0205371248025 0.0284360189573 0.0932069510269
19 0.0631911532385 0.0276461295419 0.00789889415482 0.00315955766193 0.0679304897314 0.00631911532385 0.00157977883096 0.154028436019 0.00157977883096 0.193522906793 0.0157977883096 0.00236966824645 0.00157977883096 0.00157977883096 0.00236966824645 0.0086887835703 0.0205371248025 0.296998420221 0.00552922590837 0.0086887835703 0.109004739336
20 0.0584518167457 0.00710900473934 0.067140600316 0.063981042654 0.0205371248025 0.0568720379147 0.019747235387 0.0323854660348 0.0805687203791 0.0718799368088 0.0134281200632 0.0418641390205 0.00473933649289 0.0284360189573 0.0979462875197 0.0584518167457 0.0608214849921 0.0410742496051 0.00631911532385 0.0371248025276 0.13112164297
21 0.042654028436 0.021327014218 0.0908372827804 0.019747235387 0.019747235387 0.0576619273302 0.0181674565561 0.0837282780411 0.0244865718799 0.0860979462875 0.0150078988942 0.0379146919431 0.0221169036335 0.0134281200632 0.0284360189573 0.0458135860979 0.0489731437599 0.0695102685624 0.00552922590837 0.0221169036335 0.226698262243
22 0.0323854660348 0.00315955766193 0.101105845182 0.0355450236967 0.00631911532385 0.0647709320695 0.0118483412322 0.0150078988942 0.0379146919431 0.0244865718799 0.0 0.0766192733017 0.0813586097946 0.0292259083728 0.0173775671406 0.0450236966825 0.0284360189573 0.0142180094787 0.00157977883096 0.0086887835703 0.364928909953
23 0.0165876777251 0.00394944707741 0.0537124802528 0.0402843601896 0.00394944707741 0.259873617694 0.00789889415482 0.00789889415482 0.0529225908373 0.00710900473934 0.000789889415482 0.0529225908373 0.0355450236967 0.0181674565561 0.021327014218 0.0315955766193 0.0205371248025 0.0142180094787 0.00157977883096 0.00157977883096 0.347551342812
24 0.0339652448657 0.0126382306477 0.0315955766193 0.0687203791469 0.00947867298578 0.0505529225908 0.0157977883096 0.0142180094787 0.100315955766 0.0308056872038 0.00947867298578 0.0300157977883 0.0181674565561 0.0552922590837 0.0545023696682 0.0355450236967 0.0481832543444 0.0300157977883 0.0 0.00473933649289 0.345971563981
25 0.0276461295419 0.0 0.022906793049 0.0821484992101 0.0118483412322 0.133491311216 0.0110584518167 0.0323854660348 0.0718799368088 0.0418641390205 0.00710900473934 0.0331753554502 0.0308056872038 0.0410742496051 0.0631911532385 0.0505529225908 0.0750394944708 0.0402843601896 0.00394944707741 0.0118483412322 0.207740916272
26 0.0323854660348 0.00236966824645 0.0181674565561 0.102685624013 0.0331753554502 0.0205371248025 0.0189573459716 0.11532385466 0.0505529225908 0.0631911532385 0.0181674565561 0.00789889415482 0.00631911532385 0.0710900473934 0.086887835703 0.0134281200632 0.0766192733017 0.120853080569 0.00631911532385 0.0363349131122 0.0987361769352
27 0.022906793049 0.000789889415482 0.0126382306477 0.0323854660348 0.00947867298578 0.00631911532385 0.0252764612954 0.022906793049 0.176935229068 0.0284360189573 0.00631911532385 0.0363349131122 0.0371248025276 0.0268562401264 0.212480252765 0.0663507109005 0.149289099526 0.0355450236967 0.00236966824645 0.0110584518167 0.0781990521327
28 0.0284360189573 0.00473933649289 0.0 0.00236966824645 0.0521327014218 0.00631911532385 0.00157977883096 0.258293838863 0.0 0.109794628752 0.0165876777251 0.0 0.0 0.0 0.000789889415482 0.00631911532385 0.00552922590837 0.42654028436 0.00157977883096 0.0221169036335 0.0568720379147
29 0.0142180094787 0.00473933649289 0.00631911532385 0.0086887835703 0.00473933649289 0.00947867298578 0.021327014218 0.0110584518167 0.0221169036335 0.0181674565561 0.00473933649289 0.00947867298578 0.00157977883096 0.0323854660348 0.699842022117 0.0268562401264 0.0157977883096 0.0244865718799 0.000789889415482 0.0102685624013 0.0529225908373
30 0.0086887835703 0.00394944707741 0.000789889415482 0.000789889415482 0.0742496050553 0.000789889415482 0.00157977883096 0.0900473933649 0.00236966824645 0.64691943128 0.0276461295419 0.00315955766193 0.00710900473934 0.0 0.0 0.00157977883096 0.00157977883096 0.0505529225908 0.0 0.0308056872038 0.0473933649289
31 0.248025276461 0.0110584518167 0.0142180094787 0.0221169036335 0.044233807267 0.0126382306477 0.0157977883096 0.0939968404423 0.0102685624013 0.166666666667 0.0126382306477 0.0205371248025 0.00394944707741 0.021327014218 0.0292259083728 0.0703001579779 0.0173775671406 0.0489731437599 0.0126382306477 0.0781990521327 0.0458135860979
32 0.0347551342812 0.0355450236967 0.0560821484992 0.0205371248025 0.0157977883096 0.610584518167 0.0126382306477 0.00236966824645 0.00236966824645 0.0339652448657 0.0086887835703 0.044233807267 0.000789889415482 0.00315955766193 0.00552922590837 0.0379146919431 0.00394944707741 0.00236966824645 0.00394944707741 0.0189573459716 0.0458135860979
33 0.0150078988942 0.00947867298578 0.000789889415482 0.0 0.0173775671406 0.000789889415482 0.000789889415482 0.523696682464 0.0 0.0766192733017 0.0157977883096 0.0 0.00236966824645 0.0 0.0 0.00394944707741 0.00710900473934 0.269352290679 0.0 0.0126382306477 0.044233807267
34 0.0331753554502 0.000789889415482 0.565560821485 0.0513428120063 0.00157977883096 0.00473933649289 0.00552922590837 0.00789889415482 0.0347551342812 0.0086887835703 0.00236966824645 0.0766192733017 0.00157977883096 0.042654028436 0.0513428120063 0.0221169036335 0.019747235387 0.0150078988942 0.00315955766193 0.00394944707741 0.0473933649289
35 0.421011058452 0.063981042654 0.00157977883096 0.00394944707741 0.00631911532385 0.00631911532385 0.000789889415482 0.0165876777251 0.00394944707741 0.022906793049 0.00473933649289 0.00394944707741 0.0173775671406 0.00236966824645 0.00394944707741 0.0568720379147 0.280410742496 0.0331753554502 0.00157977883096 0.00315955766193 0.0450236966825
36 0.0315955766193 0.0118483412322 0.00947867298578 0.00789889415482 0.00710900473934 0.00473933649289 0.00315955766193 0.00552922590837 0.00710900473934 0.022906793049 0.00552922590837 0.00710900473934 0.774091627172 0.00394944707741 0.0102685624013 0.0134281200632 0.0134281200632 0.0118483412322 0.00157977883096 0.00157977883096 0.0458135860979
37 0.0387045813586 0.0 0.0489731437599 0.624802527646 0.00157977883096 0.0189573459716 0.00315955766193 0.00473933649289 0.0252764612954 0.0134281200632 0.00394944707741 0.0142180094787 0.0284360189573 0.0308056872038 0.0473933649289 0.0315955766193 0.0110584518167 0.00473933649289 0.0 0.00157977883096 0.0466034755134
38 0.0387045813586 0.00473933649289 0.0134281200632 0.0221169036335 0.0181674565561 0.0221169036335 0.00236966824645 0.0860979462875 0.0663507109005 0.151658767773 0.0505529225908 0.0150078988942 0.0497630331754 0.0102685624013 0.0631911532385 0.0797788309637 0.129541864139 0.0592417061611 0.00710900473934 0.0173775671406 0.0924170616114
39 0.0679304897314 0.00631911532385 0.0703001579779 0.0387045813586 0.0142180094787 0.150078988942 0.0355450236967 0.00789889415482 0.0876777251185 0.0142180094787 0.00157977883096 0.0473933649289 0.0363349131122 0.0165876777251 0.0663507109005 0.0695102685624 0.0410742496051 0.0387045813586 0.00315955766193 0.0236966824645 0.162717219589
40 0.0315955766193 0.0 0.0371248025276 0.0300157977883 0.0189573459716 0.0552922590837 0.0679304897314 0.00631911532385 0.0695102685624 0.0150078988942 0.00710900473934 0.0205371248025 0.0268562401264 0.102685624013 0.0703001579779 0.0410742496051 0.0402843601896 0.0157977883096 0.00394944707741 0.0260663507109 0.313586097946
41 0.0418641390205 0.00631911532385 0.0410742496051 0.0379146919431 0.0205371248025 0.0537124802528 0.00789889415482 0.0118483412322 0.0537124802528 0.0126382306477 0.00631911532385 0.0315955766193 0.105845181675 0.021327014218 0.0576619273302 0.0529225908373 0.0537124802528 0.021327014218 0.00157977883096 0.00947867298578 0.350710900474
42 0.0489731437599 0.0695102685624 0.0584518167457 0.0236966824645 0.00552922590837 0.0845181674566 0.00473933649289 0.0086887835703 0.0450236966825 0.0118483412322 0.00157977883096 0.0505529225908 0.0142180094787 0.0221169036335 0.0552922590837 0.0363349131122 0.0276461295419 0.0118483412322 0.000789889415482 0.00631911532385 0.412322274882
43 0.0331753554502 0.0466034755134 0.0276461295419 0.0363349131122 0.00552922590837 0.0766192733017 0.0134281200632 0.0134281200632 0.0742496050553 0.019747235387 0.0102685624013 0.0276461295419 0.0284360189573 0.022906793049 0.0450236966825 0.0284360189573 0.0339652448657 0.0173775671406 0.00236966824645 0.00947867298578 0.427330173776
44 0.0379146919431 0.021327014218 0.0394944707741 0.0521327014218 0.00789889415482 0.0410742496051 0.00631911532385 0.0126382306477 0.0576619273302 0.021327014218 0.00473933649289 0.021327014218 0.105055292259 0.0355450236967 0.0379146919431 0.0355450236967 0.0268562401264 0.022906793049 0.000789889415482 0.00789889415482 0.403633491311
45 0.0932069510269 0.00236966824645 0.0608214849921 0.0947867298578 0.00394944707741 0.0663507109005 0.0086887835703 0.0236966824645 0.0363349131122 0.0276461295419 0.00710900473934 0.0244865718799 0.0394944707741 0.0371248025276 0.0244865718799 0.0505529225908 0.0284360189573 0.0616113744076 0.00236966824645 0.0086887835703 0.297788309637
46 0.0331753554502 0.00315955766193 0.044233807267 0.231437598736 0.0118483412322 0.0315955766193 0.00710900473934 0.0134281200632 0.0331753554502 0.0236966824645 0.0110584518167 0.0134281200632 0.0157977883096 0.209320695103 0.0355450236967 0.021327014218 0.0260663507109 0.0165876777251 0.0513428120063 0.0363349131122 0.130331753555
47 0.0892575039494 0.0813586097946 0.0458135860979 0.0742496050553 0.0181674565561 0.0142180094787 0.0102685624013 0.0118483412322 0.0363349131122 0.0181674565561 0.00157977883096 0.021327014218 0.296208530806 0.0315955766193 0.044233807267 0.0244865718799 0.0244865718799 0.0157977883096 0.00236966824645 0.022906793049 0.11532385466
48 0.0331753554502 0.105845181675 0.0110584518167 0.0142180094787 0.172195892575 0.0734597156398 0.0260663507109 0.0189573459716 0.0134281200632 0.0979462875197 0.0173775671406 0.00473933649289 0.00157977883096 0.0142180094787 0.0268562401264 0.0126382306477 0.00631911532385 0.0157977883096 0.0774091627172 0.165876777251 0.0908372827804
49 0.261453396524 0.0 0.00473933649289 0.0086887835703 0.0165876777251 0.483412322275 0.00157977883096 0.00473933649289 0.00394944707741 0.00394944707741 0.00157977883096 0.00631911532385 0.00631911532385 0.0102685624013 0.00947867298578 0.0576619273302 0.0086887835703 0.00473933649289 0.00473933649289 0.0284360189573 0.0726698262243
50 0.0781990521327 0.0 0.0710900473934 0.124802527646 0.0284360189573 0.0173775671406 0.0165876777251 0.0379146919431 0.104265402844 0.0592417061611 0.019747235387 0.0339652448657 0.042654028436 0.085308056872 0.0932069510269 0.0276461295419 0.022906793049 0.042654028436 0.0165876777251 0.022906793049 0.0545023696682
51 0.144549763033 0.00157977883096 0.0410742496051 0.315165876777 0.00236966824645 0.00789889415482 0.0086887835703 0.0221169036335 0.101105845182 0.0387045813586 0.0110584518167 0.019747235387 0.0110584518167 0.0995260663507 0.067140600316 0.0173775671406 0.0221169036335 0.022906793049 0.00710900473934 0.00394944707741 0.0347551342812
52 0.705371248025 0.00631911532385 0.00394944707741 0.00394944707741 0.00315955766193 0.022906793049 0.000789889415482 0.00789889415482 0.00157977883096 0.00631911532385 0.00394944707741 0.00552922590837 0.00157977883096 0.00473933649289 0.00236966824645 0.154028436019 0.0142180094787 0.0142180094787 0.00236966824645 0.00157977883096 0.0331753554502
53 0.0766192733017 0.00157977883096 0.00631911532385 0.0173775671406 0.0157977883096 0.0142180094787 0.0110584518167 0.0118483412322 0.256714060032 0.0489731437599 0.00947867298578 0.0086887835703 0.00236966824645 0.0300157977883 0.222748815166 0.0766192733017 0.127962085308 0.00947867298578 0.00710900473934 0.0173775671406 0.0276461295419
54 0.135860979463 0.000789889415482 0.138230647709 0.15560821485 0.0157977883096 0.0165876777251 0.022906793049 0.0126382306477 0.0758293838863 0.0331753554502 0.0086887835703 0.0624012638231 0.000789889415482 0.0995260663507 0.0742496050553 0.0394944707741 0.0450236966825 0.0157977883096 0.00473933649289 0.0126382306477 0.0292259083728
55 0.147709320695 0.00552922590837 0.00236966824645 0.0276461295419 0.249605055292 0.0126382306477 0.0355450236967 0.0102685624013 0.0244865718799 0.0505529225908 0.0150078988942 0.0102685624013 0.00157977883096 0.022906793049 0.0908372827804 0.0165876777251 0.0236966824645 0.0276461295419 0.0679304897314 0.137440758294 0.019747235387
56 0.088467614534 0.00236966824645 0.0 0.00236966824645 0.0173775671406 0.00236966824645 0.000789889415482 0.021327014218 0.0 0.545813586098 0.0347551342812 0.0268562401264 0.000789889415482 0.00315955766193 0.000789889415482 0.0157977883096 0.112954186414 0.103475513428 0.000789889415482 0.000789889415482 0.0189573459716
57 0.088467614534 0.00947867298578 0.0189573459716 0.151658767773 0.00552922590837 0.019747235387 0.0142180094787 0.0300157977883 0.154028436019 0.0300157977883 0.0086887835703 0.0276461295419 0.0 0.0647709320695 0.191943127962 0.0663507109005 0.0631911532385 0.0300157977883 0.00236966824645 0.00710900473934 0.0157977883096
58 0.0932069510269 0.00236966824645 0.101895734597 0.135860979463 0.00394944707741 0.042654028436 0.0102685624013 0.00947867298578 0.141390205371 0.019747235387 0.00473933649289 0.0774091627172 0.00236966824645 0.0797788309637 0.0766192733017 0.116903633491 0.044233807267 0.00947867298578 0.00315955766193 0.00552922590837 0.0189573459716
59 0.0300157977883 0.00394944707741 0.00315955766193 0.0150078988942 0.0552922590837 0.00315955766193 0.0221169036335 0.0545023696682 0.067140600316 0.372037914692 0.0568720379147 0.0236966824645 0.00157977883096 0.0379146919431 0.0774091627172 0.00947867298578 0.0300157977883 0.0205371248025 0.0244865718799 0.0315955766193 0.0600315955766
60 0.0481832543444 0.0323854660348 0.00236966824645 0.00315955766193 0.022906793049 0.000789889415482 0.00157977883096 0.150868878357 0.00473933649289 0.386255924171 0.0236966824645 0.00394944707741 0.00236966824645 0.00394944707741 0.00631911532385 0.00394944707741 0.0418641390205 0.180884676145 0.00789889415482 0.00710900473934 0.0647709320695
61 0.0315955766193 0.00789889415482 0.0142180094787 0.0252764612954 0.00631911532385 0.0165876777251 0.00236966824645 0.0150078988942 0.0387045813586 0.065560821485 0.00947867298578 0.0134281200632 0.0758293838863 0.0126382306477 0.021327014218 0.0260663507109 0.022906793049 0.0331753554502 0.00315955766193 0.00473933649289 0.553712480253
62 0.0813586097946 0.000789889415482 0.0387045813586 0.0789889415482 0.021327014218 0.0679304897314 0.0189573459716 0.044233807267 0.0616113744076 0.127962085308 0.021327014218 0.0718799368088 0.0379146919431 0.044233807267 0.0758293838863 0.0371248025276 0.0236966824645 0.0458135860979 0.00394944707741 0.0134281200632 0.0829383886256
63 0.0789889415482 0.00315955766193 0.0592417061611 0.0205371248025 0.00394944707741 0.396524486572 0.021327014218 0.00315955766193 0.044233807267 0.0165876777251 0.00236966824645 0.0837282780411 0.00710900473934 0.0703001579779 0.0592417061611 0.042654028436 0.0236966824645 0.00631911532385 0.00315955766193 0.00473933649289 0.0489731437599
64 0.0402843601896 0.00236966824645 0.0308056872038 0.0592417061611 0.00473933649289 0.0734597156398 0.0236966824645 0.00157977883096 0.250394944708 0.00631911532385 0.00552922590837 0.0315955766193 0.0181674565561 0.0900473933649 0.176935229068 0.0529225908373 0.0537124802528 0.0102685624013 0.00157977883096 0.00473933649289 0.0616113744076
65 0.0434439178515 0.00157977883096 0.0821484992101 0.109004739336 0.0110584518167 0.022906793049 0.0189573459716 0.019747235387 0.107424960506 0.0181674565561 0.00552922590837 0.0560821484992 0.0718799368088 0.0568720379147 0.088467614534 0.0687203791469 0.129541864139 0.042654028436 0.00631911532385 0.0102685624013 0.0292259083728
66 0.042654028436 0.0102685624013 0.00552922590837 0.00236966824645 0.0276461295419 0.00315955766193 0.0 0.187993680885 0.00631911532385 0.0979462875197 0.00552922590837 0.00315955766193 0.00710900473934 0.00789889415482 0.00552922590837 0.00947867298578 0.0110584518167 0.538704581359 0.00473933649289 0.00315955766193 0.019747235387
67 0.0323854660348 0.00552922590837 0.0379146919431 0.112954186414 0.0363349131122 0.0173775671406 0.0189573459716 0.0434439178515 0.0718799368088 0.044233807267 0.0110584518167 0.0252764612954 0.00315955766193 0.0489731437599 0.120853080569 0.0624012638231 0.140600315956 0.0608214849921 0.0300157977883 0.0568720379147 0.0189573459716
68 0.0252764612954 0.137440758294 0.000789889415482 0.00157977883096 0.0576619273302 0.0086887835703 0.0 0.175355450237 0.00394944707741 0.29541864139 0.0181674565561 0.00157977883096 0.000789889415482 0.00315955766193 0.00315955766193 0.00473933649289 0.00947867298578 0.210110584518 0.00236966824645 0.0157977883096 0.0244865718799
69 0.0323854660348 0.00394944707741 0.0647709320695 0.208530805687 0.0173775671406 0.00789889415482 0.0165876777251 0.0394944707741 0.0829383886256 0.0402843601896 0.00631911532385 0.022906793049 0.00552922590837 0.0679304897314 0.0979462875197 0.0537124802528 0.0837282780411 0.0955766192733 0.0086887835703 0.0189573459716 0.0244865718799
70 0.0545023696682 0.0142180094787 0.0205371248025 0.0331753554502 0.0932069510269 0.0221169036335 0.00552922590837 0.088467614534 0.021327014218 0.0939968404423 0.0102685624013 0.0110584518167 0.0687203791469 0.0260663507109 0.0315955766193 0.0513428120063 0.0529225908373 0.116903633491 0.00710900473934 0.0608214849921 0.116113744076
71 0.0394944707741 0.00157977883096 0.228278041074 0.0987361769352 0.0118483412322 0.0379146919431 0.021327014218 0.0489731437599 0.022906793049 0.0608214849921 0.00789889415482 0.0244865718799 0.021327014218 0.022906793049 0.0292259083728 0.0379146919431 0.0363349131122 0.0710900473934 0.00552922590837 0.0150078988942 0.156398104265
72 0.0086887835703 0.000789889415482 0.0268562401264 0.0244865718799 0.00315955766193 0.0221169036335 0.00789889415482 0.00710900473934 0.0339652448657 0.00710900473934 0.00236966824645 0.0118483412322 0.042654028436 0.0142180094787 0.0205371248025 0.019747235387 0.0165876777251 0.0110584518167 0.00157977883096 0.0118483412322 0.705371248025
73 0.0466034755134 0.00236966824645 0.0308056872038 0.0315955766193 0.00157977883096 0.065560821485 0.00473933649289 0.021327014218 0.0276461295419 0.0268562401264 0.00157977883096 0.0315955766193 0.0339652448657 0.0308056872038 0.0292259083728 0.0323854660348 0.0308056872038 0.044233807267 0.00789889415482 0.0086887835703 0.489731437599
74 0.0458135860979 0.000789889415482 0.0568720379147 0.0624012638231 0.00710900473934 0.0584518167457 0.0110584518167 0.0236966824645 0.0315955766193 0.0142180094787 0.00789889415482 0.0260663507109 0.0339652448657 0.0521327014218 0.0260663507109 0.0347551342812 0.0331753554502 0.0244865718799 0.00236966824645 0.0268562401264 0.420221169036
75 0.0568720379147 0.00315955766193 0.100315955766 0.0805687203791 0.00631911532385 0.177725118483 0.0189573459716 0.0150078988942 0.0845181674566 0.0308056872038 0.0102685624013 0.0339652448657 0.0284360189573 0.0355450236967 0.0734597156398 0.0663507109005 0.0513428120063 0.0244865718799 0.0 0.0142180094787 0.0876777251185
76 0.0466034755134 0.00315955766193 0.0189573459716 0.0466034755134 0.0323854660348 0.0268562401264 0.0118483412322 0.0505529225908 0.1224328594 0.0402843601896 0.0134281200632 0.019747235387 0.0379146919431 0.0466034755134 0.159557661927 0.0355450236967 0.120853080569 0.0829383886256 0.00315955766193 0.0276461295419 0.0529225908373
77 0.0221169036335 0.00315955766193 0.648499210111 0.0371248025276 0.00394944707741 0.065560821485 0.00236966824645 0.00631911532385 0.0276461295419 0.0102685624013 0.00473933649289 0.0268562401264 0.0181674565561 0.0086887835703 0.0173775671406 0.0244865718799 0.0260663507109 0.0086887835703 0.000789889415482 0.00631911532385 0.0308056872038
78 0.0466034755134 0.000789889415482 0.0379146919431 0.0347551342812 0.0086887835703 0.0363349131122 0.0252764612954 0.0165876777251 0.193522906793 0.0126382306477 0.00552922590837 0.0402843601896 0.0323854660348 0.0647709320695 0.248815165877 0.0663507109005 0.0371248025276 0.022906793049 0.00789889415482 0.0221169036335 0.0387045813586
79 0.022906793049 0.00157977883096 0.0363349131122 0.021327014218 0.0758293838863 0.0363349131122 0.0300157977883 0.00789889415482 0.0221169036335 0.0102685624013 0.00236966824645 0.0497630331754 0.0086887835703 0.0252764612954 0.021327014218 0.0394944707741 0.0221169036335 0.0118483412322 0.0260663507109 0.483412322275 0.0450236966825
80 0.0165876777251 0.00315955766193 0.0939968404423 0.021327014218 0.0134281200632 0.586097946288 0.0118483412322 0.00315955766193 0.0355450236967 0.00315955766193 0.00157977883096 0.0710900473934 0.0102685624013 0.0260663507109 0.0284360189573 0.0284360189573 0.0086887835703 0.00394944707741 0.000789889415482 0.00157977883096 0.0308056872038
81 0.022906793049 0.00552922590837 0.0134281200632 0.0205371248025 0.00394944707741 0.0102685624013 0.0126382306477 0.0165876777251 0.0157977883096 0.0126382306477 0.00947867298578 0.0410742496051 0.0110584518167 0.0157977883096 0.685624012638 0.0134281200632 0.0221169036335 0.021327014218 0.00473933649289 0.00947867298578 0.0315955766193
82 0.0537124802528 0.0157977883096 0.0126382306477 0.0315955766193 0.0537124802528 0.00710900473934 0.0142180094787 0.105055292259 0.0260663507109 0.240126382306 0.021327014218 0.0142180094787 0.0379146919431 0.0268562401264 0.021327014218 0.0323854660348 0.0971563981043 0.0932069510269 0.0221169036335 0.0513428120063 0.0221169036335
83 0.0102685624013 0.00710900473934 0.00394944707741 0.0110584518167 0.0292259083728 0.00236966824645 0.00947867298578 0.113744075829 0.00394944707741 0.420221169036 0.0157977883096 0.00473933649289 0.0284360189573 0.00710900473934 0.0118483412322 0.0157977883096 0.0260663507109 0.221169036335 0.00552922590837 0.0284360189573 0.0236966824645
84 0.461295418641 0.0450236966825 0.0 0.00236966824645 0.00394944707741 0.248815165877 0.00236966824645 0.00394944707741 0.000789889415482 0.0142180094787 0.00315955766193 0.000789889415482 0.00236966824645 0.00394944707741 0.0481832543444 0.0292259083728 0.0102685624013 0.0829383886256 0.00157977883096 0.00473933649289 0.0300157977883
85 0.0292259083728 0.00789889415482 0.0624012638231 0.0647709320695 0.0339652448657 0.00710900473934 0.0576619273302 0.0513428120063 0.0331753554502 0.0473933649289 0.0110584518167 0.0252764612954 0.00552922590837 0.0331753554502 0.0726698262243 0.0576619273302 0.0892575039494 0.0695102685624 0.0347551342812 0.1887835703 0.0173775671406
86 0.0323854660348 0.134281200632 0.000789889415482 0.00236966824645 0.0126382306477 0.00394944707741 0.0 0.154818325434 0.00236966824645 0.147709320695 0.0181674565561 0.00157977883096 0.00631911532385 0.00157977883096 0.00236966824645 0.00236966824645 0.00631911532385 0.45102685624 0.00236966824645 0.00157977883096 0.0150078988942
87 0.0276461295419 0.00315955766193 0.0134281200632 0.0300157977883 0.157187993681 0.00789889415482 0.019747235387 0.042654028436 0.0355450236967 0.0576619273302 0.0173775671406 0.0118483412322 0.00473933649289 0.0221169036335 0.0608214849921 0.044233807267 0.0560821484992 0.0489731437599 0.105845181675 0.218799368088 0.0142180094787
88 0.0924170616114 0.0236966824645 0.0165876777251 0.0102685624013 0.0292259083728 0.00947867298578 0.0308056872038 0.0916271721959 0.0260663507109 0.199052132701 0.0150078988942 0.0244865718799 0.0181674565561 0.0110584518167 0.0497630331754 0.0363349131122 0.0576619273302 0.187203791469 0.00157977883096 0.0489731437599 0.0205371248025
89 0.0418641390205 0.00157977883096 0.251184834123 0.0687203791469 0.00315955766193 0.183254344392 0.00710900473934 0.00473933649289 0.0489731437599 0.0134281200632 0.00236966824645 0.111374407583 0.0608214849921 0.0276461295419 0.0410742496051 0.0529225908373 0.0189573459716 0.0110584518167 0.00315955766193 0.00552922590837 0.0410742496051
90 0.0331753554502 0.00473933649289 0.104265402844 0.0616113744076 0.00552922590837 0.406003159558 0.00710900473934 0.00157977883096 0.0703001579779 0.00789889415482 0.00236966824645 0.0710900473934 0.0134281200632 0.0173775671406 0.0458135860979 0.0379146919431 0.0284360189573 0.0086887835703 0.00473933649289 0.0102685624013 0.0576619273302
91 0.0419036334913 3.94944707741e-05 0.0276856240126 0.0742890995261 0.00556872037915 0.0600710900474 0.0166271721959 0.0569115323855 0.098775671406 0.0711295418641 0.0158372827804 0.0276856240126 0.0110979462875 0.0695497630332 0.124052132701 0.0229462875197 0.108254344392 0.097195892575 0.00398894154818 0.013467614534 0.0529225908373
92 0.00552922590837 0.0268562401264 0.306477093207 0.0268562401264 0.0434439178515 0.00315955766193 0.0102685624013 0.0086887835703 0.00394944707741 0.0979462875197 0.0347551342812 0.187203791469 0.0236966824645 0.00631911532385 0.0102685624013 0.113744075829 0.0260663507109 0.0134281200632 0.0173775671406 0.0126382306477 0.021327014218
93 0.0363349131122 0.00315955766193 0.00710900473934 0.000789889415482 0.0513428120063 0.0 0.000789889415482 0.212480252765 0.000789889415482 0.330963665087 0.00710900473934 0.0 0.00631911532385 0.00157977883096 0.0 0.00315955766193 0.00394944707741 0.271721958926 0.00710900473934 0.0394944707741 0.0157977883096
94 0.162717219589 0.00789889415482 0.0118483412322 0.0134281200632 0.0 0.157187993681 0.000789889415482 0.00315955766193 0.00236966824645 0.00157977883096 0.0 0.39336492891 0.00236966824645 0.0837282780411 0.00394944707741 0.120063191153 0.0150078988942 0.00236966824645 0.0 0.000789889415482 0.0173775671406
95 0.150868878357 0.0134281200632 0.0402843601896 0.221169036335 0.0118483412322 0.022906793049 0.0150078988942 0.0252764612954 0.0537124802528 0.140600315956 0.00947867298578 0.0134281200632 0.00236966824645 0.0568720379147 0.0631911532385 0.0379146919431 0.0331753554502 0.0450236966825 0.000789889415482 0.0236966824645 0.0189573459716
96 0.123222748815 0.000789889415482 0.0331753554502 0.235387045814 0.0173775671406 0.0118483412322 0.0276461295419 0.0394944707741 0.0489731437599 0.088467614534 0.0300157977883 0.00631911532385 0.00236966824645 0.0734597156398 0.0458135860979 0.0323854660348 0.0489731437599 0.0450236966825 0.0434439178515 0.0268562401264 0.0189573459716
97 0.022906793049 0.0 0.000789889415482 0.00473933649289 0.00157977883096 0.00315955766193 0.0 0.0545023696682 0.000789889415482 0.552922590837 0.248025276461 0.0 0.000789889415482 0.042654028436 0.000789889415482 0.00631911532385 0.00315955766193 0.0355450236967 0.0 0.000789889415482 0.0205371248025
98 0.0363349131122 0.00631911532385 0.0 0.0 0.000789889415482 0.000789889415482 0.0 0.195102685624 0.00236966824645 0.300157977883 0.0102685624013 0.000789889415482 0.0 0.00315955766193 0.00552922590837 0.00473933649289 0.0126382306477 0.399684044234 0.0 0.00157977883096 0.019747235387
99 0.112954186414 0.000789889415482 0.0244865718799 0.1887835703 0.00236966824645 0.0205371248025 0.00394944707741 0.00473933649289 0.154818325434 0.0205371248025 0.0086887835703 0.0181674565561 0.0 0.067140600316 0.224328593997 0.086887835703 0.021327014218 0.0118483412322 0.000789889415482 0.00473933649289 0.0221169036335
100 0.137440758294 0.00157977883096 0.0466034755134 0.192733017378 0.00552922590837 0.0284360189573 0.0165876777251 0.00473933649289 0.0742496050553 0.0481832543444 0.0110584518167 0.111374407583 0.0 0.0947867298578 0.0766192733017 0.0860979462875 0.022906793049 0.0102685624013 0.00157977883096 0.00473933649289 0.0244865718799
101 0.00552922590837 0.000789889415482 0.00789889415482 0.00473933649289 0.0 0.924170616114 0.0 0.0 0.0086887835703 0.0 0.0 0.00789889415482 0.00157977883096 0.00236966824645 0.00394944707741 0.00394944707741 0.000789889415482 0.000789889415482 0.000789889415482 0.0 0.0260663507109
102 0.0379146919431 0.00552922590837 0.00473933649289 0.00631911532385 0.0734597156398 0.00631911532385 0.0552922590837 0.0142180094787 0.00789889415482 0.366508688784 0.0568720379147 0.0110584518167 0.0 0.0150078988942 0.00552922590837 0.00710900473934 0.00473933649289 0.0173775671406 0.0939968404423 0.180884676145 0.0292259083728
103 0.749605055292 0.00710900473934 0.000789889415482 0.000789889415482 0.00157977883096 0.088467614534 0.00157977883096 0.000789889415482 0.00157977883096 0.0102685624013 0.00157977883096 0.0 0.000789889415482 0.000789889415482 0.00157977883096 0.0260663507109 0.0142180094787 0.0584518167457 0.0 0.00315955766193 0.0308056872038
104 0.0268562401264 0.00947867298578 0.0110584518167 0.0545023696682 0.0315955766193 0.00631911532385 0.0126382306477 0.0410742496051 0.0837282780411 0.0568720379147 0.0165876777251 0.0110584518167 0.00710900473934 0.0323854660348 0.176145339652 0.022906793049 0.0497630331754 0.088467614534 0.0781990521327 0.0394944707741 0.143759873618
105 0.109004739336 0.0134281200632 0.0126382306477 0.0189573459716 0.0308056872038 0.00236966824645 0.0118483412322 0.042654028436 0.00631911532385 0.063981042654 0.00789889415482 0.00552922590837 0.0734597156398 0.00394944707741 0.0150078988942 0.0134281200632 0.0347551342812 0.227488151659 0.0205371248025 0.0347551342812 0.251184834123
106 0.0987361769352 0.00789889415482 0.0473933649289 0.0205371248025 0.0323854660348 0.0157977883096 0.0315955766193 0.0150078988942 0.0260663507109 0.0379146919431 0.0102685624013 0.0402843601896 0.0086887835703 0.0189573459716 0.042654028436 0.0371248025276 0.0300157977883 0.0458135860979 0.00789889415482 0.105845181675 0.319115323855
107 0.0323854660348 0.00315955766193 0.0276461295419 0.0339652448657 0.0402843601896 0.0181674565561 0.00789889415482 0.0205371248025 0.0189573459716 0.0181674565561 0.00552922590837 0.0181674565561 0.0497630331754 0.0157977883096 0.0552922590837 0.0205371248025 0.0284360189573 0.0165876777251 0.0394944707741 0.135860979463 0.39336492891
108 0.0568720379147 0.000789889415482 0.0600315955766 0.0363349131122 0.0236966824645 0.0292259083728 0.0331753554502 0.0600315955766 0.044233807267 0.0260663507109 0.00631911532385 0.0173775671406 0.0529225908373 0.0181674565561 0.0513428120063 0.0387045813586 0.0434439178515 0.0821484992101 0.0086887835703 0.0244865718799 0.285939968404
109 0.0418641390205 0.000789889415482 0.0394944707741 0.0347551342812 0.0410742496051 0.0300157977883 0.0205371248025 0.0189573459716 0.0284360189573 0.0221169036335 0.00710900473934 0.0181674565561 0.0221169036335 0.0236966824645 0.0323854660348 0.0513428120063 0.0157977883096 0.019747235387 0.0339652448657 0.211690363349 0.285939968404
110 0.0529225908373 0.00789889415482 0.0473933649289 0.0481832543444 0.0142180094787 0.0624012638231 0.0134281200632 0.0165876777251 0.0387045813586 0.0308056872038 0.00394944707741 0.0252764612954 0.0963665086888 0.0276461295419 0.0473933649289 0.0813586097946 0.0521327014218 0.022906793049 0.000789889415482 0.021327014218 0.288309636651
111 0.0466034755134 0.00947867298578 0.0560821484992 0.0292259083728 0.0157977883096 0.0537124802528 0.0134281200632 0.0126382306477 0.0576619273302 0.0379146919431 0.00473933649289 0.0355450236967 0.128751974724 0.042654028436 0.0379146919431 0.0545023696682 0.0347551342812 0.0150078988942 0.00157977883096 0.0205371248025 0.291469194313
112 0.0410742496051 0.00236966824645 0.0766192733017 0.0537124802528 0.0157977883096 0.0489731437599 0.0181674565561 0.00552922590837 0.0513428120063 0.0157977883096 0.00315955766193 0.134281200632 0.0418641390205 0.0221169036335 0.044233807267 0.0473933649289 0.0142180094787 0.00947867298578 0.00315955766193 0.0300157977883 0.320695102686
113 0.0402843601896 0.0126382306477 0.0537124802528 0.0292259083728 0.0315955766193 0.0244865718799 0.0173775671406 0.0189573459716 0.0323854660348 0.0584518167457 0.0102685624013 0.0300157977883 0.0339652448657 0.0252764612954 0.021327014218 0.0560821484992 0.0576619273302 0.0379146919431 0.00315955766193 0.0458135860979 0.359399684044
114 0.0631911532385 0.00394944707741 0.0584518167457 0.0466034755134 0.00631911532385 0.0315955766193 0.0102685624013 0.00789889415482 0.108214849921 0.0284360189573 0.00710900473934 0.0244865718799 0.063981042654 0.0260663507109 0.0521327014218 0.0789889415482 0.0466034755134 0.0165876777251 0.00157977883096 0.00710900473934 0.310426540284
115 0.021327014218 0.0276461295419 0.0371248025276 0.0308056872038 0.0473933649289 0.0300157977883 0.0292259083728 0.022906793049 0.0339652448657 0.0560821484992 0.0110584518167 0.0189573459716 0.0181674565561 0.0157977883096 0.0466034755134 0.0276461295419 0.0165876777251 0.0221169036335 0.00789889415482 0.211690363349 0.266982622433
116 0.0860979462875 0.0221169036335 0.0402843601896 0.0363349131122 0.0260663507109 0.0355450236967 0.022906793049 0.0252764612954 0.0410742496051 0.0742496050553 0.0142180094787 0.0150078988942 0.0118483412322 0.0434439178515 0.0718799368088 0.0529225908373 0.0315955766193 0.0315955766193 0.0110584518167 0.0513428120063 0.255134281201
117 0.0837282780411 0.00394944707741 0.111374407583 0.0947867298578 0.00394944707741 0.0529225908373 0.0118483412322 0.00710900473934 0.065560821485 0.0173775671406 0.00552922590837 0.0434439178515 0.0521327014218 0.0489731437599 0.0394944707741 0.0545023696682 0.0394944707741 0.0150078988942 0.00315955766193 0.0086887835703 0.236966824645
118 0.109794628752 0.0126382306477 0.0592417061611 0.120063191153 0.00631911532385 0.0236966824645 0.0142180094787 0.022906793049 0.0679304897314 0.0458135860979 0.00789889415482 0.0157977883096 0.0260663507109 0.0576619273302 0.0971563981043 0.0379146919431 0.0260663507109 0.0252764612954 0.00394944707741 0.021327014218 0.198262243286
119 0.00236966824645 0.00157977883096 0.0 0.0 0.116113744076 0.0 0.00394944707741 0.0371248025276 0.000789889415482 0.327804107425 0.0339652448657 0.0 0.0 0.00236966824645 0.00315955766193 0.00157977883096 0.00236966824645 0.0157977883096 0.0181674565561 0.241706161137 0.191153238547
120 0.0750394944708 0.00315955766193 0.0150078988942 0.0734597156398 0.0165876777251 0.0189573459716 0.00789889415482 0.0521327014218 0.0781990521327 0.140600315956 0.0205371248025 0.0142180094787 0.00631911532385 0.0434439178515 0.0971563981043 0.0315955766193 0.0268562401264 0.0608214849921 0.00394944707741 0.0260663507109 0.187993680885
