POS A C D E F G H I K L M N P Q R S T V W Y -
1 0.0036563071298 0.0 0.0 0.00274223034735 0.0036563071298 0.0018281535649 0.0 0.0036563071298 0.0018281535649 0.0146252285192 0.0201096892139 0.0100548446069 0.0054844606947 0.00091407678245 0.0 0.00091407678245 0.0 0.00274223034735 0.00091407678245 0.0 0.926873857404
2 0.0127970749543 0.0 0.0319926873857 0.0292504570384 0.00091407678245 0.00822669104205 0.0109689213894 0.0109689213894 0.0173674588665 0.0100548446069 0.0319926873857 0.0191956124314 0.0502742230347 0.0155393053016 0.0100548446069 0.0356489945155 0.0155393053016 0.00457038391225 0.0 0.00091407678245 0.683729433272
3 0.0191956124314 0.0018281535649 0.0722120658135 0.0347349177331 0.00639853747715 0.135283363803 0.0091407678245 0.00457038391225 0.0329067641682 0.0127970749543 0.0191956124314 0.04478976234 0.0393053016453 0.0191956124314 0.0283363802559 0.0411334552102 0.0338208409506 0.00274223034735 0.00274223034735 0.0109689213894 0.428702010969
4 0.0503199268739 0.0192413162706 0.0530621572212 0.048491773309 0.0311243144424 0.0265539305302 0.0247257769653 0.0174131627057 0.0338665447898 0.0228976234004 0.0210694698355 0.0210694698355 0.0338665447898 0.0228976234004 0.0356946983547 0.048491773309 0.0722577696527 0.0292961608775 0.048491773309 0.0247257769653 0.314442413163
5 0.0301645338208 0.0100548446069 0.00457038391225 0.0054844606947 0.0411334552102 0.00822669104205 0.00822669104205 0.123400365631 0.0091407678245 0.178244972578 0.0319926873857 0.00822669104205 0.0146252285192 0.00822669104205 0.0146252285192 0.0127970749543 0.0402193784278 0.143510054845 0.0310786106033 0.0521023765996 0.2239488117
6 0.026508226691 0.0127970749543 0.0164533820841 0.0374771480804 0.0100548446069 0.0036563071298 0.0402193784278 0.0950639853748 0.165447897623 0.0466179159049 0.00639853747715 0.026508226691 0.00639853747715 0.0191956124314 0.0502742230347 0.0329067641682 0.0932358318099 0.125228519196 0.0036563071298 0.0246800731261 0.157221206581
7 0.0612888482633 0.0622029250457 4.57038391225e-05 0.00278793418647 0.056718464351 0.00735831809872 0.000959780621572 0.221252285192 0.000959780621572 0.159095063985 0.0174131627057 0.00461608775137 0.00461608775137 0.000959780621572 0.00278793418647 0.00370201096892 0.00735831809872 0.214853747715 0.011928702011 0.0183272394881 0.140767824497
8 0.0493601462523 0.0054844606947 0.0054844606947 0.0100548446069 0.160877513711 0.00822669104205 0.0201096892139 0.0201096892139 0.0073126142596 0.0118829981718 0.0036563071298 0.14168190128 0.00274223034735 0.0100548446069 0.0118829981718 0.0237659963437 0.0210237659963 0.00822669104205 0.0411334552102 0.301645338208 0.135283363803
9 0.0329067641682 0.0438756855576 0.00639853747715 0.0073126142596 0.0685557586837 0.0091407678245 0.0 0.081352833638 0.00274223034735 0.0255941499086 0.0118829981718 0.00091407678245 0.00457038391225 0.00274223034735 0.0036563071298 0.0722120658135 0.336380255941 0.150822669104 0.00091407678245 0.00639853747715 0.131627056673
10 0.0292961608775 0.00827239488117 0.692915904936 0.0164990859232 0.000959780621572 0.0174131627057 0.0155850091408 0.00553016453382 0.0101005484461 0.00370201096892 0.00461608775137 0.020155393053 0.00461608775137 0.00187385740402 0.0101005484461 0.0155850091408 0.00918647166362 0.00278793418647 4.57038391225e-05 0.00461608775137 0.126142595978
11 0.203839122486 0.00274223034735 0.0073126142596 0.0073126142596 0.00091407678245 0.526508226691 0.00274223034735 0.0036563071298 0.00457038391225 0.0054844606947 0.0054844606947 0.0100548446069 0.0036563071298 0.0018281535649 0.0118829981718 0.0319926873857 0.0201096892139 0.0191956124314 0.0 0.00274223034735 0.127970749543
12 0.153564899452 0.0173674588665 0.0036563071298 0.0036563071298 0.0073126142596 0.0539305301645 0.00639853747715 0.0109689213894 0.00639853747715 0.0127970749543 0.0036563071298 0.0091407678245 0.0091407678245 0.00639853747715 0.0100548446069 0.49268738574 0.026508226691 0.0274223034735 0.0036563071298 0.00639853747715 0.128884826325
13 0.0649451553931 0.100594149909 0.00918647166362 0.0128427787934 0.0896252285192 0.0274680073126 0.0164990859232 0.0238117001828 0.0576325411335 0.038436928702 0.0219835466179 0.00370201096892 0.00735831809872 0.00827239488117 0.0420932358318 0.0887111517367 0.0356946983547 0.0686014625229 0.0558043875686 0.0594606946984 0.167276051188
14 0.0256398537477 0.0183272394881 0.0548903107861 0.0320383912249 0.0311243144424 0.0155850091408 0.0366087751371 0.0622029250457 0.0887111517367 0.0740859232176 0.00918647166362 0.056718464351 0.0128427787934 0.0311243144424 0.107906764168 0.0695155393053 0.038436928702 0.0320383912249 0.000959780621572 0.0320383912249 0.170018281536
15 0.0475776965265 0.00918647166362 0.038436928702 0.0585466179159 0.00461608775137 0.106992687386 0.03021023766 0.0192413162706 0.075 0.0247257769653 0.00644424131627 0.0768281535649 0.0841407678245 0.038436928702 0.0448354661792 0.0786563071298 0.0292961608775 0.0283820840951 0.00918647166362 0.0183272394881 0.170932358318
16 0.0366087751371 0.00644424131627 0.0622029250457 0.056718464351 0.00827239488117 0.075 0.0210694698355 0.0110146252285 0.0631170018282 0.0174131627057 0.00553016453382 0.162751371115 0.0256398537477 0.0338665447898 0.0338665447898 0.0713436928702 0.038436928702 0.020155393053 0.00553016453382 0.00918647166362 0.235831809872
17 0.0411334552102 0.0054844606947 0.0402193784278 0.0329067641682 0.00457038391225 0.137111517367 0.0173674588665 0.0054844606947 0.0438756855576 0.0201096892139 0.00091407678245 0.0511882998172 0.0740402193784 0.0319926873857 0.0402193784278 0.0667276051188 0.0758683729433 0.0091407678245 0.0036563071298 0.0054844606947 0.292504570384
18 0.0338208409506 0.00822669104205 0.0374771480804 0.0255941499086 0.0073126142596 0.215722120658 0.0173674588665 0.00822669104205 0.0612431444241 0.0228519195612 0.00822669104205 0.0484460694698 0.0201096892139 0.0283363802559 0.0603290676417 0.0475319926874 0.0338208409506 0.0155393053016 0.00639853747715 0.0100548446069 0.283363802559
19 0.0694698354662 0.0127970749543 0.018281535649 0.0393053016453 0.0146252285192 0.0457038391225 0.0310786106033 0.0466179159049 0.081352833638 0.0402193784278 0.0100548446069 0.0255941499086 0.0530164533821 0.0383912248629 0.0712979890311 0.0612431444241 0.036563071298 0.0585009140768 0.0036563071298 0.0118829981718 0.230347349177
20 0.214808043876 0.0255941499086 0.0109689213894 0.0173674588665 0.018281535649 0.176416819013 0.00822669104205 0.036563071298 0.018281535649 0.0201096892139 0.0210237659963 0.018281535649 0.0054844606947 0.00457038391225 0.0228519195612 0.0840950639854 0.054844606947 0.0639853747715 0.0036563071298 0.0164533820841 0.158135283364
21 0.124314442413 0.0164533820841 0.0073126142596 0.0073126142596 0.00639853747715 0.479890310786 0.00457038391225 0.0100548446069 0.018281535649 0.0073126142596 0.0018281535649 0.0164533820841 0.00639853747715 0.0100548446069 0.0228519195612 0.0712979890311 0.0246800731261 0.0219378427788 0.0091407678245 0.0073126142596 0.126142595978
22 0.133455210238 0.0585009140768 0.00091407678245 0.00457038391225 0.0667276051188 0.0255941499086 0.0073126142596 0.106032906764 0.0127970749543 0.0585009140768 0.0219378427788 0.0018281535649 0.00274223034735 0.00639853747715 0.0127970749543 0.0466179159049 0.0283363802559 0.0868372943327 0.100548446069 0.0877513711152 0.129798903108
23 0.224862888483 0.0109689213894 0.00457038391225 0.0054844606947 0.0036563071298 0.484460694698 0.00091407678245 0.00822669104205 0.00457038391225 0.0054844606947 0.00457038391225 0.0018281535649 0.00639853747715 0.0073126142596 0.0237659963437 0.0511882998172 0.0146252285192 0.018281535649 0.00274223034735 0.0018281535649 0.114259597806
24 0.131627056673 0.0319926873857 0.00091407678245 0.0018281535649 0.0831809872029 0.111517367459 0.00091407678245 0.100548446069 0.0018281535649 0.036563071298 0.0118829981718 0.0018281535649 0.00274223034735 0.0 0.00639853747715 0.0374771480804 0.0100548446069 0.167276051188 0.0767824497258 0.0712979890311 0.113345521024
25 0.100548446069 0.0201096892139 0.00091407678245 0.00457038391225 0.0466179159049 0.0118829981718 0.0118829981718 0.13436928702 0.0100548446069 0.0822669104205 0.0155393053016 0.00457038391225 0.00091407678245 0.00822669104205 0.00457038391225 0.0237659963437 0.0319926873857 0.2760511883 0.0246800731261 0.0703839122486 0.116087751371
26 0.073126142596 0.0329067641682 0.0100548446069 0.0091407678245 0.0740402193784 0.0566727605119 0.0100548446069 0.165447897623 0.0073126142596 0.148994515539 0.0146252285192 0.0036563071298 0.00457038391225 0.0073126142596 0.0201096892139 0.0374771480804 0.0201096892139 0.13436928702 0.0274223034735 0.0301645338208 0.112431444241
27 0.0338208409506 0.0201096892139 0.00822669104205 0.0502742230347 0.036563071298 0.0402193784278 0.0237659963437 0.0484460694698 0.0475319926874 0.04478976234 0.0100548446069 0.018281535649 0.04478976234 0.0319926873857 0.17915904936 0.0402193784278 0.0411334552102 0.0987202925046 0.0173674588665 0.0539305301645 0.110603290676
28 0.0383912248629 0.0118829981718 0.180987202925 0.0338208409506 0.0310786106033 0.0338208409506 0.0347349177331 0.0283363802559 0.0338208409506 0.0356489945155 0.00091407678245 0.0904936014625 0.0347349177331 0.026508226691 0.0329067641682 0.0886654478976 0.0420475319927 0.0274223034735 0.0146252285192 0.0539305301645 0.125228519196
29 0.0283363802559 0.00639853747715 0.0978062157221 0.0585009140768 0.00822669104205 0.191956124314 0.0301645338208 0.0100548446069 0.0347349177331 0.0255941499086 0.00274223034735 0.0959780621572 0.0585009140768 0.0319926873857 0.0411334552102 0.0639853747715 0.0466179159049 0.0164533820841 0.00457038391225 0.0109689213894 0.135283363803
30 0.0338208409506 0.00457038391225 0.0667276051188 0.0712979890311 0.0091407678245 0.248628884826 0.0274223034735 0.0109689213894 0.0502742230347 0.0210237659963 0.0073126142596 0.0648994515539 0.0310786106033 0.0329067641682 0.0383912248629 0.0621572212066 0.0292504570384 0.0164533820841 0.00639853747715 0.0091407678245 0.158135283364
31 0.0374771480804 0.0109689213894 0.0557586837294 0.0712979890311 0.0502742230347 0.0411334552102 0.0383912248629 0.0402193784278 0.0466179159049 0.036563071298 0.0173674588665 0.0255941499086 0.0191956124314 0.0521023765996 0.0539305301645 0.0511882998172 0.0502742230347 0.0740402193784 0.0438756855576 0.0155393053016 0.168190127971
32 0.0374771480804 0.0155393053016 0.0237659963437 0.063071297989 0.0319926873857 0.0237659963437 0.0173674588665 0.0859232175503 0.0429616087751 0.0776965265082 0.0164533820841 0.0310786106033 0.0566727605119 0.0329067641682 0.0493601462523 0.0411334552102 0.0356489945155 0.118829981718 0.0237659963437 0.0237659963437 0.150822669104
33 0.0521023765996 0.0155393053016 0.0173674588665 0.0511882998172 0.0319926873857 0.0420475319927 0.0356489945155 0.0822669104205 0.0694698354662 0.106946983547 0.0210237659963 0.0246800731261 0.0127970749543 0.0310786106033 0.0648994515539 0.0402193784278 0.0411334552102 0.0502742230347 0.0237659963437 0.0484460694698 0.137111517367
34 0.0877513711152 0.0100548446069 0.026508226691 0.0776965265082 0.0228519195612 0.0749542961609 0.0329067641682 0.0301645338208 0.0393053016453 0.0566727605119 0.0137111517367 0.0758683729433 0.0201096892139 0.0521023765996 0.0575868372943 0.0712979890311 0.0530164533821 0.04478976234 0.0118829981718 0.0155393053016 0.125228519196
35 0.0859232175503 0.0210237659963 0.0109689213894 0.026508226691 0.120658135283 0.0438756855576 0.0237659963437 0.0740402193784 0.0356489945155 0.0941499085923 0.0191956124314 0.0118829981718 0.0100548446069 0.0219378427788 0.0301645338208 0.0457038391225 0.0438756855576 0.0694698354662 0.0347349177331 0.0575868372943 0.118829981718
36 0.122486288848 0.026508226691 0.018281535649 0.026508226691 0.0292504570384 0.0795246800731 0.0228519195612 0.0137111517367 0.0676416819013 0.0310786106033 0.00639853747715 0.0173674588665 0.0210237659963 0.0310786106033 0.0575868372943 0.197440585009 0.0411334552102 0.0310786106033 0.0073126142596 0.04478976234 0.106946983547
37 0.0530621572212 0.0174131627057 0.0146709323583 0.0457495429616 0.0292961608775 0.156352833638 0.0146709323583 0.0329524680073 0.0704296160878 0.0740859232176 0.00918647166362 0.0219835466179 0.0539762340037 0.0292961608775 0.0804844606947 0.0631170018282 0.0347806215722 0.048491773309 0.0146709323583 0.0238117001828 0.111517367459
38 0.0511882998172 0.0201096892139 0.0255941499086 0.0338208409506 0.0338208409506 0.0795246800731 0.0237659963437 0.0530164533821 0.0557586837294 0.102376599634 0.018281535649 0.0347349177331 0.0667276051188 0.0228519195612 0.0475319926874 0.0740402193784 0.0438756855576 0.0511882998172 0.0036563071298 0.0356489945155 0.122486288848
39 0.0420475319927 0.0246800731261 0.0393053016453 0.081352833638 0.0420475319927 0.0603290676417 0.0246800731261 0.0685557586837 0.0393053016453 0.118829981718 0.0118829981718 0.0301645338208 0.0594149908592 0.0219378427788 0.0493601462523 0.0603290676417 0.0475319926874 0.0530164533821 0.00457038391225 0.0210237659963 0.099634369287
40 0.0502742230347 0.0127970749543 0.0621572212066 0.0612431444241 0.0274223034735 0.154478976234 0.0466179159049 0.0228519195612 0.0511882998172 0.0393053016453 0.0054844606947 0.0420475319927 0.0831809872029 0.0347349177331 0.0475319926874 0.0511882998172 0.0457038391225 0.0237659963437 0.00457038391225 0.0146252285192 0.118829981718
41 0.0603290676417 0.0374771480804 0.0511882998172 0.0557586837294 0.0210237659963 0.0566727605119 0.0347349177331 0.04478976234 0.0603290676417 0.0557586837294 0.0155393053016 0.0594149908592 0.0475319926874 0.0274223034735 0.0502742230347 0.0539305301645 0.0420475319927 0.0612431444241 0.00639853747715 0.0292504570384 0.128884826325
42 0.107861060329 0.0493601462523 0.018281535649 0.0228519195612 0.0146252285192 0.0585009140768 0.036563071298 0.0301645338208 0.0283363802559 0.0511882998172 0.0191956124314 0.0283363802559 0.04478976234 0.0603290676417 0.0374771480804 0.103290676417 0.112431444241 0.0484460694698 0.0173674588665 0.0228519195612 0.0877513711152
43 0.0146252285192 0.0091407678245 0.0886654478976 0.0255941499086 0.0073126142596 0.0237659963437 0.018281535649 0.0118829981718 0.0164533820841 0.0155393053016 0.00822669104205 0.0694698354662 0.0155393053016 0.0091407678245 0.0201096892139 0.282449725777 0.266910420475 0.00639853747715 0.0036563071298 0.0073126142596 0.0795246800731
44 0.126142595978 0.0018281535649 0.00457038391225 0.018281535649 0.0073126142596 0.0173674588665 0.0118829981718 0.101462522852 0.0146252285192 0.0201096892139 0.0018281535649 0.19012797075 0.0658135283364 0.0137111517367 0.0155393053016 0.156307129799 0.0255941499086 0.119744058501 0.0 0.00639853747715 0.081352833638
45 0.0356489945155 0.0036563071298 0.0274223034735 0.026508226691 0.0932358318099 0.0219378427788 0.0319926873857 0.0411334552102 0.0164533820841 0.101462522852 0.0164533820841 0.194698354662 0.0127970749543 0.0923217550274 0.0191956124314 0.0283363802559 0.0585009140768 0.0319926873857 0.0018281535649 0.0658135283364 0.0786106032907
46 0.063071297989 0.0073126142596 0.0667276051188 0.110603290676 0.0228519195612 0.0210237659963 0.0319926873857 0.0502742230347 0.0301645338208 0.0411334552102 0.0283363802559 0.0146252285192 0.00639853747715 0.0904936014625 0.121572212066 0.0356489945155 0.0685557586837 0.0749542961609 0.0118829981718 0.026508226691 0.0758683729433
47 0.533820840951 0.0237659963437 0.00274223034735 0.0054844606947 0.00639853747715 0.0859232175503 0.0018281535649 0.0100548446069 0.0109689213894 0.0566727605119 0.0402193784278 0.0036563071298 0.0100548446069 0.0018281535649 0.0137111517367 0.0493601462523 0.0383912248629 0.0411334552102 0.0 0.0036563071298 0.0603290676417
48 0.0128427787934 0.000959780621572 0.0174131627057 0.787979890311 0.000959780621572 0.011928702011 0.00370201096892 0.00461608775137 0.0283820840951 0.00918647166362 0.00187385740402 0.00370201096892 0.00278793418647 0.0128427787934 0.00370201096892 0.00827239488117 0.011928702011 0.0128427787934 0.000959780621572 0.00370201096892 0.0594149908592
49 0.124314442413 0.0155393053016 0.0 0.0137111517367 0.0393053016453 0.0091407678245 0.00091407678245 0.104204753199 0.00274223034735 0.386654478976 0.0457038391225 0.0018281535649 0.0018281535649 0.0054844606947 0.0036563071298 0.0155393053016 0.026508226691 0.0575868372943 0.0109689213894 0.0795246800731 0.054844606947
50 0.0886654478976 0.0164533820841 0.00274223034735 0.0941499085923 0.0356489945155 0.0137111517367 0.0255941499086 0.0521023765996 0.0329067641682 0.169104204753 0.0685557586837 0.0118829981718 0.00274223034735 0.0566727605119 0.0575868372943 0.0374771480804 0.0429616087751 0.0639853747715 0.0237659963437 0.0539305301645 0.0493601462523
51 0.67550274223 0.0109689213894 0.0036563071298 0.0036563071298 0.0018281535649 0.144424131627 0.0018281535649 0.0054844606947 0.0018281535649 0.00457038391225 0.0036563071298 0.00091407678245 0.0036563071298 0.0036563071298 0.00091407678245 0.0402193784278 0.0228519195612 0.0228519195612 0.00091407678245 0.00091407678245 0.0457038391225
52 0.112431444241 0.0438756855576 0.00091407678245 0.0036563071298 0.0329067641682 0.0036563071298 0.0018281535649 0.302559414991 0.00091407678245 0.224862888483 0.0383912248629 0.0036563071298 0.00274223034735 0.0018281535649 0.0018281535649 0.0073126142596 0.0118829981718 0.158135283364 0.0 0.0036563071298 0.0429616087751
53 0.073126142596 0.0164533820841 0.0109689213894 0.0356489945155 0.026508226691 0.0164533820841 0.018281535649 0.146252285192 0.0530164533821 0.246800731261 0.0137111517367 0.0191956124314 0.00091407678245 0.0173674588665 0.0712979890311 0.0274223034735 0.036563071298 0.0612431444241 0.0164533820841 0.0502742230347 0.0420475319927
54 0.0868372943327 0.0100548446069 0.0338208409506 0.129798903108 0.0301645338208 0.0118829981718 0.0557586837294 0.0329067641682 0.0886654478976 0.116087751371 0.0429616087751 0.0338208409506 0.0036563071298 0.0457038391225 0.0694698354662 0.0274223034735 0.0338208409506 0.0255941499086 0.0347349177331 0.0475319926874 0.0393053016453
55 0.527422303473 0.0219378427788 0.00822669104205 0.0054844606947 0.00457038391225 0.221206581353 0.00091407678245 0.00822669104205 0.0 0.0255941499086 0.0018281535649 0.0036563071298 0.0018281535649 0.0018281535649 0.0073126142596 0.0420475319927 0.026508226691 0.0475319926874 0.00274223034735 0.00091407678245 0.0402193784278
56 0.0383912248629 0.0164533820841 0.00091407678245 0.0036563071298 0.0310786106033 0.0 0.0054844606947 0.14533820841 0.0036563071298 0.529250457038 0.0475319926874 0.0 0.0018281535649 0.0018281535649 0.00274223034735 0.0036563071298 0.0164533820841 0.106946983547 0.0 0.00457038391225 0.0402193784278
57 0.0255941499086 0.0109689213894 0.0594149908592 0.176416819013 0.0054844606947 0.0146252285192 0.0237659963437 0.0228519195612 0.138939670932 0.0612431444241 0.0100548446069 0.0374771480804 0.0036563071298 0.102376599634 0.127056672761 0.0667276051188 0.0319926873857 0.0173674588665 0.0054844606947 0.0164533820841 0.0420475319927
58 0.0786106032907 0.0173674588665 0.0255941499086 0.0246800731261 0.0402193784278 0.0073126142596 0.0475319926874 0.0850091407678 0.0420475319927 0.151736745887 0.036563071298 0.0155393053016 0.00091407678245 0.0402193784278 0.0685557586837 0.0585009140768 0.0466179159049 0.0511882998172 0.0603290676417 0.054844606947 0.0466179159049
59 0.329113345521 0.0402650822669 0.00644424131627 0.00644424131627 0.0475776965265 0.0174131627057 0.0146709323583 0.111563071298 0.000959780621572 0.155438756856 0.0292961608775 0.00735831809872 0.00553016453382 0.00278793418647 0.0110146252285 0.0210694698355 0.038436928702 0.0887111517367 0.00461608775137 0.00918647166362 0.0521023765996
60 0.0667276051188 0.0164533820841 0.0255941499086 0.0557586837294 0.0164533820841 0.026508226691 0.0219378427788 0.0712979890311 0.0932358318099 0.115173674589 0.0201096892139 0.0374771480804 0.0722120658135 0.0438756855576 0.063071297989 0.04478976234 0.0356489945155 0.0557586837294 0.0383912248629 0.0173674588665 0.0621572212066
61 0.0420475319927 0.0127970749543 0.0539305301645 0.0685557586837 0.0137111517367 0.189213893967 0.0228519195612 0.0173674588665 0.0767824497258 0.0319926873857 0.00639853747715 0.0795246800731 0.0521023765996 0.036563071298 0.0776965265082 0.0585009140768 0.0292504570384 0.0219378427788 0.00639853747715 0.0137111517367 0.0886654478976
62 0.0521023765996 0.0219378427788 0.0703839122486 0.0274223034735 0.0694698354662 0.0594149908592 0.0283363802559 0.0712979890311 0.0319926873857 0.0786106032907 0.0155393053016 0.0603290676417 0.0612431444241 0.0155393053016 0.0457038391225 0.0466179159049 0.0374771480804 0.0621572212066 0.0155393053016 0.0566727605119 0.0722120658135
63 0.0511882998172 0.0274223034735 0.054844606947 0.0557586837294 0.0155393053016 0.0457038391225 0.0374771480804 0.0127970749543 0.101462522852 0.0283363802559 0.0146252285192 0.0383912248629 0.0255941499086 0.0712979890311 0.118829981718 0.0904936014625 0.100548446069 0.0338208409506 0.0018281535649 0.0109689213894 0.063071297989
64 0.0283363802559 0.0127970749543 0.0575868372943 0.0749542961609 0.00822669104205 0.0228519195612 0.0639853747715 0.0155393053016 0.127056672761 0.0118829981718 0.0054844606947 0.0959780621572 0.0941499085923 0.0420475319927 0.125228519196 0.0904936014625 0.0493601462523 0.026508226691 0.00457038391225 0.0073126142596 0.0356489945155
65 0.0621572212066 0.0100548446069 0.0073126142596 0.00274223034735 0.0356489945155 0.0091407678245 0.00457038391225 0.230347349177 0.00457038391225 0.226691042048 0.0127970749543 0.00274223034735 0.0018281535649 0.00274223034735 0.00639853747715 0.0091407678245 0.0274223034735 0.278793418647 0.00822669104205 0.0201096892139 0.036563071298
66 0.0383912248629 0.0219378427788 0.0237659963437 0.0648994515539 0.0237659963437 0.00091407678245 0.0521023765996 0.149908592322 0.0374771480804 0.0932358318099 0.0173674588665 0.04478976234 0.00822669104205 0.0274223034735 0.0356489945155 0.0228519195612 0.106946983547 0.149908592322 0.0255941499086 0.0210237659963 0.0338208409506
67 0.0091407678245 0.0228519195612 0.0018281535649 0.0036563071298 0.0758683729433 0.0018281535649 0.00274223034735 0.446069469835 0.00274223034735 0.149908592322 0.0127970749543 0.0018281535649 0.0036563071298 0.00274223034735 0.00457038391225 0.0073126142596 0.0054844606947 0.206581352834 0.00091407678245 0.00639853747715 0.0310786106033
68 0.0420475319927 0.0329067641682 0.00639853747715 0.148080438757 0.146252285192 0.0100548446069 0.0420475319927 0.0383912248629 0.0356489945155 0.0959780621572 0.0137111517367 0.0155393053016 0.00274223034735 0.0246800731261 0.0566727605119 0.0127970749543 0.0036563071298 0.0685557586837 0.0137111517367 0.159049360146 0.0310786106033
69 0.0301645338208 0.0429616087751 0.00091407678245 0.0073126142596 0.00639853747715 0.0667276051188 0.0109689213894 0.0292504570384 0.0036563071298 0.0383912248629 0.0210237659963 0.0100548446069 0.00274223034735 0.00274223034735 0.0073126142596 0.27239488117 0.361060329068 0.0383912248629 0.00457038391225 0.0118829981718 0.0310786106033
70 0.0073126142596 0.00274223034735 0.7760511883 0.0164533820841 0.00091407678245 0.0091407678245 0.0137111517367 0.00274223034735 0.0073126142596 0.0018281535649 0.00274223034735 0.0347349177331 0.00639853747715 0.0018281535649 0.0173674588665 0.0310786106033 0.0155393053016 0.0073126142596 0.0 0.0091407678245 0.0356489945155
71 0.036563071298 0.115173674589 0.018281535649 0.0109689213894 0.0118829981718 0.0036563071298 0.0073126142596 0.0036563071298 0.0018281535649 0.0155393053016 0.00274223034735 0.13071297989 0.0054844606947 0.0036563071298 0.0036563071298 0.543875685558 0.00274223034735 0.00639853747715 0.0 0.018281535649 0.0575868372943
72 0.0612431444241 0.00822669104205 0.0310786106033 0.0749542961609 0.0100548446069 0.0146252285192 0.00822669104205 0.0274223034735 0.142595978062 0.115173674589 0.0283363802559 0.0237659963437 0.0100548446069 0.170932358318 0.0749542961609 0.0603290676417 0.0511882998172 0.0146252285192 0.00457038391225 0.0073126142596 0.0603290676417
73 0.113345521024 0.00091407678245 0.0338208409506 0.0402193784278 0.0393053016453 0.0274223034735 0.0146252285192 0.0301645338208 0.0146252285192 0.0895795246801 0.0146252285192 0.0530164533821 0.0219378427788 0.026508226691 0.0201096892139 0.123400365631 0.0648994515539 0.0457038391225 0.0118829981718 0.150822669104 0.063071297989
74 0.248628884826 0.0173674588665 0.00274223034735 0.00274223034735 0.0091407678245 0.0091407678245 0.0 0.0795246800731 0.0 0.17915904936 0.018281535649 0.0073126142596 0.0018281535649 0.0 0.0036563071298 0.0457038391225 0.0356489945155 0.266910420475 0.00091407678245 0.00274223034735 0.0685557586837
75 0.0603290676417 0.0237659963437 0.0036563071298 0.00639853747715 0.0255941499086 0.00639853747715 0.00274223034735 0.239488117002 0.0173674588665 0.189213893967 0.0255941499086 0.0073126142596 0.00274223034735 0.0146252285192 0.0127970749543 0.0228519195612 0.0219378427788 0.242230347349 0.0036563071298 0.0246800731261 0.0466179159049
76 0.0539305301645 0.0036563071298 0.0959780621572 0.0822669104205 0.0054844606947 0.0511882998172 0.0319926873857 0.0127970749543 0.113345521024 0.0255941499086 0.0191956124314 0.109689213894 0.0054844606947 0.102376599634 0.0932358318099 0.0740402193784 0.036563071298 0.0100548446069 0.0054844606947 0.0191956124314 0.0484460694698
77 0.163619744059 0.0466179159049 0.0146252285192 0.0173674588665 0.0246800731261 0.0859232175503 0.0274223034735 0.0484460694698 0.0246800731261 0.0786106032907 0.0383912248629 0.0319926873857 0.00091407678245 0.0685557586837 0.0301645338208 0.0959780621572 0.0575868372943 0.0374771480804 0.0228519195612 0.0191956124314 0.0648994515539
78 0.0429616087751 0.0137111517367 0.0018281535649 0.0036563071298 0.063071297989 0.0054844606947 0.0073126142596 0.233089579525 0.00274223034735 0.307129798903 0.0539305301645 0.00274223034735 0.00639853747715 0.0018281535649 0.0054844606947 0.0127970749543 0.0137111517367 0.129798903108 0.0091407678245 0.0210237659963 0.0621572212066
79 0.0566727605119 0.0155393053016 0.0383912248629 0.0457038391225 0.0109689213894 0.0301645338208 0.0274223034735 0.0155393053016 0.0831809872029 0.0521023765996 0.0127970749543 0.13436928702 0.0100548446069 0.0895795246801 0.0694698354662 0.0804387568556 0.111517367459 0.0219378427788 0.0054844606947 0.0118829981718 0.0767824497258
80 0.0347349177331 0.0118829981718 0.0612431444241 0.0566727605119 0.0091407678245 0.107861060329 0.0255941499086 0.0118829981718 0.109689213894 0.0173674588665 0.0054844606947 0.0895795246801 0.0073126142596 0.0338208409506 0.0767824497258 0.100548446069 0.0429616087751 0.0100548446069 0.00091407678245 0.0127970749543 0.173674588665
81 0.0146252285192 0.00822669104205 0.0173674588665 0.0100548446069 0.0228519195612 0.0292504570384 0.0173674588665 0.0118829981718 0.0228519195612 0.0356489945155 0.00457038391225 0.0255941499086 0.026508226691 0.0146252285192 0.0466179159049 0.0237659963437 0.0146252285192 0.0118829981718 0.116087751371 0.0283363802559 0.497257769653
82 0.0338665447898 0.00827239488117 0.0110146252285 0.00827239488117 0.00827239488117 0.0155850091408 0.00827239488117 0.0585466179159 0.0174131627057 0.103336380256 0.0265539305302 0.00553016453382 0.0164990859232 0.00827239488117 0.0256398537477 0.020155393053 0.0137568555759 0.0338665447898 0.000959780621572 0.0192413162706 0.556672760512
83 0.0210237659963 0.0054844606947 0.0255941499086 0.0502742230347 0.0118829981718 0.0173674588665 0.0210237659963 0.0100548446069 0.0292504570384 0.0173674588665 0.00457038391225 0.0210237659963 0.0557586837294 0.0191956124314 0.0246800731261 0.0347349177331 0.0310786106033 0.0155393053016 0.00822669104205 0.0100548446069 0.565813528336
84 0.018281535649 0.0 0.0228519195612 0.0292504570384 0.0054844606947 0.0603290676417 0.0091407678245 0.0137111517367 0.0594149908592 0.018281535649 0.0036563071298 0.0292504570384 0.018281535649 0.0137111517367 0.0393053016453 0.0356489945155 0.0255941499086 0.0164533820841 0.00274223034735 0.0073126142596 0.571297989031
85 0.00639853747715 0.00457038391225 0.00639853747715 0.00457038391225 0.0118829981718 0.0091407678245 0.0109689213894 0.0100548446069 0.0118829981718 0.0118829981718 0.00274223034735 0.0146252285192 0.0118829981718 0.0073126142596 0.0164533820841 0.00822669104205 0.0036563071298 0.00639853747715 0.200182815356 0.0155393053016 0.625228519196
86 0.0347349177331 0.00457038391225 0.0091407678245 0.0429616087751 0.0073126142596 0.0036563071298 0.00822669104205 0.0109689213894 0.0658135283364 0.018281535649 0.0091407678245 0.0100548446069 0.0100548446069 0.0246800731261 0.0411334552102 0.0255941499086 0.0091407678245 0.0100548446069 0.0 0.00274223034735 0.651736745887
87 0.0292504570384 0.0018281535649 0.0329067641682 0.0237659963437 0.0036563071298 0.00639853747715 0.0118829981718 0.0073126142596 0.0466179159049 0.0155393053016 0.0073126142596 0.0137111517367 0.0127970749543 0.0228519195612 0.0557586837294 0.0191956124314 0.0173674588665 0.0054844606947 0.00274223034735 0.00639853747715 0.657221206581
88 0.0210237659963 0.0018281535649 0.0109689213894 0.0155393053016 0.0054844606947 0.0201096892139 0.00639853747715 0.0091407678245 0.0329067641682 0.0073126142596 0.0 0.101462522852 0.00457038391225 0.0164533820841 0.0511882998172 0.0228519195612 0.0118829981718 0.0073126142596 0.00274223034735 0.0036563071298 0.647166361974
89 0.0255941499086 0.0036563071298 0.0566727605119 0.04478976234 0.00274223034735 0.180987202925 0.0100548446069 0.00639853747715 0.0246800731261 0.0127970749543 0.0036563071298 0.0511882998172 0.026508226691 0.0164533820841 0.0347349177331 0.0356489945155 0.018281535649 0.0155393053016 0.00274223034735 0.00639853747715 0.420475319927
90 0.0146252285192 0.00639853747715 0.00639853747715 0.00639853747715 0.0667276051188 0.0127970749543 0.00457038391225 0.0146252285192 0.0091407678245 0.0191956124314 0.0109689213894 0.00822669104205 0.0246800731261 0.0100548446069 0.018281535649 0.026508226691 0.0146252285192 0.0073126142596 0.212065813528 0.0612431444241 0.445155393053
91 0.0301645338208 0.0073126142596 0.0255941499086 0.0356489945155 0.0036563071298 0.0274223034735 0.00822669104205 0.0420475319927 0.113345521024 0.0530164533821 0.0191956124314 0.0155393053016 0.0329067641682 0.0356489945155 0.102376599634 0.0292504570384 0.0475319926874 0.0411334552102 0.0018281535649 0.0073126142596 0.32084095064
92 0.0383912248629 0.0109689213894 0.018281535649 0.018281535649 0.0054844606947 0.0210237659963 0.0054844606947 0.0164533820841 0.0658135283364 0.0191956124314 0.0073126142596 0.0566727605119 0.0255941499086 0.0246800731261 0.0429616087751 0.0429616087751 0.0978062157221 0.0146252285192 0.0018281535649 0.00822669104205 0.457952468007
93 0.0776965265082 0.00639853747715 0.0118829981718 0.018281535649 0.00457038391225 0.0338208409506 0.0127970749543 0.0146252285192 0.063071297989 0.0255941499086 0.0073126142596 0.0255941499086 0.0338208409506 0.0292504570384 0.0475319926874 0.0932358318099 0.0255941499086 0.0164533820841 0.0018281535649 0.0054844606947 0.445155393053
94 0.0319926873857 0.0054844606947 0.0694698354662 0.0219378427788 0.0054844606947 0.0347349177331 0.0146252285192 0.0073126142596 0.0575868372943 0.0127970749543 0.00091407678245 0.04478976234 0.0237659963437 0.0210237659963 0.0557586837294 0.0886654478976 0.0338208409506 0.0091407678245 0.0018281535649 0.00639853747715 0.452468007313
95 0.0228519195612 0.00822669104205 0.0191956124314 0.0356489945155 0.0100548446069 0.180987202925 0.0127970749543 0.0118829981718 0.0420475319927 0.0228519195612 0.00457038391225 0.0402193784278 0.0255941499086 0.0255941499086 0.0274223034735 0.0347349177331 0.0155393053016 0.0127970749543 0.00091407678245 0.00822669104205 0.437842778793
96 0.0310786106033 0.0018281535649 0.0210237659963 0.054844606947 0.0073126142596 0.0521023765996 0.0201096892139 0.0173674588665 0.0840950639854 0.0164533820841 0.00457038391225 0.0329067641682 0.0164533820841 0.0466179159049 0.0493601462523 0.0603290676417 0.04478976234 0.0246800731261 0.0036563071298 0.0109689213894 0.399451553931
97 0.026508226691 0.0036563071298 0.0420475319927 0.0438756855576 0.0173674588665 0.0493601462523 0.0219378427788 0.0255941499086 0.04478976234 0.0484460694698 0.0137111517367 0.0219378427788 0.150822669104 0.0228519195612 0.0411334552102 0.0557586837294 0.0283363802559 0.0301645338208 0.0018281535649 0.0310786106033 0.278793418647
98 0.04478976234 0.0246800731261 0.0137111517367 0.0137111517367 0.0146252285192 0.0146252285192 0.036563071298 0.106032906764 0.0246800731261 0.0767824497258 0.00822669104205 0.0109689213894 0.0338208409506 0.0201096892139 0.036563071298 0.0420475319927 0.0511882998172 0.158135283364 0.0127970749543 0.0109689213894 0.244972577697
99 0.0822669104205 0.00457038391225 0.0191956124314 0.0521023765996 0.0054844606947 0.0274223034735 0.0173674588665 0.0338208409506 0.108775137112 0.0539305301645 0.00822669104205 0.0228519195612 0.0594149908592 0.0356489945155 0.0667276051188 0.0575868372943 0.0411334552102 0.054844606947 0.0054844606947 0.0201096892139 0.223034734918
100 0.0310786106033 0.0109689213894 0.0301645338208 0.0310786106033 0.0347349177331 0.0274223034735 0.0703839122486 0.0402193784278 0.0091407678245 0.0694698354662 0.0191956124314 0.198354661792 0.00639853747715 0.0109689213894 0.0237659963437 0.0694698354662 0.0356489945155 0.0228519195612 0.00457038391225 0.0585009140768 0.195612431444
101 0.091407678245 0.0100548446069 0.0210237659963 0.0329067641682 0.0118829981718 0.036563071298 0.0301645338208 0.0292504570384 0.0749542961609 0.0585009140768 0.00639853747715 0.0274223034735 0.0466179159049 0.073126142596 0.091407678245 0.0594149908592 0.0329067641682 0.0402193784278 0.00822669104205 0.0237659963437 0.193784277879
102 0.0658135283364 0.00639853747715 0.133455210238 0.122486288848 0.0137111517367 0.0393053016453 0.026508226691 0.0356489945155 0.0521023765996 0.0383912248629 0.0173674588665 0.0502742230347 0.0539305301645 0.0393053016453 0.0612431444241 0.0712979890311 0.0393053016453 0.0274223034735 0.0091407678245 0.0146252285192 0.0822669104205
103 0.0347349177331 0.0100548446069 0.0109689213894 0.0356489945155 0.054844606947 0.00639853747715 0.0073126142596 0.168190127971 0.0201096892139 0.311700182815 0.0173674588665 0.00822669104205 0.0073126142596 0.0219378427788 0.0210237659963 0.0164533820841 0.0292504570384 0.0658135283364 0.0100548446069 0.0585009140768 0.0840950639854
104 0.0438756855576 0.0164533820841 0.00457038391225 0.00822669104205 0.0722120658135 0.0018281535649 0.0118829981718 0.127056672761 0.0292504570384 0.162705667276 0.0283363802559 0.00822669104205 0.0036563071298 0.0146252285192 0.0374771480804 0.0228519195612 0.0219378427788 0.108775137112 0.138939670932 0.054844606947 0.0822669104205
105 0.0639853747715 0.0109689213894 0.0648994515539 0.109689213894 0.0118829981718 0.0127970749543 0.0310786106033 0.0228519195612 0.111517367459 0.0585009140768 0.0210237659963 0.0429616087751 0.0109689213894 0.108775137112 0.129798903108 0.0566727605119 0.0283363802559 0.0127970749543 0.00274223034735 0.0127970749543 0.0749542961609
106 0.0941499085923 0.0127970749543 0.0831809872029 0.13071297989 0.0191956124314 0.0100548446069 0.0173674588665 0.04478976234 0.0868372943327 0.0722120658135 0.0146252285192 0.0310786106033 0.0100548446069 0.0667276051188 0.0859232175503 0.0539305301645 0.0301645338208 0.0310786106033 0.0073126142596 0.0201096892139 0.0776965265082
107 0.073126142596 0.0347349177331 0.00274223034735 0.0054844606947 0.0438756855576 0.00457038391225 0.00274223034735 0.298903107861 0.00274223034735 0.225776965265 0.0329067641682 0.0073126142596 0.0036563071298 0.00457038391225 0.0191956124314 0.0173674588665 0.0347349177331 0.0877513711152 0.0100548446069 0.0173674588665 0.0703839122486
108 0.0594149908592 0.0146252285192 0.0694698354662 0.0457038391225 0.0255941499086 0.0155393053016 0.0484460694698 0.0466179159049 0.0868372943327 0.099634369287 0.0210237659963 0.0347349177331 0.00822669104205 0.0621572212066 0.105118829982 0.0402193784278 0.0292504570384 0.0511882998172 0.0283363802559 0.0274223034735 0.0804387568556
109 0.0895795246801 0.0100548446069 0.0767824497258 0.138939670932 0.018281535649 0.0338208409506 0.0347349177331 0.018281535649 0.0987202925046 0.0466179159049 0.00822669104205 0.0475319926874 0.0073126142596 0.0603290676417 0.0786106032907 0.0676416819013 0.0466179159049 0.0164533820841 0.00639853747715 0.0127970749543 0.0822669104205
110 0.0694698354662 0.0237659963437 0.0118829981718 0.0319926873857 0.0484460694698 0.0127970749543 0.0164533820841 0.0822669104205 0.0374771480804 0.319012797075 0.0374771480804 0.0109689213894 0.00457038391225 0.0292504570384 0.0466179159049 0.0237659963437 0.0301645338208 0.0374771480804 0.0173674588665 0.0246800731261 0.0840950639854
111 0.0749542961609 0.0329067641682 0.0137111517367 0.0319926873857 0.0255941499086 0.0118829981718 0.0146252285192 0.0968921389397 0.0539305301645 0.228519195612 0.0493601462523 0.0191956124314 0.00822669104205 0.0274223034735 0.0484460694698 0.0557586837294 0.0310786106033 0.0566727605119 0.0091407678245 0.0210237659963 0.0886654478976
112 0.0594149908592 0.0100548446069 0.0667276051188 0.104204753199 0.00639853747715 0.0319926873857 0.0219378427788 0.0137111517367 0.0987202925046 0.0383912248629 0.0146252285192 0.0639853747715 0.0210237659963 0.0648994515539 0.144424131627 0.0822669104205 0.0347349177331 0.0191956124314 0.00457038391225 0.0118829981718 0.0868372943327
113 0.0402193784278 0.0127970749543 0.0511882998172 0.0904936014625 0.00639853747715 0.073126142596 0.0292504570384 0.0210237659963 0.106946983547 0.0557586837294 0.0155393053016 0.0603290676417 0.0219378427788 0.0758683729433 0.0904936014625 0.0758683729433 0.0402193784278 0.0164533820841 0.0054844606947 0.0127970749543 0.0978062157221
114 0.0256398537477 0.020155393053 0.0164990859232 0.0238117001828 0.121617915905 0.0402650822669 0.0603747714808 0.0722577696527 0.0420932358318 0.132586837294 0.0210694698355 0.0393510054845 0.0155850091408 0.0146709323583 0.0804844606947 0.020155393053 0.0274680073126 0.0521480804388 0.0274680073126 0.0256398537477 0.120658135283
115 0.0301645338208 0.0109689213894 0.0712979890311 0.0895795246801 0.0173674588665 0.0420475319927 0.0347349177331 0.0201096892139 0.0868372943327 0.0374771480804 0.0054844606947 0.0877513711152 0.0475319926874 0.0530164533821 0.0776965265082 0.0895795246801 0.063071297989 0.0319926873857 0.0036563071298 0.0127970749543 0.0868372943327
116 0.0228519195612 0.0411334552102 0.0054844606947 0.0054844606947 0.0575868372943 0.00274223034735 0.0109689213894 0.191956124314 0.0137111517367 0.111517367459 0.0118829981718 0.0018281535649 0.0155393053016 0.0018281535649 0.0137111517367 0.0210237659963 0.0521023765996 0.292504570384 0.0201096892139 0.0237659963437 0.0822669104205
117 0.0347349177331 0.0137111517367 0.0393053016453 0.0886654478976 0.0274223034735 0.0155393053016 0.0438756855576 0.0338208409506 0.0859232175503 0.0338208409506 0.00822669104205 0.0347349177331 0.00274223034735 0.0493601462523 0.0941499085923 0.109689213894 0.117001828154 0.0557586837294 0.00822669104205 0.0237659963437 0.0795246800731
118 0.0137111517367 0.0073126142596 0.00457038391225 0.0036563071298 0.240402193784 0.0109689213894 0.0018281535649 0.159049360146 0.00274223034735 0.204753199269 0.0191956124314 0.00091407678245 0.00822669104205 0.00274223034735 0.0036563071298 0.00822669104205 0.0127970749543 0.147166361974 0.0402193784278 0.0219378427788 0.0859232175503
119 0.0457038391225 0.026508226691 0.0073126142596 0.0703839122486 0.0210237659963 0.0201096892139 0.0639853747715 0.054844606947 0.0904936014625 0.036563071298 0.0210237659963 0.0338208409506 0.0036563071298 0.0758683729433 0.100548446069 0.0539305301645 0.0521023765996 0.0850091407678 0.0164533820841 0.0255941499086 0.0950639853748
