POS A C D E F G H I K L M N P Q R S T V W Y -
1 0.00910746812386 0.000910746812386 0.00273224043716 0.00546448087432 0.0 0.00364298724954 0.0 0.0145719489982 0.011839708561 0.0227686703097 0.00273224043716 0.000910746812386 0.0373406193078 0.00273224043716 0.00182149362477 0.00546448087432 0.00546448087432 0.00546448087432 0.0 0.00182149362477 0.865209471767
2 0.0100182149362 0.00182149362477 0.0464480874317 0.028233151184 0.00182149362477 0.104735883424 0.00819672131148 0.00364298724954 0.0382513661202 0.00910746812386 0.0264116575592 0.0336976320583 0.0364298724954 0.00910746812386 0.0300546448087 0.028233151184 0.0200364298725 0.0063752276867 0.000910746812386 0.00819672131148 0.548269581056
3 0.0392076502732 0.0146174863388 0.0537795992714 0.0455828779599 0.0319216757741 0.029189435337 0.0255464480874 0.0164389799636 0.0346539162113 0.017349726776 0.0219034608379 0.0191712204007 0.0346539162113 0.0264571948998 0.0319216757741 0.0492258652095 0.0710837887067 0.0282786885246 0.0474043715847 0.0228142076503 0.338797814208
4 0.0319216757741 0.012795992714 0.00551001821494 0.00551001821494 0.0455828779599 0.00733151183971 0.00642076502732 0.121174863388 0.00733151183971 0.16762295082 0.0355646630237 0.0100637522769 0.0155282331512 0.0100637522769 0.012795992714 0.0100637522769 0.0437613843352 0.142122040073 0.0319216757741 0.0574225865209 0.219489981785
5 0.0300546448087 0.0154826958106 0.016393442623 0.0428051001821 0.0127504553734 0.00273224043716 0.0355191256831 0.0846994535519 0.168488160291 0.0409836065574 0.00819672131148 0.0227686703097 0.00546448087432 0.023679417122 0.0510018214936 0.0364298724954 0.0856102003643 0.135701275046 0.00546448087432 0.0218579234973 0.153916211293
6 0.0601092896175 0.0646630236794 0.0 0.00182149362477 0.0601092896175 0.00728597449909 0.000910746812386 0.233151183971 0.000910746812386 0.16393442623 0.0154826958106 0.00455373406193 0.00182149362477 0.0 0.00364298724954 0.00182149362477 0.00910746812386 0.197632058288 0.0173041894353 0.0191256830601 0.136612021858
7 0.0464480874317 0.0063752276867 0.000910746812386 0.00819672131148 0.175774134791 0.00728597449909 0.0209471766849 0.0218579234973 0.00728597449909 0.0109289617486 0.0063752276867 0.144808743169 0.00273224043716 0.011839708561 0.0100182149362 0.023679417122 0.0200364298725 0.0109289617486 0.0428051001821 0.293260473588 0.127504553734
8 0.0291438979964 0.0500910746812 0.00455373406193 0.00546448087432 0.0710382513661 0.0109289617486 0.000910746812386 0.0810564663024 0.00364298724954 0.023679417122 0.0127504553734 0.00182149362477 0.00455373406193 0.00364298724954 0.00364298724954 0.068306010929 0.34335154827 0.153916211293 0.00273224043716 0.0063752276867 0.11839708561
9 0.0255464480874 0.00733151183971 0.713160291439 0.0164389799636 0.000956284153005 0.0182604735883 0.0137067395264 0.00551001821494 0.0100637522769 0.00277777777778 0.00642076502732 0.0191712204007 0.00368852459016 0.00186703096539 0.0100637522769 0.0155282331512 0.00915300546448 0.00368852459016 4.55373406193e-05 0.00368852459016 0.112932604736
10 0.214936247723 0.00273224043716 0.0063752276867 0.00819672131148 0.000910746812386 0.527322404372 0.00273224043716 0.00364298724954 0.00364298724954 0.00546448087432 0.00546448087432 0.011839708561 0.00364298724954 0.00182149362477 0.011839708561 0.0318761384335 0.0182149362477 0.0218579234973 0.000910746812386 0.00455373406193 0.112021857923
11 0.153005464481 0.0182149362477 0.00364298724954 0.00364298724954 0.00546448087432 0.063752276867 0.00728597449909 0.0109289617486 0.00546448087432 0.0173041894353 0.00182149362477 0.0063752276867 0.0109289617486 0.00546448087432 0.00910746812386 0.504553734062 0.028233151184 0.0227686703097 0.00273224043716 0.00546448087432 0.113843351548
12 0.0628870673953 0.0993169398907 0.0164389799636 0.012795992714 0.0892987249545 0.024635701275 0.0209927140255 0.0228142076503 0.0628870673953 0.0392076502732 0.024635701275 0.00733151183971 0.00733151183971 0.00733151183971 0.0428506375228 0.0911202185792 0.0364754098361 0.0738160291439 0.0592440801457 0.0592440801457 0.139344262295
13 0.0273679417122 0.0182604735883 0.0556010928962 0.0310109289617 0.0346539162113 0.0137067395264 0.0382969034608 0.0637978142077 0.0856557377049 0.0719945355191 0.00824225865209 0.0592440801457 0.0146174863388 0.0310109289617 0.112978142077 0.0683515482696 0.0474043715847 0.0401183970856 0.00551001821494 0.0282786885246 0.143897996357
14 0.0501366120219 0.00642076502732 0.041029143898 0.0556010928962 0.00551001821494 0.10660291439 0.0282786885246 0.0200819672131 0.0747267759563 0.0264571948998 0.00277777777778 0.0774590163934 0.0856557377049 0.0382969034608 0.041029143898 0.081102003643 0.0328324225865 0.029189435337 0.00642076502732 0.0219034608379 0.168488160291
15 0.0346539162113 0.00551001821494 0.0701730418944 0.052868852459 0.00824225865209 0.0729052823315 0.0219034608379 0.012795992714 0.0601548269581 0.0209927140255 0.00642076502732 0.156693989071 0.0273679417122 0.0364754098361 0.0373861566485 0.0820127504554 0.0346539162113 0.0191712204007 0.00459927140255 0.0109744990893 0.224043715847
16 0.0418943533698 0.00728597449909 0.0382513661202 0.0391621129326 0.00455373406193 0.132058287796 0.0182149362477 0.00546448087432 0.0446265938069 0.0191256830601 0.0 0.0482695810565 0.0774134790528 0.040072859745 0.0382513661202 0.0719489981785 0.0755919854281 0.00910746812386 0.00364298724954 0.0063752276867 0.27868852459
17 0.0364298724954 0.0100182149362 0.0382513661202 0.0245901639344 0.00819672131148 0.222222222222 0.0209471766849 0.00910746812386 0.0610200364299 0.0227686703097 0.00819672131148 0.0491803278689 0.0209471766849 0.0291438979964 0.0601092896175 0.0446265938069 0.0309653916211 0.0154826958106 0.00546448087432 0.011839708561 0.270491803279
18 0.0619307832423 0.0173041894353 0.0173041894353 0.0373406193078 0.0145719489982 0.0446265938069 0.0245901639344 0.0409836065574 0.0828779599271 0.0364298724954 0.00728597449909 0.0245901639344 0.0573770491803 0.0364298724954 0.0692167577413 0.0591985428051 0.0446265938069 0.0537340619308 0.0063752276867 0.0154826958106 0.247723132969
19 0.205828779599 0.0209471766849 0.0109289617486 0.0154826958106 0.0136612021858 0.167577413479 0.00455373406193 0.040072859745 0.0182149362477 0.0200364298725 0.0245901639344 0.0182149362477 0.00364298724954 0.0063752276867 0.0200364298725 0.0883424408015 0.0537340619308 0.0655737704918 0.00182149362477 0.016393442623 0.183970856102
20 0.135701275046 0.0136612021858 0.0063752276867 0.00910746812386 0.00364298724954 0.481785063752 0.00546448087432 0.0109289617486 0.016393442623 0.0063752276867 0.00273224043716 0.0136612021858 0.0063752276867 0.00819672131148 0.0273224043716 0.0692167577413 0.028233151184 0.0245901639344 0.0063752276867 0.00910746812386 0.114754098361
21 0.142076502732 0.0564663023679 0.00364298724954 0.00273224043716 0.0701275045537 0.0273224043716 0.00910746812386 0.113843351548 0.0136612021858 0.0582877959927 0.0227686703097 0.00364298724954 0.00364298724954 0.00819672131148 0.0127504553734 0.0546448087432 0.0273224043716 0.08014571949 0.0883424408015 0.0810564663024 0.120218579235
22 0.22131147541 0.00728597449909 0.0063752276867 0.00728597449909 0.00455373406193 0.504553734062 0.000910746812386 0.00819672131148 0.00364298724954 0.00455373406193 0.00546448087432 0.000910746812386 0.00546448087432 0.00455373406193 0.016393442623 0.051912568306 0.0136612021858 0.0227686703097 0.000910746812386 0.00182149362477 0.107468123862
23 0.136612021858 0.0409836065574 0.000910746812386 0.00364298724954 0.0783242258652 0.110200364299 0.000910746812386 0.0956284153005 0.000910746812386 0.0382513661202 0.0109289617486 0.00182149362477 0.00273224043716 0.0 0.00819672131148 0.0364298724954 0.0100182149362 0.168488160291 0.0792349726776 0.0701275045537 0.105646630237
24 0.108378870674 0.0218579234973 0.000910746812386 0.00364298724954 0.0482695810565 0.011839708561 0.0109289617486 0.133879781421 0.00819672131148 0.0755919854281 0.0136612021858 0.00546448087432 0.00182149362477 0.00546448087432 0.0063752276867 0.023679417122 0.0355191256831 0.277777777778 0.0273224043716 0.0673952641166 0.112021857923
25 0.0601092896175 0.0346083788707 0.0100182149362 0.00728597449909 0.0774134790528 0.0528233151184 0.0100182149362 0.171220400729 0.0063752276867 0.152094717668 0.0209471766849 0.00364298724954 0.00364298724954 0.00728597449909 0.0191256830601 0.0355191256831 0.0191256830601 0.13752276867 0.0245901639344 0.0364298724954 0.110200364299
26 0.0255009107468 0.0136612021858 0.0100182149362 0.0446265938069 0.040072859745 0.0373406193078 0.0209471766849 0.0473588342441 0.0537340619308 0.0573770491803 0.0145719489982 0.0154826958106 0.0464480874317 0.0364298724954 0.187613843352 0.0428051001821 0.0382513661202 0.0938069216758 0.0145719489982 0.0601092896175 0.0992714025501
27 0.0391621129326 0.0154826958106 0.184881602914 0.0355191256831 0.0264116575592 0.0382513661202 0.0346083788707 0.023679417122 0.0291438979964 0.0364298724954 0.00182149362477 0.0956284153005 0.0373406193078 0.0309653916211 0.0364298724954 0.0828779599271 0.0409836065574 0.0273224043716 0.0145719489982 0.0546448087432 0.113843351548
28 0.0327868852459 0.0063752276867 0.0974499089253 0.0591985428051 0.00910746812386 0.191256830601 0.0300546448087 0.0109289617486 0.0428051001821 0.0227686703097 0.00819672131148 0.0983606557377 0.0537340619308 0.0273224043716 0.0364298724954 0.0628415300546 0.051912568306 0.0154826958106 0.00364298724954 0.0063752276867 0.132969034608
29 0.0355191256831 0.00455373406193 0.0765027322404 0.0746812386157 0.00546448087432 0.251366120219 0.0218579234973 0.00910746812386 0.0546448087432 0.0182149362477 0.00819672131148 0.0546448087432 0.0264116575592 0.0391621129326 0.0437158469945 0.0573770491803 0.0364298724954 0.0200364298725 0.00455373406193 0.00819672131148 0.149362477231
30 0.0446265938069 0.0145719489982 0.0464480874317 0.0673952641166 0.051912568306 0.0437158469945 0.0382513661202 0.0409836065574 0.0464480874317 0.0437158469945 0.0209471766849 0.0291438979964 0.0218579234973 0.040072859745 0.0564663023679 0.0510018214936 0.051912568306 0.0701275045537 0.0437158469945 0.0173041894353 0.159380692168
31 0.0291438979964 0.016393442623 0.0245901639344 0.068306010929 0.0382513661202 0.0209471766849 0.0173041894353 0.091985428051 0.0446265938069 0.0819672131148 0.0127504553734 0.0327868852459 0.0528233151184 0.0373406193078 0.0510018214936 0.040072859745 0.0391621129326 0.115664845173 0.023679417122 0.0273224043716 0.133879781421
32 0.0537340619308 0.0182149362477 0.0191256830601 0.0510018214936 0.0309653916211 0.0473588342441 0.0291438979964 0.0765027322404 0.0728597449909 0.106557377049 0.0264116575592 0.0200364298725 0.00910746812386 0.0373406193078 0.0737704918033 0.0418943533698 0.0373406193078 0.0491803278689 0.0264116575592 0.0437158469945 0.129326047359
33 0.0910746812386 0.0109289617486 0.0336976320583 0.0765027322404 0.023679417122 0.0874316939891 0.0309653916211 0.0346083788707 0.0418943533698 0.051912568306 0.0173041894353 0.0728597449909 0.0154826958106 0.0491803278689 0.0482695810565 0.0856102003643 0.0482695810565 0.0391621129326 0.0154826958106 0.0145719489982 0.111111111111
34 0.0874316939891 0.0182149362477 0.011839708561 0.0264116575592 0.122950819672 0.0500910746812 0.0227686703097 0.0810564663024 0.0373406193078 0.0901639344262 0.0245901639344 0.0136612021858 0.011839708561 0.023679417122 0.0318761384335 0.0491803278689 0.0364298724954 0.0601092896175 0.0346083788707 0.0564663023679 0.109289617486
35 0.124772313297 0.023679417122 0.011839708561 0.0191256830601 0.0382513661202 0.08014571949 0.023679417122 0.0154826958106 0.0619307832423 0.0409836065574 0.0109289617486 0.0200364298725 0.0209471766849 0.0291438979964 0.063752276867 0.195810564663 0.0382513661202 0.0273224043716 0.00819672131148 0.0482695810565 0.0974499089253
36 0.0537340619308 0.0154826958106 0.0182149362477 0.0446265938069 0.0318761384335 0.158469945355 0.0109289617486 0.0391621129326 0.0710382513661 0.0774134790528 0.011839708561 0.028233151184 0.0546448087432 0.0245901639344 0.08014571949 0.063752276867 0.0309653916211 0.0418943533698 0.016393442623 0.0218579234973 0.104735883424
37 0.0464480874317 0.0173041894353 0.0264116575592 0.0291438979964 0.0355191256831 0.08014571949 0.0245901639344 0.0628415300546 0.0601092896175 0.105646630237 0.016393442623 0.0346083788707 0.0710382513661 0.0264116575592 0.0446265938069 0.0774134790528 0.0391621129326 0.051912568306 0.00364298724954 0.0346083788707 0.112021857923
38 0.0409836065574 0.0245901639344 0.0500910746812 0.0810564663024 0.0428051001821 0.0573770491803 0.0245901639344 0.0610200364299 0.040072859745 0.121129326047 0.00728597449909 0.0300546448087 0.063752276867 0.0218579234973 0.0510018214936 0.0619307832423 0.0446265938069 0.0610200364299 0.00364298724954 0.0200364298725 0.0910746812386
39 0.0556010928962 0.0155282331512 0.0565118397086 0.0501366120219 0.0282786885246 0.155783242259 0.0364754098361 0.0182604735883 0.0519581056466 0.0364754098361 0.00551001821494 0.0437613843352 0.0865664845173 0.0355646630237 0.0546903460838 0.0546903460838 0.0537795992714 0.0219034608379 0.00642076502732 0.017349726776 0.114754098361
40 0.0573770491803 0.0355191256831 0.0564663023679 0.0573770491803 0.0264116575592 0.0555555555556 0.0355191256831 0.0418943533698 0.0601092896175 0.0528233151184 0.0136612021858 0.0601092896175 0.0446265938069 0.028233151184 0.0510018214936 0.0528233151184 0.0491803278689 0.0564663023679 0.00546448087432 0.0273224043716 0.132058287796
41 0.102003642987 0.0491803278689 0.0218579234973 0.028233151184 0.016393442623 0.051912568306 0.0446265938069 0.028233151184 0.0264116575592 0.0500910746812 0.016393442623 0.0309653916211 0.0464480874317 0.0701275045537 0.0382513661202 0.108378870674 0.111111111111 0.0437158469945 0.0136612021858 0.0218579234973 0.08014571949
42 0.0136612021858 0.0109289617486 0.0892531876138 0.0273224043716 0.00819672131148 0.023679417122 0.0182149362477 0.00728597449909 0.0136612021858 0.016393442623 0.00910746812386 0.0646630236794 0.016393442623 0.0127504553734 0.0154826958106 0.293260473588 0.269581056466 0.00455373406193 0.00273224043716 0.00910746812386 0.0737704918033
43 0.119307832423 0.00182149362477 0.00364298724954 0.0191256830601 0.00728597449909 0.0173041894353 0.011839708561 0.107468123862 0.0136612021858 0.0145719489982 0.00273224043716 0.183970856102 0.0728597449909 0.0136612021858 0.016393442623 0.167577413479 0.0255009107468 0.120218579235 0.0 0.00728597449909 0.0737704918033
44 0.0373406193078 0.0063752276867 0.0245901639344 0.0300546448087 0.0901639344262 0.0191256830601 0.0355191256831 0.0391621129326 0.0154826958106 0.115664845173 0.0136612021858 0.194899817851 0.0154826958106 0.0810564663024 0.0200364298725 0.0346083788707 0.0582877959927 0.0346083788707 0.00182149362477 0.0591985428051 0.0728597449909
45 0.0610200364299 0.00819672131148 0.0655737704918 0.113843351548 0.0255009107468 0.0227686703097 0.0336976320583 0.0491803278689 0.0346083788707 0.0455373406193 0.0291438979964 0.0154826958106 0.00546448087432 0.0883424408015 0.110200364299 0.0373406193078 0.0692167577413 0.0737704918033 0.0154826958106 0.0273224043716 0.068306010929
46 0.528233151184 0.0273224043716 0.00273224043716 0.00546448087432 0.0063752276867 0.0928961748634 0.00182149362477 0.0127504553734 0.011839708561 0.0601092896175 0.0391621129326 0.00273224043716 0.00819672131148 0.00364298724954 0.0173041894353 0.0455373406193 0.0355191256831 0.0409836065574 0.0 0.00364298724954 0.0537340619308
47 0.0137067395264 0.00186703096539 0.0137067395264 0.800591985428 4.55373406193e-05 0.0118852459016 0.00368852459016 0.00368852459016 0.0328324225865 0.00915300546448 0.00186703096539 0.00459927140255 0.00277777777778 0.0109744990893 0.00368852459016 0.00642076502732 0.0109744990893 0.0100637522769 0.000956284153005 0.00368852459016 0.0528233151184
48 0.119307832423 0.0182149362477 0.000910746812386 0.011839708561 0.0455373406193 0.00910746812386 0.000910746812386 0.0974499089253 0.00364298724954 0.398907103825 0.0418943533698 0.000910746812386 0.00273224043716 0.0063752276867 0.00364298724954 0.0136612021858 0.0318761384335 0.0573770491803 0.00910746812386 0.0755919854281 0.0510018214936
49 0.0765027322404 0.016393442623 0.00546448087432 0.0892531876138 0.0336976320583 0.0127504553734 0.0273224043716 0.0610200364299 0.0291438979964 0.17941712204 0.063752276867 0.016393442623 0.00273224043716 0.051912568306 0.0564663023679 0.0336976320583 0.0373406193078 0.0746812386157 0.0245901639344 0.0610200364299 0.0464480874317
50 0.693989071038 0.0100182149362 0.00455373406193 0.00546448087432 0.00182149362477 0.139344262295 0.000910746812386 0.00273224043716 0.00182149362477 0.00364298724954 0.00455373406193 0.000910746812386 0.00546448087432 0.00182149362477 0.00182149362477 0.0409836065574 0.0191256830601 0.0182149362477 0.0 0.000910746812386 0.0418943533698
51 0.101092896175 0.0446265938069 0.0 0.00364298724954 0.0300546448087 0.00546448087432 0.00182149362477 0.309653916211 0.0 0.230418943534 0.0391621129326 0.00364298724954 0.00182149362477 0.000910746812386 0.00182149362477 0.00819672131148 0.00819672131148 0.164845173042 0.0 0.00364298724954 0.0409836065574
52 0.0692167577413 0.0173041894353 0.011839708561 0.0355191256831 0.028233151184 0.016393442623 0.0209471766849 0.143897996357 0.0555555555556 0.227686703097 0.0182149362477 0.0209471766849 0.00273224043716 0.0218579234973 0.0837887067395 0.0209471766849 0.0355191256831 0.0692167577413 0.0173041894353 0.0428051001821 0.040072859745
53 0.0874316939891 0.0127504553734 0.0318761384335 0.14116575592 0.028233151184 0.0127504553734 0.0500910746812 0.0309653916211 0.0819672131148 0.121129326047 0.0437158469945 0.0336976320583 0.00364298724954 0.0491803278689 0.0673952641166 0.0291438979964 0.0318761384335 0.0245901639344 0.0391621129326 0.0409836065574 0.0382513661202
54 0.532786885246 0.0173041894353 0.0063752276867 0.00728597449909 0.00455373406193 0.224043715847 0.0 0.00910746812386 0.0 0.0245901639344 0.00273224043716 0.00364298724954 0.000910746812386 0.00273224043716 0.00546448087432 0.0437158469945 0.0218579234973 0.0482695810565 0.00273224043716 0.00182149362477 0.040072859745
55 0.0327868852459 0.016393442623 0.000910746812386 0.00364298724954 0.0355191256831 0.0 0.00546448087432 0.140255009107 0.00364298724954 0.521857923497 0.0546448087432 0.0 0.00182149362477 0.00182149362477 0.00364298724954 0.00455373406193 0.016393442623 0.111111111111 0.0 0.0063752276867 0.0391621129326
56 0.0264116575592 0.0136612021858 0.0491803278689 0.181238615665 0.00728597449909 0.0200364298725 0.0255009107468 0.0200364298725 0.130236794171 0.0628415300546 0.0109289617486 0.0327868852459 0.00364298724954 0.1029143898 0.13752276867 0.0719489981785 0.028233151184 0.0182149362477 0.00455373406193 0.0136612021858 0.0391621129326
57 0.0746812386157 0.016393442623 0.028233151184 0.028233151184 0.0409836065574 0.00728597449909 0.0446265938069 0.0819672131148 0.0409836065574 0.153916211293 0.0355191256831 0.0209471766849 0.0 0.0409836065574 0.068306010929 0.0573770491803 0.0510018214936 0.0455373406193 0.0591985428051 0.0610200364299 0.0428051001821
58 0.329735883424 0.0382969034608 0.00551001821494 0.00551001821494 0.0483151183971 0.0182604735883 0.017349726776 0.10295992714 4.55373406193e-05 0.154872495446 0.029189435337 0.00824225865209 0.00551001821494 0.00551001821494 0.012795992714 0.0219034608379 0.0382969034608 0.0892987249545 0.00915300546448 0.0109744990893 0.0482695810565
59 0.0628415300546 0.0182149362477 0.0264116575592 0.0546448087432 0.0127504553734 0.0291438979964 0.0255009107468 0.0664845173042 0.091985428051 0.121129326047 0.0154826958106 0.0346083788707 0.0774134790528 0.0437158469945 0.0728597449909 0.0455373406193 0.0327868852459 0.0546448087432 0.0364298724954 0.0200364298725 0.0573770491803
60 0.0455373406193 0.0154826958106 0.0564663023679 0.0701275045537 0.0145719489982 0.182149362477 0.0255009107468 0.0136612021858 0.0728597449909 0.0291438979964 0.00728597449909 0.0783242258652 0.0528233151184 0.0464480874317 0.0728597449909 0.0610200364299 0.0300546448087 0.0182149362477 0.00728597449909 0.0136612021858 0.0865209471767
61 0.0537340619308 0.0209471766849 0.0765027322404 0.0291438979964 0.0710382513661 0.0692167577413 0.0245901639344 0.0728597449909 0.0318761384335 0.0828779599271 0.0136612021858 0.0601092896175 0.0564663023679 0.016393442623 0.0382513661202 0.0464480874317 0.0391621129326 0.0491803278689 0.0200364298725 0.0491803278689 0.0783242258652
62 0.0446265938069 0.0291438979964 0.0564663023679 0.0601092896175 0.0145719489982 0.0437158469945 0.0391621129326 0.0136612021858 0.102003642987 0.0309653916211 0.016393442623 0.0464480874317 0.0255009107468 0.063752276867 0.119307832423 0.0910746812386 0.0965391621129 0.0291438979964 0.00182149362477 0.00910746812386 0.0664845173042
63 0.0255009107468 0.011839708561 0.0582877959927 0.0737704918033 0.00546448087432 0.023679417122 0.0619307832423 0.0191256830601 0.133879781421 0.00910746812386 0.00728597449909 0.104735883424 0.0910746812386 0.0437158469945 0.110200364299 0.0883424408015 0.0573770491803 0.0255009107468 0.00546448087432 0.00910746812386 0.0346083788707
64 0.0628415300546 0.011839708561 0.00728597449909 0.00182149362477 0.0428051001821 0.00910746812386 0.00455373406193 0.219489981785 0.00364298724954 0.223132969035 0.0145719489982 0.00273224043716 0.00364298724954 0.00182149362477 0.00728597449909 0.0109289617486 0.023679417122 0.285063752277 0.0063752276867 0.0200364298725 0.0373406193078
65 0.0346083788707 0.0227686703097 0.0227686703097 0.0664845173042 0.0255009107468 0.0 0.0537340619308 0.150273224044 0.0355191256831 0.0956284153005 0.0136612021858 0.0418943533698 0.0063752276867 0.0273224043716 0.0382513661202 0.0255009107468 0.110200364299 0.151183970856 0.023679417122 0.0209471766849 0.0336976320583
66 0.0127504553734 0.0200364298725 0.00182149362477 0.00273224043716 0.0783242258652 0.000910746812386 0.000910746812386 0.443533697632 0.00273224043716 0.147540983607 0.0145719489982 0.000910746812386 0.00364298724954 0.00364298724954 0.00455373406193 0.0063752276867 0.00546448087432 0.210382513661 0.000910746812386 0.0063752276867 0.0318761384335
67 0.0382513661202 0.0300546448087 0.0063752276867 0.153005464481 0.152094717668 0.0109289617486 0.0418943533698 0.0464480874317 0.0364298724954 0.0901639344262 0.0154826958106 0.0154826958106 0.00273224043716 0.0245901639344 0.0564663023679 0.011839708561 0.00455373406193 0.0646630236794 0.0136612021858 0.152094717668 0.0327868852459
68 0.028233151184 0.040072859745 0.000910746812386 0.00546448087432 0.00364298724954 0.0710382513661 0.0100182149362 0.0382513661202 0.00364298724954 0.0391621129326 0.023679417122 0.011839708561 0.00182149362477 0.00273224043716 0.0063752276867 0.273224043716 0.359744990893 0.0318761384335 0.00455373406193 0.011839708561 0.0318761384335
69 0.00546448087432 0.00182149362477 0.779599271403 0.0154826958106 0.00182149362477 0.0109289617486 0.0100182149362 0.00273224043716 0.00819672131148 0.00182149362477 0.00273224043716 0.0373406193078 0.0063752276867 0.000910746812386 0.016393442623 0.0300546448087 0.0173041894353 0.0063752276867 0.0 0.00728597449909 0.0373406193078
70 0.0318761384335 0.11839708561 0.0191256830601 0.011839708561 0.011839708561 0.00364298724954 0.00819672131148 0.00364298724954 0.000910746812386 0.0154826958106 0.00182149362477 0.129326047359 0.00546448087432 0.00364298724954 0.00455373406193 0.542805100182 0.00455373406193 0.0063752276867 0.0 0.0191256830601 0.0573770491803
71 0.0601092896175 0.00546448087432 0.0309653916211 0.0692167577413 0.00910746812386 0.0109289617486 0.00819672131148 0.0255009107468 0.14116575592 0.127504553734 0.0273224043716 0.0218579234973 0.00819672131148 0.182149362477 0.0792349726776 0.0582877959927 0.0528233151184 0.0136612021858 0.00455373406193 0.00728597449909 0.0564663023679
72 0.113888888889 0.00368852459016 0.0301001821494 0.0373861566485 0.0392076502732 0.0310109289617 0.0146174863388 0.0301001821494 0.0164389799636 0.0856557377049 0.0137067395264 0.0546903460838 0.024635701275 0.029189435337 0.0200819672131 0.120264116576 0.0683515482696 0.0483151183971 0.012795992714 0.145765027322 0.0601092896175
73 0.245901639344 0.0182149362477 0.00455373406193 0.00364298724954 0.00819672131148 0.00819672131148 0.0 0.0846994535519 0.000910746812386 0.177595628415 0.0191256830601 0.00728597449909 0.00182149362477 0.000910746812386 0.00273224043716 0.0528233151184 0.0336976320583 0.264116575592 0.0 0.00182149362477 0.063752276867
74 0.0601092896175 0.0245901639344 0.00364298724954 0.0100182149362 0.0245901639344 0.00455373406193 0.00455373406193 0.243169398907 0.0145719489982 0.190346083789 0.0300546448087 0.00728597449909 0.00273224043716 0.011839708561 0.0109289617486 0.0227686703097 0.0227686703097 0.23679417122 0.00364298724954 0.0255009107468 0.0455373406193
75 0.0510018214936 0.00455373406193 0.0983606557377 0.0746812386157 0.00546448087432 0.0482695810565 0.0245901639344 0.0109289617486 0.107468123862 0.0300546448087 0.0191256830601 0.117486338798 0.00455373406193 0.0992714025501 0.091985428051 0.08014571949 0.0428051001821 0.0136612021858 0.00546448087432 0.0218579234973 0.0482695810565
76 0.157559198543 0.0482695810565 0.0136612021858 0.0182149362477 0.0200364298725 0.0746812386157 0.0273224043716 0.0473588342441 0.028233151184 0.0901639344262 0.0391621129326 0.0355191256831 0.00182149362477 0.0664845173042 0.0355191256831 0.0856102003643 0.0582877959927 0.0418943533698 0.0227686703097 0.0218579234973 0.0655737704918
77 0.0391621129326 0.011839708561 0.000910746812386 0.00364298724954 0.0719489981785 0.00455373406193 0.00546448087432 0.237704918033 0.00182149362477 0.313296903461 0.0482695810565 0.00273224043716 0.00728597449909 0.00455373406193 0.00546448087432 0.0154826958106 0.0209471766849 0.11839708561 0.0063752276867 0.016393442623 0.063752276867
78 0.0601092896175 0.016393442623 0.0336976320583 0.0446265938069 0.00819672131148 0.0300546448087 0.0273224043716 0.0100182149362 0.0828779599271 0.0482695810565 0.0100182149362 0.142987249545 0.0100182149362 0.0874316939891 0.0765027322404 0.0810564663024 0.115664845173 0.0227686703097 0.00364298724954 0.011839708561 0.0765027322404
79 0.0418943533698 0.0100182149362 0.068306010929 0.051912568306 0.0063752276867 0.100182149362 0.0291438979964 0.0145719489982 0.113843351548 0.0191256830601 0.00728597449909 0.0956284153005 0.00819672131148 0.0327868852459 0.0673952641166 0.0965391621129 0.0473588342441 0.0145719489982 0.000910746812386 0.0127504553734 0.161202185792
80 0.0182149362477 0.00728597449909 0.0227686703097 0.00910746812386 0.023679417122 0.0300546448087 0.0200364298725 0.00819672131148 0.0291438979964 0.0318761384335 0.00364298724954 0.0200364298725 0.0218579234973 0.0127504553734 0.0391621129326 0.0227686703097 0.0136612021858 0.0109289617486 0.112021857923 0.0273224043716 0.515482695811
81 0.0355191256831 0.011839708561 0.0154826958106 0.011839708561 0.0100182149362 0.0154826958106 0.00546448087432 0.0528233151184 0.0200364298725 0.103825136612 0.0209471766849 0.00455373406193 0.0136612021858 0.00910746812386 0.028233151184 0.016393442623 0.00819672131148 0.0391621129326 0.0 0.0145719489982 0.562841530055
82 0.0273224043716 0.00455373406193 0.0273224043716 0.0428051001821 0.0145719489982 0.0200364298725 0.0245901639344 0.00819672131148 0.0391621129326 0.0173041894353 0.00364298724954 0.023679417122 0.0446265938069 0.0182149362477 0.023679417122 0.0346083788707 0.0264116575592 0.016393442623 0.00910746812386 0.0109289617486 0.562841530055
83 0.0136612021858 0.00182149362477 0.0200364298725 0.0327868852459 0.00364298724954 0.0555555555556 0.0109289617486 0.0173041894353 0.0655737704918 0.023679417122 0.00364298724954 0.028233151184 0.0218579234973 0.0154826958106 0.0318761384335 0.0327868852459 0.0273224043716 0.0173041894353 0.00273224043716 0.00546448087432 0.568306010929
84 0.00455373406193 0.00455373406193 0.0063752276867 0.0063752276867 0.0109289617486 0.0063752276867 0.0127504553734 0.00910746812386 0.0100182149362 0.0136612021858 0.00182149362477 0.0173041894353 0.0127504553734 0.00728597449909 0.0136612021858 0.0127504553734 0.00455373406193 0.00728597449909 0.187613843352 0.0154826958106 0.634790528233
85 0.0291438979964 0.00364298724954 0.011839708561 0.0464480874317 0.0063752276867 0.00364298724954 0.0109289617486 0.00819672131148 0.0655737704918 0.0154826958106 0.00819672131148 0.011839708561 0.00546448087432 0.0273224043716 0.0364298724954 0.0227686703097 0.0063752276867 0.0127504553734 0.0 0.00182149362477 0.665755919854
86 0.0318761384335 0.00182149362477 0.0346083788707 0.023679417122 0.00364298724954 0.00910746812386 0.00910746812386 0.00728597449909 0.0418943533698 0.0127504553734 0.00910746812386 0.0173041894353 0.0145719489982 0.0245901639344 0.0473588342441 0.023679417122 0.0127504553734 0.0063752276867 0.000910746812386 0.00546448087432 0.662112932605
87 0.0182149362477 0.00182149362477 0.016393442623 0.0200364298725 0.00455373406193 0.023679417122 0.00819672131148 0.00546448087432 0.0318761384335 0.0109289617486 0.000910746812386 0.0974499089253 0.00455373406193 0.0109289617486 0.0500910746812 0.0191256830601 0.0136612021858 0.00819672131148 0.000910746812386 0.00273224043716 0.650273224044
88 0.0200364298725 0.00364298724954 0.0491803278689 0.0473588342441 0.00455373406193 0.174863387978 0.0109289617486 0.00546448087432 0.0300546448087 0.00910746812386 0.00364298724954 0.0428051001821 0.0382513661202 0.0200364298725 0.0336976320583 0.0318761384335 0.0255009107468 0.011839708561 0.00182149362477 0.00455373406193 0.430783242259
89 0.0182149362477 0.00455373406193 0.0063752276867 0.0063752276867 0.0582877959927 0.0109289617486 0.00728597449909 0.0136612021858 0.0127504553734 0.0173041894353 0.0100182149362 0.0063752276867 0.0245901639344 0.0100182149362 0.016393442623 0.0255009107468 0.0173041894353 0.0063752276867 0.214936247723 0.0582877959927 0.454462659381
90 0.0255009107468 0.00546448087432 0.0209471766849 0.0346083788707 0.00455373406193 0.0255009107468 0.0136612021858 0.0455373406193 0.0956284153005 0.0482695810565 0.0182149362477 0.0182149362477 0.028233151184 0.0327868852459 0.1029143898 0.0255009107468 0.0528233151184 0.0382513661202 0.000910746812386 0.00546448087432 0.357012750455
91 0.0382513661202 0.0154826958106 0.0191256830601 0.0227686703097 0.00273224043716 0.0218579234973 0.00728597449909 0.0182149362477 0.0555555555556 0.0145719489982 0.0063752276867 0.0546448087432 0.0227686703097 0.0182149362477 0.0409836065574 0.040072859745 0.0837887067395 0.0182149362477 0.00364298724954 0.00728597449909 0.488160291439
92 0.068306010929 0.00819672131148 0.0063752276867 0.016393442623 0.00364298724954 0.028233151184 0.00910746812386 0.0173041894353 0.0582877959927 0.0264116575592 0.0063752276867 0.0264116575592 0.0382513661202 0.0255009107468 0.0446265938069 0.0992714025501 0.0291438979964 0.016393442623 0.00182149362477 0.00728597449909 0.462659380692
93 0.0327868852459 0.00546448087432 0.0655737704918 0.023679417122 0.00455373406193 0.0373406193078 0.0145719489982 0.00910746812386 0.0500910746812 0.0136612021858 0.00273224043716 0.0373406193078 0.0245901639344 0.0245901639344 0.0537340619308 0.0810564663024 0.0510018214936 0.0100182149362 0.00182149362477 0.00728597449909 0.448998178506
94 0.0209471766849 0.00819672131148 0.0227686703097 0.0264116575592 0.0136612021858 0.177595628415 0.0109289617486 0.0136612021858 0.0373406193078 0.0273224043716 0.00273224043716 0.0346083788707 0.0245901639344 0.0200364298725 0.0291438979964 0.0291438979964 0.0182149362477 0.011839708561 0.000910746812386 0.0109289617486 0.459016393443
95 0.0273224043716 0.00182149362477 0.0218579234973 0.0564663023679 0.0063752276867 0.0510018214936 0.016393442623 0.0154826958106 0.0874316939891 0.0227686703097 0.00455373406193 0.0327868852459 0.0136612021858 0.0455373406193 0.0418943533698 0.0537340619308 0.040072859745 0.0191256830601 0.00273224043716 0.0136612021858 0.425318761384
96 0.028233151184 0.0063752276867 0.0418943533698 0.0364298724954 0.0154826958106 0.0491803278689 0.0300546448087 0.028233151184 0.0428051001821 0.0464480874317 0.0109289617486 0.0255009107468 0.157559198543 0.023679417122 0.0391621129326 0.051912568306 0.0209471766849 0.0264116575592 0.00182149362477 0.0291438979964 0.287795992714
97 0.0464480874317 0.0191256830601 0.0154826958106 0.0182149362477 0.011839708561 0.0191256830601 0.0373406193078 0.107468123862 0.0227686703097 0.0819672131148 0.00546448087432 0.0100182149362 0.028233151184 0.0200364298725 0.0391621129326 0.0473588342441 0.0491803278689 0.150273224044 0.0109289617486 0.00910746812386 0.250455373406
98 0.0865209471767 0.00273224043716 0.023679417122 0.0555555555556 0.00728597449909 0.0245901639344 0.0154826958106 0.0327868852459 0.103825136612 0.051912568306 0.0109289617486 0.0245901639344 0.0582877959927 0.0418943533698 0.063752276867 0.0619307832423 0.0409836065574 0.0510018214936 0.00455373406193 0.0191256830601 0.218579234973
99 0.0327868852459 0.0127504553734 0.0327868852459 0.0327868852459 0.0373406193078 0.0255009107468 0.068306010929 0.0455373406193 0.0145719489982 0.0755919854281 0.0227686703097 0.186703096539 0.0100182149362 0.011839708561 0.0227686703097 0.0646630236794 0.0409836065574 0.0318761384335 0.00819672131148 0.0555555555556 0.166666666667
100 0.0874316939891 0.0100182149362 0.0255009107468 0.0264116575592 0.016393442623 0.0482695810565 0.0382513661202 0.0346083788707 0.0692167577413 0.0610200364299 0.00910746812386 0.0291438979964 0.0482695810565 0.0692167577413 0.0965391621129 0.0628415300546 0.0373406193078 0.0373406193078 0.00819672131148 0.0209471766849 0.16393442623
101 0.0701275045537 0.00546448087432 0.138433515483 0.120218579235 0.0145719489982 0.0346083788707 0.0273224043716 0.0318761384335 0.051912568306 0.0373406193078 0.0173041894353 0.0455373406193 0.0619307832423 0.0491803278689 0.0619307832423 0.0755919854281 0.0364298724954 0.0264116575592 0.00546448087432 0.0145719489982 0.0737704918033
102 0.0364298724954 0.0109289617486 0.0127504553734 0.0437158469945 0.0546448087432 0.00728597449909 0.0136612021858 0.16393442623 0.0227686703097 0.310564663024 0.0182149362477 0.00728597449909 0.00455373406193 0.0245901639344 0.0255009107468 0.0109289617486 0.0300546448087 0.0701275045537 0.00910746812386 0.0491803278689 0.0737704918033
103 0.0437158469945 0.0145719489982 0.00455373406193 0.0063752276867 0.0746812386157 0.00182149362477 0.0154826958106 0.142987249545 0.0273224043716 0.161202185792 0.0346083788707 0.00728597449909 0.00182149362477 0.016393442623 0.0418943533698 0.0218579234973 0.0191256830601 0.110200364299 0.136612021858 0.0473588342441 0.0701275045537
104 0.0673952641166 0.00910746812386 0.0555555555556 0.116575591985 0.0109289617486 0.0182149362477 0.0327868852459 0.023679417122 0.111111111111 0.0510018214936 0.0191256830601 0.0409836065574 0.011839708561 0.109289617486 0.132058287796 0.0555555555556 0.0336976320583 0.0182149362477 0.00364298724954 0.0136612021858 0.0655737704918
105 0.0901639344262 0.0109289617486 0.0883424408015 0.147540983607 0.0191256830601 0.00819672131148 0.0191256830601 0.0464480874317 0.0846994535519 0.0728597449909 0.0127504553734 0.0291438979964 0.00910746812386 0.0692167577413 0.0837887067395 0.0573770491803 0.0336976320583 0.023679417122 0.00546448087432 0.0191256830601 0.0692167577413
106 0.0792349726776 0.0373406193078 0.00364298724954 0.00455373406193 0.0446265938069 0.00455373406193 0.00364298724954 0.299635701275 0.000910746812386 0.220400728597 0.0255009107468 0.00910746812386 0.00364298724954 0.00455373406193 0.016393442623 0.016393442623 0.0327868852459 0.0928961748634 0.011839708561 0.0227686703097 0.0655737704918
107 0.0573770491803 0.011839708561 0.0646630236794 0.0482695810565 0.028233151184 0.0173041894353 0.0482695810565 0.0573770491803 0.0828779599271 0.101092896175 0.0209471766849 0.0355191256831 0.00819672131148 0.0555555555556 0.119307832423 0.0373406193078 0.0264116575592 0.051912568306 0.0245901639344 0.0255009107468 0.0774134790528
108 0.0828779599271 0.0127504553734 0.0874316939891 0.139344262295 0.0227686703097 0.0327868852459 0.0318761384335 0.023679417122 0.0901639344262 0.0491803278689 0.0063752276867 0.051912568306 0.00910746812386 0.0464480874317 0.0910746812386 0.0646630236794 0.0437158469945 0.0145719489982 0.00728597449909 0.016393442623 0.0755919854281
109 0.0710382513661 0.0245901639344 0.0100182149362 0.0391621129326 0.0482695810565 0.0127504553734 0.0154826958106 0.0883424408015 0.0391621129326 0.315118397086 0.0364298724954 0.011839708561 0.00455373406193 0.0309653916211 0.0500910746812 0.0245901639344 0.023679417122 0.0318761384335 0.0200364298725 0.0255009107468 0.0765027322404
110 0.0774134790528 0.0309653916211 0.0100182149362 0.0336976320583 0.028233151184 0.0136612021858 0.0136612021858 0.0965391621129 0.0491803278689 0.227686703097 0.0555555555556 0.0227686703097 0.00819672131148 0.0255009107468 0.0464480874317 0.0564663023679 0.0218579234973 0.0646630236794 0.0127504553734 0.0200364298725 0.0846994535519
111 0.0619307832423 0.0063752276867 0.0601092896175 0.0938069216758 0.00910746812386 0.0318761384335 0.0264116575592 0.0173041894353 0.0992714025501 0.0428051001821 0.0154826958106 0.068306010929 0.0182149362477 0.0765027322404 0.145719489982 0.0810564663024 0.023679417122 0.0200364298725 0.00364298724954 0.0109289617486 0.0874316939891
112 0.0391621129326 0.0136612021858 0.0510018214936 0.0938069216758 0.00728597449909 0.08014571949 0.0291438979964 0.0209471766849 0.103825136612 0.0546448087432 0.0136612021858 0.0500910746812 0.0264116575592 0.063752276867 0.0892531876138 0.0846994535519 0.0409836065574 0.016393442623 0.00546448087432 0.0182149362477 0.0974499089253
113 0.028233151184 0.0191256830601 0.0145719489982 0.0200364298725 0.133879781421 0.040072859745 0.0555555555556 0.0755919854281 0.0428051001821 0.124772313297 0.0209471766849 0.0355191256831 0.0145719489982 0.0173041894353 0.0819672131148 0.0264116575592 0.0245901639344 0.0510018214936 0.0300546448087 0.0273224043716 0.115664845173
114 0.0255009107468 0.0145719489982 0.08014571949 0.0938069216758 0.0136612021858 0.0473588342441 0.0327868852459 0.0191256830601 0.0792349726776 0.0364298724954 0.0063752276867 0.0774134790528 0.0528233151184 0.0500910746812 0.0846994535519 0.101092896175 0.0555555555556 0.0273224043716 0.00364298724954 0.0127504553734 0.0856102003643
115 0.0245901639344 0.0446265938069 0.0063752276867 0.0063752276867 0.0573770491803 0.00364298724954 0.016393442623 0.185792349727 0.0100182149362 0.117486338798 0.0127504553734 0.00273224043716 0.0136612021858 0.00455373406193 0.0127504553734 0.0218579234973 0.051912568306 0.294171220401 0.0182149362477 0.0191256830601 0.0755919854281
116 0.0318761384335 0.016393442623 0.0455373406193 0.0938069216758 0.028233151184 0.0145719489982 0.0473588342441 0.0346083788707 0.0846994535519 0.0382513661202 0.00910746812386 0.0336976320583 0.00182149362477 0.0437158469945 0.0947176684882 0.106557377049 0.117486338798 0.0500910746812 0.00728597449909 0.0245901639344 0.0755919854281
117 0.016393442623 0.00819672131148 0.00273224043716 0.00546448087432 0.237704918033 0.0109289617486 0.00182149362477 0.157559198543 0.00364298724954 0.200364298725 0.0173041894353 0.00364298724954 0.00546448087432 0.000910746812386 0.00364298724954 0.0100182149362 0.011839708561 0.153916211293 0.0437158469945 0.023679417122 0.0810564663024
118 0.0437158469945 0.0255009107468 0.00910746812386 0.0719489981785 0.0227686703097 0.0173041894353 0.0573770491803 0.0601092896175 0.0819672131148 0.0418943533698 0.016393442623 0.0336976320583 0.00455373406193 0.0783242258652 0.108378870674 0.0564663023679 0.0564663023679 0.0810564663024 0.0154826958106 0.0291438979964 0.0883424408015
