POS A C D E F G H I K L M N P Q R S T V W Y -
1 0.00973709834469 0.0 0.00292112950341 0.00486854917235 0.00292112950341 0.00194741966894 0.00194741966894 0.0185004868549 0.0379746835443 0.0321324245375 0.0116845180136 0.00778967867575 0.0691333982473 0.0185004868549 0.0564751703992 0.0194741966894 0.031158714703 0.0126582278481 0.00973709834469 0.00194741966894 0.648490749757
2 0.0301850048685 0.000973709834469 0.0516066212269 0.064264849075 0.00389483933788 0.0233690360273 0.0243427458617 0.00973709834469 0.0574488802337 0.0350535540409 0.00681596884129 0.0438169425511 0.175267770204 0.0370009737098 0.0593962999026 0.0389483933788 0.0292112950341 0.0214216163583 0.0 0.00389483933788 0.283349561831
3 0.0457643622201 0.00778967867575 0.134371957157 0.0963972736125 0.0126582278481 0.033106134372 0.0233690360273 0.0126582278481 0.0555014605648 0.0243427458617 0.00876338851022 0.0613437195716 0.0886075949367 0.0214216163583 0.0292112950341 0.112950340798 0.0350535540409 0.0194741966894 0.00194741966894 0.014605647517 0.160662122687
4 0.0516066212269 0.0126582278481 0.0360272638754 0.0379746835443 0.0360272638754 0.0155793573515 0.0107108081792 0.112950340798 0.0652385589094 0.0428432327167 0.016553067186 0.0253164556962 0.0681596884129 0.0223953261928 0.110029211295 0.0253164556962 0.031158714703 0.132424537488 0.00194741966894 0.0243427458617 0.120740019474
5 0.00686465433301 0.828675754625 0.0039435248296 0.00589094449854 0.00686465433301 0.00296981499513 0.00199610516066 0.00199610516066 0.00491723466407 0.00881207400195 0.00199610516066 0.00491723466407 0.0039435248296 0.00296981499513 0.00686465433301 0.00978578383642 0.00296981499513 0.00491723466407 0.00102239532619 0.00296981499513 0.0847127555988
6 0.0467380720545 0.00389483933788 0.0360272638754 0.0496592015579 0.0769230769231 0.0321324245375 0.0204479065239 0.0243427458617 0.0662122687439 0.144109055501 0.0194741966894 0.047711781889 0.0107108081792 0.0379746835443 0.0613437195716 0.109055501461 0.064264849075 0.016553067186 0.00584225900682 0.0418695228822 0.0847127555988
7 0.0564751703992 0.0223953261928 0.033106134372 0.0963972736125 0.0204479065239 0.0292112950341 0.0223953261928 0.0204479065239 0.0681596884129 0.236611489776 0.047711781889 0.0136319376826 0.0253164556962 0.111976630964 0.0272638753651 0.0272638753651 0.0185004868549 0.0253164556962 0.00486854917235 0.016553067186 0.0759493670886
8 0.0399221032132 0.00292112950341 0.047711781889 0.0681596884129 0.0107108081792 0.0204479065239 0.00681596884129 0.0116845180136 0.0584225900682 0.0175267770204 0.0107108081792 0.0262901655307 0.389483933788 0.031158714703 0.0535540408958 0.0545277507303 0.0428432327167 0.0155793573515 0.000973709834469 0.0194741966894 0.0710808179163
9 0.0525803310613 0.00389483933788 0.0155793573515 0.0272638753651 0.0223953261928 0.014605647517 0.0282375851996 0.0603700097371 0.0759493670886 0.0925024342746 0.0292112950341 0.014605647517 0.269717624148 0.0185004868549 0.0584225900682 0.0379746835443 0.0272638753651 0.0525803310613 0.00389483933788 0.0223953261928 0.0720545277507
10 0.0584225900682 0.00584225900682 0.199610516066 0.095423563778 0.0136319376826 0.0272638753651 0.0223953261928 0.0136319376826 0.0662122687439 0.0262901655307 0.00681596884129 0.062317429406 0.0769230769231 0.0370009737098 0.0428432327167 0.0584225900682 0.031158714703 0.0545277507303 0.00292112950341 0.0214216163583 0.0769230769231
11 0.0447906523856 0.00389483933788 0.0301850048685 0.0749756572541 0.0272638753651 0.033106134372 0.0262901655307 0.0506329113924 0.0769230769231 0.0535540408958 0.00584225900682 0.0486854917235 0.0944498539435 0.0447906523856 0.0740019474197 0.0593962999026 0.0895813047712 0.0593962999026 0.00681596884129 0.0272638753651 0.0681596884129
12 0.0292112950341 0.00389483933788 0.031158714703 0.0389483933788 0.00194741966894 0.53164556962 0.016553067186 0.00876338851022 0.0272638753651 0.0175267770204 0.00486854917235 0.0262901655307 0.0350535540409 0.014605647517 0.0340798442064 0.0632911392405 0.0262901655307 0.0155793573515 0.00194741966894 0.00389483933788 0.0671859785784
13 0.0262901655307 0.00778967867575 0.0555014605648 0.0457643622201 0.0262901655307 0.0370009737098 0.0262901655307 0.0292112950341 0.0564751703992 0.0370009737098 0.0185004868549 0.0915287244401 0.131450827653 0.0418695228822 0.0671859785784 0.103213242454 0.0603700097371 0.0262901655307 0.00486854917235 0.0399221032132 0.0671859785784
14 0.0107108081792 0.588120740019 0.0126582278481 0.0126582278481 0.00486854917235 0.12852969815 0.00876338851022 0.0107108081792 0.0185004868549 0.0126582278481 0.00292112950341 0.0126582278481 0.00973709834469 0.00876338851022 0.0223953261928 0.0243427458617 0.0204479065239 0.00876338851022 0.00389483933788 0.00973709834469 0.0681596884129
15 0.047711781889 0.0194741966894 0.0525803310613 0.0496592015579 0.0223953261928 0.0963972736125 0.0262901655307 0.0126582278481 0.0847127555988 0.033106134372 0.00973709834469 0.0778967867575 0.0438169425511 0.031158714703 0.139240506329 0.0759493670886 0.0564751703992 0.0185004868549 0.00973709834469 0.0321324245375 0.0603700097371
16 0.123661148978 0.00681596884129 0.0447906523856 0.0847127555988 0.016553067186 0.144109055501 0.0136319376826 0.0301850048685 0.0593962999026 0.031158714703 0.0185004868549 0.0584225900682 0.0545277507303 0.0428432327167 0.0467380720545 0.0613437195716 0.0564751703992 0.0233690360273 0.00681596884129 0.0282375851996 0.047711781889
17 0.054576436222 0.0039435248296 0.0253651411879 0.0360759493671 0.0506815968841 0.0516553067186 0.039970788705 0.0331548198637 0.0594449853944 0.0633398247322 0.0273125608569 0.0623661148978 0.0682083739046 0.0341285296981 0.0652872444012 0.085735150925 0.0584712755599 0.0360759493671 0.0273125608569 0.0672346640701 0.0496592015579
18 0.0321324245375 0.00389483933788 0.0233690360273 0.0632911392405 0.0759493670886 0.0379746835443 0.0282375851996 0.0983446932814 0.0467380720545 0.0886075949367 0.0136319376826 0.0243427458617 0.0155793573515 0.0438169425511 0.0671859785784 0.0925024342746 0.0535540408958 0.112950340798 0.00584225900682 0.0340798442064 0.0379746835443
19 0.0194741966894 0.00389483933788 0.0243427458617 0.0817916260954 0.0292112950341 0.014605647517 0.0155793573515 0.064264849075 0.0827653359299 0.0720545277507 0.0107108081792 0.0350535540409 0.123661148978 0.0496592015579 0.0652385589094 0.0545277507303 0.131450827653 0.0593962999026 0.00876338851022 0.0253164556962 0.0282375851996
20 0.0360272638754 0.000973709834469 0.00876338851022 0.0136319376826 0.016553067186 0.0681596884129 0.0214216163583 0.0126582278481 0.0934761441091 0.0379746835443 0.0681596884129 0.016553067186 0.00681596884129 0.0272638753651 0.414800389484 0.0408958130477 0.0214216163583 0.0389483933788 0.00973709834469 0.0204479065239 0.0253164556962
21 0.00681596884129 0.00194741966894 0.00194741966894 0.00194741966894 0.169425511198 0.00292112950341 0.0107108081792 0.0116845180136 0.000973709834469 0.00584225900682 0.00292112950341 0.00389483933788 0.00194741966894 0.00194741966894 0.00389483933788 0.00292112950341 0.00778967867575 0.0155793573515 0.386562804284 0.337877312561 0.0204479065239
22 0.0593962999026 0.0 0.00486854917235 0.00292112950341 0.162609542356 0.047711781889 0.0467380720545 0.0116845180136 0.00584225900682 0.0107108081792 0.00292112950341 0.00584225900682 0.000973709834469 0.000973709834469 0.0321324245375 0.0506329113924 0.0740019474197 0.0233690360273 0.0233690360273 0.414800389484 0.0185004868549
23 0.00292112950341 0.00292112950341 0.00194741966894 0.00194741966894 0.343719571568 0.00194741966894 0.00778967867575 0.00584225900682 0.00194741966894 0.0214216163583 0.00584225900682 0.00292112950341 0.00194741966894 0.00194741966894 0.00194741966894 0.00389483933788 0.00584225900682 0.00681596884129 0.0185004868549 0.547224926972 0.0107108081792
24 0.0136806231743 0.00102239532619 0.409006815969 0.0224440116845 0.0039435248296 0.0039435248296 0.0204965920156 0.0156280428432 0.0166017526777 0.00589094449854 0.00296981499513 0.330136319377 0.0039435248296 0.00686465433301 0.0107594936709 0.0750243427459 0.0146543330088 0.0107594936709 0.00199610516066 0.0204965920156 0.00973709834469
25 0.0847614410906 0.00296981499513 0.0117332035054 0.0331548198637 0.0243914313535 0.0253651411879 0.0321811100292 0.0331548198637 0.103261927945 0.0312074001947 0.0175754625122 0.0565238558909 0.157789678676 0.0428919182084 0.0536027263875 0.136368062317 0.0574975657254 0.0419182083739 0.00978578383642 0.0312074001947 0.0126582278481
26 0.0574975657254 0.00491723466407 0.0604186952288 0.122736124635 0.00978578383642 0.0312074001947 0.00978578383642 0.0282862706913 0.120788704966 0.0185491723466 0.00978578383642 0.0798928919182 0.0146543330088 0.039970788705 0.0682083739046 0.112025316456 0.118841285297 0.0419182083739 0.00102239532619 0.0273125608569 0.0223953261928
27 0.0506815968841 0.00199610516066 0.0467867575463 0.0613924050633 0.0107594936709 0.00686465433301 0.0224440116845 0.0292599805258 0.0993670886076 0.0652872444012 0.0117332035054 0.0341285296981 0.0039435248296 0.0419182083739 0.0613924050633 0.136368062317 0.242502434275 0.0282862706913 0.0039435248296 0.0195228821811 0.0214216163583
28 0.0166017526777 0.00296981499513 0.0964459591042 0.0477604673807 0.00102239532619 0.226923076923 0.0224440116845 0.00296981499513 0.145131450828 0.0224440116845 0.0253651411879 0.149026290166 0.00102239532619 0.0662609542356 0.0944985394352 0.0370496592016 0.0156280428432 0.00296981499513 0.00102239532619 0.00783836416748 0.014605647517
29 0.0408958130477 0.00486854917235 0.0457643622201 0.0798442064265 0.0185004868549 0.0204479065239 0.0175267770204 0.033106134372 0.184031158715 0.0379746835443 0.0233690360273 0.0370009737098 0.000973709834469 0.0817916260954 0.133398247322 0.0681596884129 0.109055501461 0.0370009737098 0.000973709834469 0.00876338851022 0.016553067186
30 0.00194741966894 0.938656280428 0.00292112950341 0.00194741966894 0.00194741966894 0.00389483933788 0.000973709834469 0.00194741966894 0.00194741966894 0.00194741966894 0.00194741966894 0.00194741966894 0.0 0.0 0.00584225900682 0.00389483933788 0.00389483933788 0.00973709834469 0.0 0.0 0.014605647517
31 0.0233690360273 0.00292112950341 0.0175267770204 0.186952288218 0.0399221032132 0.0155793573515 0.0272638753651 0.0525803310613 0.116845180136 0.0876338851022 0.0243427458617 0.0107108081792 0.00292112950341 0.0681596884129 0.078870496592 0.0340798442064 0.0340798442064 0.135345666991 0.0 0.0233690360273 0.0175267770204
32 0.047711781889 0.00876338851022 0.0136319376826 0.105160662123 0.0116845180136 0.0214216163583 0.0107108081792 0.0214216163583 0.095423563778 0.0632911392405 0.0370009737098 0.0155793573515 0.150925024343 0.0798442064265 0.104186952288 0.0915287244401 0.0555014605648 0.0214216163583 0.0107108081792 0.00973709834469 0.0243427458617
33 0.0214216163583 0.00194741966894 0.00973709834469 0.00973709834469 0.55988315482 0.00292112950341 0.0107108081792 0.0506329113924 0.0136319376826 0.0516066212269 0.0175267770204 0.00584225900682 0.00194741966894 0.00292112950341 0.016553067186 0.0223953261928 0.0126582278481 0.033106134372 0.00486854917235 0.0915287244401 0.0584225900682
34 0.02147030185 0.00296981499513 0.0302336903603 0.039970788705 0.0536027263875 0.00783836416748 0.0263388510224 0.085735150925 0.0652872444012 0.0730769230769 0.0351022395326 0.0282862706913 0.0253651411879 0.0389970788705 0.071129503408 0.069182083739 0.105209347614 0.0633398247322 0.038023369036 0.0555501460565 0.0632911392405
35 0.0253651411879 0.00686465433301 0.0146543330088 0.0156280428432 0.1217624148 0.0195228821811 0.0292599805258 0.0127069133398 0.0117332035054 0.0263388510224 0.0039435248296 0.0175754625122 0.0204965920156 0.00491723466407 0.0195228821811 0.0458130477118 0.0409444985394 0.0195228821811 0.0633398247322 0.399269717624 0.080817916261
36 0.0185491723466 0.0341285296981 0.039970788705 0.0312074001947 0.0204965920156 0.262950340798 0.0107594936709 0.00783836416748 0.0604186952288 0.0506815968841 0.00589094449854 0.0467867575463 0.0204965920156 0.0224440116845 0.0526290165531 0.112025316456 0.0808666017527 0.0136806231743 0.00881207400195 0.0224440116845 0.0769230769231
37 0.0243427458617 0.00486854917235 0.0350535540409 0.0370009737098 0.00389483933788 0.595910418695 0.00973709834469 0.00681596884129 0.0360272638754 0.0243427458617 0.00584225900682 0.0340798442064 0.0136319376826 0.0136319376826 0.0370009737098 0.0457643622201 0.0185004868549 0.0136319376826 0.000973709834469 0.0126582278481 0.0262901655307
38 0.0243427458617 0.665043816943 0.0126582278481 0.00973709834469 0.0126582278481 0.0223953261928 0.0107108081792 0.0126582278481 0.0175267770204 0.0155793573515 0.00584225900682 0.0155793573515 0.0126582278481 0.014605647517 0.0155793573515 0.0321324245375 0.0214216163583 0.0262901655307 0.00486854917235 0.014605647517 0.033106134372
39 0.0457643622201 0.0107108081792 0.080817916261 0.0535540408958 0.0155793573515 0.316455696203 0.0243427458617 0.0116845180136 0.0418695228822 0.0272638753651 0.014605647517 0.0525803310613 0.047711781889 0.0350535540409 0.0486854917235 0.062317429406 0.0340798442064 0.014605647517 0.0233690360273 0.0126582278481 0.0262901655307
40 0.0428432327167 0.0 0.0447906523856 0.0428432327167 0.00681596884129 0.463485881207 0.0136319376826 0.00584225900682 0.0632911392405 0.0214216163583 0.00292112950341 0.0243427458617 0.0564751703992 0.0155793573515 0.0399221032132 0.0496592015579 0.0370009737098 0.0292112950341 0.000973709834469 0.00973709834469 0.0292112950341
41 0.016553067186 0.000973709834469 0.0360272638754 0.0175267770204 0.00876338851022 0.0934761441091 0.0194741966894 0.0126582278481 0.0457643622201 0.00681596884129 0.00194741966894 0.451801363194 0.016553067186 0.0233690360273 0.0233690360273 0.0837390457644 0.0778967867575 0.0116845180136 0.000973709834469 0.0126582278481 0.0379746835443
42 0.103261927945 0.0292599805258 0.0682083739046 0.0964459591042 0.0107594936709 0.144157740993 0.00686465433301 0.0185491723466 0.0837877312561 0.0419182083739 0.0146543330088 0.0428919182084 0.0409444985394 0.0458130477118 0.0798928919182 0.0594449853944 0.0360759493671 0.0224440116845 0.00589094449854 0.0166017526777 0.0321324245375
43 0.00491723466407 0.00199610516066 0.00296981499513 0.00686465433301 0.00102239532619 0.0166017526777 0.00589094449854 0.00881207400195 0.0185491723466 0.00783836416748 4.86854917235e-05 0.819912366115 0.0107594936709 0.00783836416748 0.0127069133398 0.00881207400195 0.0127069133398 0.0039435248296 0.00102239532619 0.00881207400195 0.0379746835443
44 0.0223953261928 0.0116845180136 0.016553067186 0.0155793573515 0.0272638753651 0.0379746835443 0.033106134372 0.0457643622201 0.047711781889 0.0525803310613 0.0107108081792 0.278481012658 0.0136319376826 0.0175267770204 0.194741966894 0.0710808179163 0.0214216163583 0.0321324245375 0.00292112950341 0.016553067186 0.0301850048685
45 0.00194741966894 0.00194741966894 0.00194741966894 0.00194741966894 0.852969814995 0.000973709834469 0.00389483933788 0.00681596884129 0.00292112950341 0.0107108081792 0.000973709834469 0.000973709834469 0.00292112950341 0.0 0.00486854917235 0.00681596884129 0.00584225900682 0.00389483933788 0.00389483933788 0.0574488802337 0.0262901655307
46 0.0662122687439 0.0136319376826 0.0730282375852 0.12852969815 0.0194741966894 0.0379746835443 0.0253164556962 0.0243427458617 0.0847127555988 0.0749756572541 0.00778967867575 0.062317429406 0.0915287244401 0.0379746835443 0.0525803310613 0.0593962999026 0.0360272638754 0.0301850048685 0.0116845180136 0.0379746835443 0.0243427458617
47 0.00584225900682 0.00389483933788 0.0759493670886 0.0233690360273 0.0107108081792 0.00681596884129 0.0136319376826 0.00194741966894 0.0272638753651 0.00876338851022 0.000973709834469 0.0817916260954 0.00292112950341 0.00292112950341 0.0194741966894 0.321324245375 0.351509250243 0.00486854917235 0.00389483933788 0.00584225900682 0.0262901655307
48 0.0272638753651 0.0447906523856 0.00681596884129 0.149951314508 0.0321324245375 0.00389483933788 0.00973709834469 0.0370009737098 0.166504381694 0.116845180136 0.0457643622201 0.0116845180136 0.0175267770204 0.0613437195716 0.12852969815 0.0282375851996 0.00194741966894 0.0233690360273 0.00778967867575 0.0535540408958 0.0253164556962
49 0.0720545277507 0.000973709834469 0.0837390457644 0.221032132425 0.0126582278481 0.0321324245375 0.0194741966894 0.0214216163583 0.104186952288 0.0379746835443 0.0136319376826 0.0399221032132 0.0116845180136 0.0817916260954 0.0613437195716 0.0632911392405 0.0506329113924 0.0282375851996 0.00584225900682 0.0136319376826 0.0243427458617
50 0.0847127555988 0.00778967867575 0.173320350536 0.299902629017 0.00876338851022 0.0136319376826 0.0243427458617 0.0116845180136 0.0603700097371 0.0272638753651 0.014605647517 0.0155793573515 0.00389483933788 0.0798442064265 0.0185004868549 0.0564751703992 0.0467380720545 0.016553067186 0.0 0.00681596884129 0.0292112950341
51 0.00681596884129 0.907497565725 0.0 0.00389483933788 0.00292112950341 0.000973709834469 0.000973709834469 0.00389483933788 0.00486854917235 0.00486854917235 0.000973709834469 0.00389483933788 0.00194741966894 0.00292112950341 0.00389483933788 0.00486854917235 0.00486854917235 0.00778967867575 0.0 0.000973709834469 0.031158714703
52 0.0204479065239 0.0 0.0214216163583 0.200584225901 0.00973709834469 0.000973709834469 0.0214216163583 0.0496592015579 0.0778967867575 0.0837390457644 0.0925024342746 0.0691333982473 0.00584225900682 0.0993184031159 0.080817916261 0.0253164556962 0.0272638753651 0.0350535540409 0.0155793573515 0.0233690360273 0.0399221032132
53 0.080817916261 0.00486854917235 0.0496592015579 0.107108081792 0.0116845180136 0.0194741966894 0.0136319376826 0.0194741966894 0.166504381694 0.0350535540409 0.0233690360273 0.0632911392405 0.00486854917235 0.0769230769231 0.117818889971 0.080817916261 0.0428432327167 0.0175267770204 0.00876338851022 0.0136319376826 0.0418695228822
54 0.113972736125 0.00978578383642 0.0127069133398 0.0623661148978 0.0448393378773 0.00881207400195 0.0282862706913 0.0467867575463 0.0964459591042 0.0477604673807 0.0185491723466 0.0409444985394 0.00102239532619 0.0389970788705 0.0740506329114 0.0467867575463 0.155842259007 0.0565238558909 0.00199610516066 0.0497078870497 0.0438169425511
55 0.00881207400195 0.878334956183 0.00102239532619 0.00491723466407 0.00199610516066 0.0039435248296 0.00199610516066 4.86854917235e-05 0.00589094449854 0.00589094449854 0.0039435248296 0.00491723466407 0.00199610516066 0.00199610516066 0.0039435248296 0.00589094449854 0.00589094449854 0.00783836416748 0.00199610516066 4.86854917235e-05 0.0486854917235
56 0.0565238558909 0.00783836416748 0.0127069133398 0.0652872444012 0.00783836416748 0.0750243427459 0.00978578383642 0.0584712755599 0.110077896787 0.0759980525803 0.0458130477118 0.0341285296981 0.0302336903603 0.0292599805258 0.0886562804284 0.0643135345667 0.0312074001947 0.0584712755599 0.00589094449854 0.00589094449854 0.126582278481
57 0.0555014605648 0.000973709834469 0.0428432327167 0.0321324245375 0.00389483933788 0.080817916261 0.00973709834469 0.0126582278481 0.0662122687439 0.0155793573515 0.00486854917235 0.0379746835443 0.147030185005 0.0340798442064 0.0701071080818 0.0701071080818 0.0214216163583 0.0243427458617 0.0 0.00778967867575 0.261927945472
58 0.0399221032132 0.0 0.000973709834469 0.00486854917235 0.00194741966894 0.00292112950341 0.0 0.00194741966894 0.0233690360273 0.00389483933788 0.00292112950341 0.00292112950341 0.00681596884129 0.00194741966894 0.0214216163583 0.00584225900682 0.016553067186 0.00194741966894 0.00681596884129 0.014605647517 0.838364167478
