POS A C D E F G H I K L M N P Q R S T V W Y -
1 0.00448430493274 0.000896860986547 0.00358744394619 0.00179372197309 0.00179372197309 0.00358744394619 0.000896860986547 0.00896860986547 0.000896860986547 0.00538116591928 0.0161434977578 0.000896860986547 0.000896860986547 0.00448430493274 0.000896860986547 0.00627802690583 0.00627802690583 0.00179372197309 0.0 0.0 0.930044843049
2 0.0107623318386 0.000896860986547 0.00627802690583 0.00807174887892 0.00358744394619 0.00807174887892 0.0 0.00448430493274 0.00986547085202 0.00448430493274 0.00807174887892 0.00538116591928 0.00717488789238 0.00627802690583 0.0206278026906 0.00896860986547 0.0116591928251 0.00269058295964 0.0 0.000896860986547 0.871748878924
3 0.019730941704 0.000896860986547 0.0116591928251 0.0116591928251 0.0116591928251 0.0116591928251 0.00627802690583 0.00807174887892 0.0161434977578 0.00986547085202 0.0116591928251 0.0161434977578 0.0143497757848 0.0134529147982 0.0134529147982 0.0260089686099 0.0134529147982 0.00717488789238 0.000896860986547 0.000896860986547 0.774887892377
4 0.0143497757848 0.00269058295964 0.0322869955157 0.0215246636771 0.00807174887892 0.019730941704 0.00448430493274 0.0125560538117 0.0233183856502 0.0331838565022 0.0412556053812 0.0152466367713 0.0242152466368 0.0161434977578 0.0269058295964 0.0322869955157 0.0161434977578 0.0125560538117 0.000896860986547 0.00448430493274 0.637668161435
5 0.0394618834081 0.000896860986547 0.037668161435 0.0412556053812 0.00986547085202 0.0242152466368 0.00627802690583 0.0179372197309 0.0538116591928 0.0269058295964 0.0349775784753 0.0340807174888 0.0269058295964 0.0233183856502 0.0421524663677 0.037668161435 0.0251121076233 0.0161434977578 0.00358744394619 0.00269058295964 0.495067264574
6 0.0412556053812 0.00807174887892 0.0286995515695 0.0358744394619 0.00627802690583 0.0511210762332 0.0125560538117 0.0206278026906 0.0708520179372 0.019730941704 0.0394618834081 0.0286995515695 0.0466367713004 0.0251121076233 0.0484304932735 0.047533632287 0.0439461883408 0.0215246636771 0.00358744394619 0.00448430493274 0.395515695067
7 0.0403587443946 0.0116591928251 0.0215246636771 0.0233183856502 0.0188340807175 0.0251121076233 0.0161434977578 0.0708520179372 0.0663677130045 0.0869955156951 0.0663677130045 0.0242152466368 0.0529147982063 0.0269058295964 0.0529147982063 0.0340807174888 0.0260089686099 0.0358744394619 0.00448430493274 0.027802690583 0.267264573991
8 0.0295964125561 0.0116591928251 0.0295964125561 0.0313901345291 0.00627802690583 0.0242152466368 0.0466367713004 0.0179372197309 0.139910313901 0.0421524663677 0.00986547085202 0.0663677130045 0.0251121076233 0.0385650224215 0.137219730942 0.0735426008969 0.0663677130045 0.0322869955157 0.00269058295964 0.00896860986547 0.159641255605
9 0.057399103139 0.0152466367713 0.00269058295964 0.00448430493274 0.0224215246637 0.00717488789238 0.00269058295964 0.278923766816 0.00717488789238 0.133632286996 0.0134529147982 0.00269058295964 0.00358744394619 0.00358744394619 0.00538116591928 0.0152466367713 0.027802690583 0.24932735426 0.00448430493274 0.00717488789238 0.135426008969
10 0.067264573991 0.019730941704 0.00807174887892 0.00538116591928 0.037668161435 0.0107623318386 0.00807174887892 0.0959641255605 0.00717488789238 0.400896860987 0.0430493273543 0.00627802690583 0.00627802690583 0.00538116591928 0.00896860986547 0.0143497757848 0.0107623318386 0.0887892376682 0.00896860986547 0.027802690583 0.118385650224
11 0.0269058295964 0.0116591928251 0.00717488789238 0.00358744394619 0.0385650224215 0.00538116591928 0.00538116591928 0.231390134529 0.00538116591928 0.250224215247 0.0161434977578 0.00269058295964 0.00448430493274 0.00717488789238 0.00627802690583 0.0161434977578 0.00986547085202 0.211659192825 0.00358744394619 0.0269058295964 0.109417040359
12 0.112107623318 0.0251121076233 0.00627802690583 0.00448430493274 0.0331838565022 0.0188340807175 0.00627802690583 0.195515695067 0.00358744394619 0.154260089686 0.0143497757848 0.00896860986547 0.00448430493274 0.00358744394619 0.00896860986547 0.0152466367713 0.0215246636771 0.221524663677 0.00448430493274 0.0269058295964 0.110313901345
13 0.0529147982063 0.0215246636771 0.257399103139 0.139910313901 0.00538116591928 0.0699551569507 0.0322869955157 0.0152466367713 0.0188340807175 0.0152466367713 0.00896860986547 0.0340807174888 0.00627802690583 0.019730941704 0.0116591928251 0.0941704035874 0.047533632287 0.0251121076233 0.00179372197309 0.00538116591928 0.116591928251
14 0.0565022421525 0.00807174887892 0.226905829596 0.0896860986547 0.00448430493274 0.0349775784753 0.0286995515695 0.00896860986547 0.0367713004484 0.019730941704 0.00538116591928 0.0807174887892 0.0726457399103 0.0260089686099 0.0520179372197 0.07533632287 0.0286995515695 0.0134529147982 0.000896860986547 0.00627802690583 0.123766816143
15 0.0358744394619 0.00986547085202 0.218834080717 0.0816143497758 0.0143497757848 0.0295964125561 0.0331838565022 0.00986547085202 0.0367713004484 0.0286995515695 0.00896860986547 0.12197309417 0.027802690583 0.0313901345291 0.0403587443946 0.103139013453 0.027802690583 0.0161434977578 0.00179372197309 0.0107623318386 0.111210762332
16 0.0789237668161 0.0116591928251 0.0538116591928 0.0914798206278 0.0116591928251 0.047533632287 0.0170403587444 0.0260089686099 0.0502242152466 0.0358744394619 0.00986547085202 0.0385650224215 0.132735426009 0.0412556053812 0.0466367713004 0.077130044843 0.0511210762332 0.0421524663677 0.00448430493274 0.0125560538117 0.119282511211
17 0.0717488789238 0.00538116591928 0.0699551569507 0.0896860986547 0.0313901345291 0.0313901345291 0.0233183856502 0.067264573991 0.0502242152466 0.077130044843 0.0215246636771 0.0394618834081 0.0233183856502 0.0331838565022 0.0430493273543 0.0762331838565 0.0520179372197 0.0547085201794 0.00269058295964 0.019730941704 0.116591928251
18 0.0600896860987 0.00807174887892 0.0582959641256 0.0448430493274 0.0493273542601 0.0188340807175 0.0251121076233 0.0690582959641 0.0206278026906 0.12197309417 0.0242152466368 0.0493273542601 0.0134529147982 0.0385650224215 0.0466367713004 0.0466367713004 0.0511210762332 0.0887892376682 0.0161434977578 0.0295964125561 0.119282511211
19 0.114798206278 0.0340807174888 0.0179372197309 0.019730941704 0.0161434977578 0.0421524663677 0.0170403587444 0.0565022421525 0.0251121076233 0.112107623318 0.0152466367713 0.0224215246637 0.0107623318386 0.0565022421525 0.173094170404 0.0591928251121 0.0260089686099 0.0448430493274 0.00538116591928 0.0107623318386 0.120179372197
20 0.0780269058296 0.00538116591928 0.0708520179372 0.12197309417 0.0134529147982 0.0340807174888 0.0233183856502 0.0251121076233 0.067264573991 0.0538116591928 0.0143497757848 0.0529147982063 0.0179372197309 0.0591928251121 0.0717488789238 0.0807174887892 0.0385650224215 0.0233183856502 0.00538116591928 0.0206278026906 0.12197309417
21 0.0977578475336 0.00538116591928 0.0331838565022 0.0340807174888 0.0385650224215 0.0780269058296 0.0206278026906 0.0645739910314 0.0367713004484 0.140807174888 0.0304932735426 0.0215246636771 0.0125560538117 0.037668161435 0.0547085201794 0.0430493273543 0.0385650224215 0.0591928251121 0.00986547085202 0.0188340807175 0.123766816143
22 0.0340807174888 0.00807174887892 0.00358744394619 0.0116591928251 0.0618834080717 0.00807174887892 0.00627802690583 0.141704035874 0.00896860986547 0.331838565022 0.0565022421525 0.00896860986547 0.00717488789238 0.0143497757848 0.00717488789238 0.0134529147982 0.0313901345291 0.0905829596413 0.0116591928251 0.0152466367713 0.12735426009
23 0.0959641255605 0.0188340807175 0.0251121076233 0.0869955156951 0.0116591928251 0.0313901345291 0.0233183856502 0.0286995515695 0.111210762332 0.0457399103139 0.0143497757848 0.0295964125561 0.0125560538117 0.0538116591928 0.0923766816143 0.0798206278027 0.0511210762332 0.0538116591928 0.00179372197309 0.0152466367713 0.116591928251
24 0.0699551569507 0.00358744394619 0.07533632287 0.102242152466 0.00896860986547 0.0322869955157 0.0260089686099 0.0206278026906 0.067264573991 0.0439461883408 0.0170403587444 0.057399103139 0.0188340807175 0.0708520179372 0.0834080717489 0.0896860986547 0.0547085201794 0.0242152466368 0.00807174887892 0.00986547085202 0.115695067265
25 0.0932735426009 0.0188340807175 0.0107623318386 0.0304932735426 0.0403587443946 0.0161434977578 0.0206278026906 0.0860986547085 0.0295964125561 0.163228699552 0.0511210762332 0.0143497757848 0.00717488789238 0.0448430493274 0.0304932735426 0.0421524663677 0.0331838565022 0.0843049327354 0.0107623318386 0.0591928251121 0.113004484305
26 0.0412556053812 0.0179372197309 0.00538116591928 0.00986547085202 0.0914798206278 0.00358744394619 0.00627802690583 0.0914798206278 0.0170403587444 0.430493273543 0.0295964125561 0.00538116591928 0.00627802690583 0.00538116591928 0.0134529147982 0.0143497757848 0.0107623318386 0.0717488789238 0.00627802690583 0.00896860986547 0.113004484305
27 0.100448430493 0.0125560538117 0.0421524663677 0.129147982063 0.0170403587444 0.0439461883408 0.0224215246637 0.0215246636771 0.0726457399103 0.0430493273543 0.00986547085202 0.037668161435 0.0251121076233 0.0529147982063 0.0869955156951 0.0843049327354 0.0493273542601 0.0206278026906 0.00179372197309 0.00627802690583 0.120179372197
28 0.0825112107623 0.00179372197309 0.0591928251121 0.0959641255605 0.0286995515695 0.0412556053812 0.0304932735426 0.0161434977578 0.0762331838565 0.0394618834081 0.0107623318386 0.0448430493274 0.0269058295964 0.0618834080717 0.0807174887892 0.07533632287 0.0286995515695 0.0233183856502 0.00538116591928 0.0107623318386 0.159641255605
29 0.067264573991 0.00896860986547 0.0349775784753 0.0663677130045 0.0439461883408 0.027802690583 0.0304932735426 0.0448430493274 0.0215246636771 0.113901345291 0.0251121076233 0.0448430493274 0.027802690583 0.0484304932735 0.0385650224215 0.0645739910314 0.0331838565022 0.0313901345291 0.0313901345291 0.0448430493274 0.149775784753
30 0.0358744394619 0.00538116591928 0.0609865470852 0.0439461883408 0.0286995515695 0.320179372197 0.0251121076233 0.0188340807175 0.0385650224215 0.0286995515695 0.00269058295964 0.057399103139 0.0358744394619 0.0322869955157 0.0349775784753 0.0421524663677 0.0134529147982 0.0161434977578 0.00448430493274 0.0188340807175 0.135426008969
31 0.0663677130045 0.027802690583 0.0242152466368 0.0331838565022 0.144394618834 0.0242152466368 0.0304932735426 0.0654708520179 0.0170403587444 0.0807174887892 0.0260089686099 0.0179372197309 0.0152466367713 0.0188340807175 0.0170403587444 0.0269058295964 0.0134529147982 0.0654708520179 0.027802690583 0.118385650224 0.139013452915
32 0.0493273542601 0.00986547085202 0.0349775784753 0.0591928251121 0.0215246636771 0.0224215246637 0.0206278026906 0.0161434977578 0.037668161435 0.0349775784753 0.00717488789238 0.027802690583 0.0116591928251 0.0331838565022 0.0484304932735 0.0340807174888 0.0358744394619 0.0295964125561 0.00179372197309 0.0152466367713 0.448430493274
33 0.0421524663677 0.0161434977578 0.057399103139 0.0663677130045 0.0188340807175 0.0188340807175 0.0170403587444 0.0547085201794 0.0394618834081 0.0538116591928 0.00896860986547 0.037668161435 0.0152466367713 0.047533632287 0.0421524663677 0.0394618834081 0.0493273542601 0.0798206278027 0.00358744394619 0.0107623318386 0.280717488789
34 0.0529147982063 0.0448430493274 0.0116591928251 0.0179372197309 0.0340807174888 0.0116591928251 0.0161434977578 0.143497757848 0.0107623318386 0.107623318386 0.0134529147982 0.00358744394619 0.0313901345291 0.0179372197309 0.0143497757848 0.0304932735426 0.0430493273543 0.231390134529 0.00627802690583 0.0206278026906 0.136322869955
35 0.0645739910314 0.0161434977578 0.0636771300448 0.0654708520179 0.0304932735426 0.0511210762332 0.0313901345291 0.0717488789238 0.0430493273543 0.0690582959641 0.0107623318386 0.0215246636771 0.00448430493274 0.0439461883408 0.0538116591928 0.0502242152466 0.057399103139 0.0645739910314 0.0125560538117 0.0286995515695 0.145291479821
36 0.0798206278027 0.0322869955157 0.027802690583 0.0654708520179 0.0421524663677 0.019730941704 0.0304932735426 0.0744394618834 0.0170403587444 0.0708520179372 0.00807174887892 0.0206278026906 0.0233183856502 0.0403587443946 0.0412556053812 0.0627802690583 0.0762331838565 0.0932735426009 0.00986547085202 0.0233183856502 0.140807174888
37 0.19730941704 0.0609865470852 0.0125560538117 0.0260089686099 0.0744394618834 0.0215246636771 0.0125560538117 0.0565022421525 0.0134529147982 0.0600896860987 0.0116591928251 0.0161434977578 0.0215246636771 0.0134529147982 0.0269058295964 0.0484304932735 0.0582959641256 0.104035874439 0.00358744394619 0.0295964125561 0.130941704036
38 0.0780269058296 0.00627802690583 0.0869955156951 0.0699551569507 0.0116591928251 0.0565022421525 0.0322869955157 0.0233183856502 0.0448430493274 0.0286995515695 0.00717488789238 0.0538116591928 0.0349775784753 0.0457399103139 0.0520179372197 0.106726457399 0.077130044843 0.0179372197309 0.00358744394619 0.0215246636771 0.140807174888
39 0.0385650224215 0.00896860986547 0.177578475336 0.0565022421525 0.00986547085202 0.0412556053812 0.0125560538117 0.0161434977578 0.0260089686099 0.0295964125561 0.00807174887892 0.0843049327354 0.0215246636771 0.0251121076233 0.0322869955157 0.172197309417 0.0843049327354 0.0152466367713 0.00358744394619 0.00986547085202 0.126457399103
40 0.104932735426 0.0116591928251 0.0349775784753 0.0466367713004 0.0322869955157 0.146188340807 0.0125560538117 0.0529147982063 0.0224215246637 0.0878923766816 0.0107623318386 0.0215246636771 0.0600896860987 0.0188340807175 0.027802690583 0.0645739910314 0.0331838565022 0.0627802690583 0.00986547085202 0.0134529147982 0.12466367713
41 0.0780269058296 0.00448430493274 0.0878923766816 0.155156950673 0.0188340807175 0.0367713004484 0.0134529147982 0.0286995515695 0.0690582959641 0.0412556053812 0.00538116591928 0.0403587443946 0.0340807174888 0.0556053811659 0.0439461883408 0.067264573991 0.037668161435 0.037668161435 0.000896860986547 0.00896860986547 0.134529147982
42 0.0878923766816 0.00896860986547 0.107623318386 0.216143497758 0.0116591928251 0.0367713004484 0.0188340807175 0.0161434977578 0.0358744394619 0.0385650224215 0.0125560538117 0.0224215246637 0.0179372197309 0.0591928251121 0.0367713004484 0.0654708520179 0.0430493273543 0.0251121076233 0.00269058295964 0.00627802690583 0.130044843049
43 0.280717488789 0.0152466367713 0.019730941704 0.0313901345291 0.0385650224215 0.0520179372197 0.00538116591928 0.0538116591928 0.00807174887892 0.149775784753 0.0116591928251 0.00807174887892 0.00986547085202 0.0143497757848 0.0215246636771 0.0260089686099 0.037668161435 0.0681614349776 0.00538116591928 0.00986547085202 0.132735426009
44 0.0547085201794 0.0125560538117 0.0134529147982 0.0349775784753 0.0529147982063 0.0206278026906 0.00807174887892 0.112107623318 0.0322869955157 0.226905829596 0.0430493273543 0.0170403587444 0.0152466367713 0.0260089686099 0.0403587443946 0.0242152466368 0.0179372197309 0.0582959641256 0.0107623318386 0.0340807174888 0.144394618834
45 0.085201793722 0.0107623318386 0.0816143497758 0.139910313901 0.0215246636771 0.0304932735426 0.0188340807175 0.0143497757848 0.0681614349776 0.0349775784753 0.00896860986547 0.0439461883408 0.0215246636771 0.0627802690583 0.067264573991 0.0565022421525 0.0439461883408 0.027802690583 0.00448430493274 0.0143497757848 0.142600896861
46 0.0977578475336 0.00986547085202 0.0340807174888 0.0538116591928 0.0313901345291 0.0233183856502 0.0224215246637 0.0843049327354 0.0529147982063 0.130044843049 0.0251121076233 0.0170403587444 0.00807174887892 0.0421524663677 0.0493273542601 0.0331838565022 0.0286995515695 0.0502242152466 0.0125560538117 0.0349775784753 0.158744394619
47 0.0690582959641 0.0304932735426 0.0152466367713 0.0143497757848 0.0565022421525 0.0107623318386 0.00896860986547 0.119282511211 0.0152466367713 0.248430493274 0.027802690583 0.00896860986547 0.0116591928251 0.0161434977578 0.0116591928251 0.0206278026906 0.0206278026906 0.0834080717489 0.00717488789238 0.0224215246637 0.181165919283
48 0.0645739910314 0.00269058295964 0.0412556053812 0.0816143497758 0.0107623318386 0.0322869955157 0.0242152466368 0.019730941704 0.0708520179372 0.0600896860987 0.00896860986547 0.0430493273543 0.019730941704 0.0636771300448 0.0905829596413 0.0780269058296 0.0358744394619 0.0349775784753 0.00269058295964 0.019730941704 0.194618834081
49 0.067264573991 0.00986547085202 0.0529147982063 0.0914798206278 0.0134529147982 0.0403587443946 0.0260089686099 0.0233183856502 0.0708520179372 0.0412556053812 0.00627802690583 0.0493273542601 0.0269058295964 0.0735426008969 0.0681614349776 0.0618834080717 0.047533632287 0.027802690583 0.00538116591928 0.00807174887892 0.188340807175
50 0.0538116591928 0.00986547085202 0.0394618834081 0.0735426008969 0.0331838565022 0.0600896860987 0.0448430493274 0.027802690583 0.0421524663677 0.0591928251121 0.00986547085202 0.0582959641256 0.0331838565022 0.067264573991 0.067264573991 0.0636771300448 0.047533632287 0.027802690583 0.00807174887892 0.0206278026906 0.152466367713
51 0.0609865470852 0.0107623318386 0.067264573991 0.07533632287 0.00986547085202 0.0511210762332 0.0313901345291 0.0233183856502 0.0789237668161 0.0430493273543 0.0161434977578 0.0439461883408 0.0923766816143 0.0690582959641 0.0798206278027 0.0627802690583 0.0331838565022 0.0349775784753 0.00538116591928 0.00986547085202 0.100448430493
52 0.0869955156951 0.019730941704 0.0242152466368 0.019730941704 0.107623318386 0.0170403587444 0.00896860986547 0.077130044843 0.0161434977578 0.0502242152466 0.00807174887892 0.00986547085202 0.238565022422 0.0116591928251 0.0152466367713 0.0242152466368 0.0215246636771 0.0690582959641 0.0170403587444 0.0708520179372 0.0860986547085
53 0.0681614349776 0.0107623318386 0.337219730942 0.07533632287 0.0134529147982 0.0439461883408 0.0304932735426 0.0161434977578 0.0295964125561 0.019730941704 0.00179372197309 0.0484304932735 0.0251121076233 0.0367713004484 0.0358744394619 0.0681614349776 0.0251121076233 0.0233183856502 0.00269058295964 0.00807174887892 0.0798206278027
54 0.0860986547085 0.0242152466368 0.0125560538117 0.00986547085202 0.0313901345291 0.0152466367713 0.00717488789238 0.166816143498 0.00986547085202 0.258295964126 0.0340807174888 0.00448430493274 0.00358744394619 0.0116591928251 0.00986547085202 0.0143497757848 0.0322869955157 0.167713004484 0.00538116591928 0.00807174887892 0.0869955156951
55 0.0600896860987 0.0152466367713 0.0107623318386 0.0107623318386 0.0412556053812 0.00717488789238 0.00179372197309 0.242152466368 0.0107623318386 0.173094170404 0.0206278026906 0.00896860986547 0.0116591928251 0.00896860986547 0.00717488789238 0.0188340807175 0.0125560538117 0.2466367713 0.00807174887892 0.0116591928251 0.0717488789238
56 0.0188340807175 0.00627802690583 0.00627802690583 0.0125560538117 0.109417040359 0.00448430493274 0.00358744394619 0.235874439462 0.00358744394619 0.27264573991 0.0251121076233 0.00358744394619 0.00627802690583 0.00179372197309 0.0107623318386 0.00807174887892 0.00627802690583 0.167713004484 0.0116591928251 0.019730941704 0.0654708520179
57 0.0681614349776 0.0403587443946 0.00986547085202 0.0161434977578 0.0457399103139 0.0152466367713 0.00448430493274 0.188340807175 0.00807174887892 0.218834080717 0.0412556053812 0.00717488789238 0.00717488789238 0.00538116591928 0.00807174887892 0.0439461883408 0.0591928251121 0.136322869955 0.00627802690583 0.0116591928251 0.0582959641256
58 0.047533632287 0.0179372197309 0.424215246637 0.0869955156951 0.00627802690583 0.0448430493274 0.00986547085202 0.0152466367713 0.0125560538117 0.0233183856502 0.00179372197309 0.0717488789238 0.0134529147982 0.0179372197309 0.0215246636771 0.0627802690583 0.0206278026906 0.0170403587444 0.00179372197309 0.00807174887892 0.0744394618834
59 0.0780269058296 0.0215246636771 0.0421524663677 0.0457399103139 0.0304932735426 0.0260089686099 0.019730941704 0.10134529148 0.0152466367713 0.155156950673 0.0403587443946 0.0143497757848 0.0269058295964 0.0224215246637 0.0260089686099 0.0529147982063 0.0466367713004 0.0860986547085 0.0188340807175 0.0520179372197 0.0780269058296
60 0.0708520179372 0.0116591928251 0.12466367713 0.07533632287 0.0251121076233 0.0529147982063 0.0286995515695 0.0286995515695 0.0385650224215 0.0520179372197 0.0322869955157 0.0663677130045 0.0251121076233 0.0448430493274 0.0618834080717 0.0789237668161 0.0286995515695 0.0367713004484 0.00807174887892 0.0134529147982 0.095067264574
61 0.0502242152466 0.00896860986547 0.0358744394619 0.0242152466368 0.0466367713004 0.0331838565022 0.0152466367713 0.0600896860987 0.0242152466368 0.233183856502 0.105829596413 0.0242152466368 0.0179372197309 0.0233183856502 0.0143497757848 0.0502242152466 0.0412556053812 0.0538116591928 0.00538116591928 0.0161434977578 0.115695067265
62 0.0654708520179 0.0170403587444 0.0708520179372 0.0654708520179 0.019730941704 0.0484304932735 0.0179372197309 0.0251121076233 0.0430493273543 0.0591928251121 0.0107623318386 0.0322869955157 0.195515695067 0.0295964125561 0.0340807174888 0.0681614349776 0.0439461883408 0.0322869955157 0.00179372197309 0.00896860986547 0.110313901345
63 0.0529147982063 0.00627802690583 0.154260089686 0.07533632287 0.00896860986547 0.132735426009 0.0152466367713 0.0233183856502 0.0385650224215 0.037668161435 0.00538116591928 0.0430493273543 0.0304932735426 0.0304932735426 0.0511210762332 0.0609865470852 0.0403587443946 0.0304932735426 0.00627802690583 0.00896860986547 0.147085201794
64 0.057399103139 0.0161434977578 0.0511210762332 0.057399103139 0.0367713004484 0.0591928251121 0.0125560538117 0.0869955156951 0.0331838565022 0.0977578475336 0.0636771300448 0.0286995515695 0.027802690583 0.0233183856502 0.0304932735426 0.0627802690583 0.0367713004484 0.0609865470852 0.00717488789238 0.0251121076233 0.12466367713
65 0.0618834080717 0.00807174887892 0.165919282511 0.0735426008969 0.0107623318386 0.057399103139 0.0125560538117 0.0179372197309 0.0538116591928 0.0286995515695 0.00896860986547 0.0923766816143 0.0385650224215 0.0295964125561 0.0358744394619 0.0932735426009 0.0484304932735 0.0251121076233 0.00448430493274 0.00896860986547 0.123766816143
66 0.0986547085202 0.00896860986547 0.0439461883408 0.0421524663677 0.0161434977578 0.281614349776 0.00448430493274 0.027802690583 0.0206278026906 0.0484304932735 0.0107623318386 0.0286995515695 0.0430493273543 0.0251121076233 0.0260089686099 0.0538116591928 0.0403587443946 0.0394618834081 0.0143497757848 0.00896860986547 0.116591928251
67 0.0636771300448 0.0152466367713 0.0340807174888 0.0529147982063 0.067264573991 0.019730941704 0.0134529147982 0.102242152466 0.0251121076233 0.154260089686 0.0269058295964 0.0143497757848 0.0286995515695 0.0295964125561 0.0358744394619 0.0260089686099 0.0358744394619 0.0735426008969 0.0170403587444 0.0412556053812 0.122869955157
68 0.0923766816143 0.00358744394619 0.116591928251 0.156053811659 0.0152466367713 0.0349775784753 0.0179372197309 0.0134529147982 0.047533632287 0.0385650224215 0.0134529147982 0.0349775784753 0.0286995515695 0.0565022421525 0.0448430493274 0.0717488789238 0.0520179372197 0.0224215246637 0.00448430493274 0.0116591928251 0.122869955157
69 0.0681614349776 0.0107623318386 0.0170403587444 0.019730941704 0.0995515695067 0.0188340807175 0.0116591928251 0.0816143497758 0.0125560538117 0.233183856502 0.0233183856502 0.019730941704 0.0107623318386 0.0161434977578 0.0340807174888 0.0260089686099 0.0430493273543 0.0959641255605 0.019730941704 0.0188340807175 0.119282511211
70 0.0959641255605 0.0529147982063 0.00627802690583 0.0143497757848 0.0260089686099 0.0179372197309 0.00986547085202 0.128251121076 0.0107623318386 0.239461883408 0.0242152466368 0.00627802690583 0.0188340807175 0.0170403587444 0.0251121076233 0.0313901345291 0.0295964125561 0.10134529148 0.00358744394619 0.0224215246637 0.118385650224
71 0.0798206278027 0.00358744394619 0.0618834080717 0.116591928251 0.0152466367713 0.0260089686099 0.0152466367713 0.0286995515695 0.0977578475336 0.0286995515695 0.00986547085202 0.037668161435 0.0206278026906 0.0654708520179 0.1533632287 0.0654708520179 0.027802690583 0.019730941704 0.00538116591928 0.00538116591928 0.115695067265
72 0.0914798206278 0.00627802690583 0.0358744394619 0.104932735426 0.019730941704 0.0233183856502 0.0251121076233 0.0313901345291 0.0923766816143 0.0735426008969 0.0161434977578 0.0215246636771 0.00896860986547 0.0690582959641 0.0789237668161 0.0484304932735 0.0412556053812 0.0412556053812 0.0188340807175 0.0295964125561 0.12197309417
73 0.0412556053812 0.00717488789238 0.00717488789238 0.0125560538117 0.037668161435 0.0116591928251 0.00538116591928 0.193721973094 0.00807174887892 0.306726457399 0.0331838565022 0.0125560538117 0.00717488789238 0.0206278026906 0.0206278026906 0.0188340807175 0.0170403587444 0.0914798206278 0.0116591928251 0.0116591928251 0.123766816143
74 0.057399103139 0.00896860986547 0.0233183856502 0.0349775784753 0.0161434977578 0.0260089686099 0.0331838565022 0.0286995515695 0.138116591928 0.0591928251121 0.00717488789238 0.0439461883408 0.00717488789238 0.0511210762332 0.209865470852 0.0412556053812 0.0260089686099 0.027802690583 0.00717488789238 0.0125560538117 0.139910313901
75 0.085201793722 0.00717488789238 0.0421524663677 0.104035874439 0.00717488789238 0.0322869955157 0.0260089686099 0.0179372197309 0.0708520179372 0.0511210762332 0.0107623318386 0.0421524663677 0.0233183856502 0.0627802690583 0.0878923766816 0.0878923766816 0.0403587443946 0.0206278026906 0.00269058295964 0.00986547085202 0.167713004484
76 0.0448430493274 0.00627802690583 0.0591928251121 0.0493273542601 0.0161434977578 0.0286995515695 0.0511210762332 0.0394618834081 0.0430493273543 0.0860986547085 0.0116591928251 0.0358744394619 0.0251121076233 0.0394618834081 0.0708520179372 0.0466367713004 0.0358744394619 0.0304932735426 0.00807174887892 0.0224215246637 0.24932735426
77 0.0493273542601 0.0116591928251 0.0260089686099 0.0565022421525 0.0107623318386 0.0520179372197 0.0224215246637 0.00986547085202 0.0340807174888 0.0412556053812 0.00807174887892 0.0331838565022 0.0591928251121 0.0242152466368 0.0439461883408 0.0457399103139 0.0260089686099 0.0188340807175 0.00179372197309 0.0152466367713 0.409865470852
78 0.0529147982063 0.00896860986547 0.0349775784753 0.0466367713004 0.0116591928251 0.0331838565022 0.0242152466368 0.0260089686099 0.0403587443946 0.0538116591928 0.0116591928251 0.0304932735426 0.0340807174888 0.0269058295964 0.0439461883408 0.0394618834081 0.0269058295964 0.0233183856502 0.00448430493274 0.0125560538117 0.413452914798
79 0.0457399103139 0.0143497757848 0.0502242152466 0.047533632287 0.0340807174888 0.0385650224215 0.0260089686099 0.027802690583 0.0295964125561 0.0878923766816 0.0188340807175 0.047533632287 0.0269058295964 0.0233183856502 0.0394618834081 0.0457399103139 0.0367713004484 0.0331838565022 0.0170403587444 0.0394618834081 0.269955156951
80 0.0726457399103 0.0179372197309 0.0412556053812 0.0358744394619 0.0260089686099 0.0313901345291 0.0260089686099 0.0269058295964 0.0600896860987 0.0529147982063 0.0125560538117 0.0394618834081 0.139910313901 0.0484304932735 0.0582959641256 0.0717488789238 0.0367713004484 0.0295964125561 0.000896860986547 0.0152466367713 0.156053811659
81 0.0708520179372 0.0134529147982 0.085201793722 0.057399103139 0.0260089686099 0.0699551569507 0.0385650224215 0.0179372197309 0.047533632287 0.0340807174888 0.00807174887892 0.0663677130045 0.0484304932735 0.0448430493274 0.0645739910314 0.0690582959641 0.0421524663677 0.0179372197309 0.00448430493274 0.0179372197309 0.155156950673
82 0.077130044843 0.0286995515695 0.0179372197309 0.0161434977578 0.0224215246637 0.0233183856502 0.0125560538117 0.136322869955 0.0179372197309 0.145291479821 0.0286995515695 0.0125560538117 0.0547085201794 0.0161434977578 0.0233183856502 0.0385650224215 0.0896860986547 0.0995515695067 0.00179372197309 0.00358744394619 0.133632286996
83 0.0556053811659 0.00896860986547 0.0215246636771 0.0286995515695 0.0161434977578 0.027802690583 0.0215246636771 0.0340807174888 0.0807174887892 0.0394618834081 0.00627802690583 0.0179372197309 0.299551569507 0.0394618834081 0.0654708520179 0.0412556053812 0.0349775784753 0.0502242152466 0.00179372197309 0.0179372197309 0.0905829596413
84 0.0331838565022 0.00896860986547 0.00538116591928 0.0152466367713 0.0636771300448 0.00896860986547 0.00627802690583 0.236771300448 0.0161434977578 0.146188340807 0.0233183856502 0.00448430493274 0.0125560538117 0.0107623318386 0.0269058295964 0.019730941704 0.0394618834081 0.217040358744 0.00896860986547 0.0179372197309 0.0780269058296
85 0.037668161435 0.00807174887892 0.00448430493274 0.00538116591928 0.0385650224215 0.0152466367713 0.00717488789238 0.296860986547 0.00807174887892 0.185650224215 0.0286995515695 0.00807174887892 0.00896860986547 0.00358744394619 0.00986547085202 0.00627802690583 0.0152466367713 0.213452914798 0.00627802690583 0.0116591928251 0.0807174887892
86 0.0995515695067 0.0152466367713 0.00807174887892 0.0125560538117 0.0887892376682 0.0313901345291 0.00448430493274 0.12466367713 0.00717488789238 0.207174887892 0.0484304932735 0.00538116591928 0.00358744394619 0.00358744394619 0.0116591928251 0.0233183856502 0.0188340807175 0.173094170404 0.00896860986547 0.0251121076233 0.0789237668161
87 0.0313901345291 0.0134529147982 0.0134529147982 0.00986547085202 0.067264573991 0.0161434977578 0.00986547085202 0.156950672646 0.00448430493274 0.243049327354 0.0609865470852 0.00627802690583 0.00627802690583 0.0116591928251 0.0125560538117 0.0295964125561 0.0430493273543 0.138116591928 0.00717488789238 0.0331838565022 0.085201793722
88 0.105829596413 0.0215246636771 0.0331838565022 0.0286995515695 0.00717488789238 0.0717488789238 0.00717488789238 0.0430493273543 0.0224215246637 0.0520179372197 0.0134529147982 0.037668161435 0.0179372197309 0.0161434977578 0.0161434977578 0.179372197309 0.156053811659 0.0600896860987 0.00896860986547 0.0125560538117 0.0887892376682
89 0.104035874439 0.00538116591928 0.0905829596413 0.0726457399103 0.0125560538117 0.12197309417 0.0134529147982 0.0143497757848 0.0286995515695 0.0260089686099 0.0107623318386 0.0690582959641 0.0511210762332 0.0269058295964 0.0340807174888 0.119282511211 0.057399103139 0.0340807174888 0.00179372197309 0.0143497757848 0.0914798206278
90 0.0529147982063 0.00896860986547 0.0744394618834 0.0843049327354 0.0260089686099 0.0502242152466 0.0412556053812 0.0260089686099 0.0385650224215 0.0556053811659 0.00717488789238 0.0609865470852 0.0439461883408 0.0502242152466 0.0663677130045 0.0887892376682 0.0502242152466 0.0313901345291 0.00448430493274 0.0403587443946 0.0977578475336
91 0.0618834080717 0.00717488789238 0.0843049327354 0.0860986547085 0.0242152466368 0.095067264574 0.0134529147982 0.0304932735426 0.0349775784753 0.0493273542601 0.0152466367713 0.047533632287 0.067264573991 0.0331838565022 0.0340807174888 0.0789237668161 0.0663677130045 0.0385650224215 0.00627802690583 0.0170403587444 0.108520179372
92 0.0636771300448 0.00717488789238 0.139013452915 0.095067264574 0.0152466367713 0.0412556053812 0.0251121076233 0.0206278026906 0.0340807174888 0.0394618834081 0.00448430493274 0.0663677130045 0.0340807174888 0.0529147982063 0.0502242152466 0.100448430493 0.0556053811659 0.0269058295964 0.00269058295964 0.00986547085202 0.115695067265
93 0.0843049327354 0.00269058295964 0.0636771300448 0.0995515695067 0.0367713004484 0.0331838565022 0.0215246636771 0.0340807174888 0.0421524663677 0.0627802690583 0.0134529147982 0.037668161435 0.0735426008969 0.0322869955157 0.0582959641256 0.0636771300448 0.037668161435 0.047533632287 0.00896860986547 0.0170403587444 0.129147982063
94 0.0708520179372 0.00896860986547 0.10134529148 0.133632286996 0.0206278026906 0.0520179372197 0.0286995515695 0.0260089686099 0.0484304932735 0.047533632287 0.00627802690583 0.0269058295964 0.0412556053812 0.0439461883408 0.0430493273543 0.0618834080717 0.0394618834081 0.0403587443946 0.00358744394619 0.0107623318386 0.144394618834
95 0.0591928251121 0.00538116591928 0.0825112107623 0.0780269058296 0.0295964125561 0.0358744394619 0.0143497757848 0.0511210762332 0.0242152466368 0.103139013453 0.0188340807175 0.037668161435 0.0269058295964 0.0430493273543 0.0358744394619 0.0591928251121 0.0529147982063 0.0520179372197 0.00896860986547 0.0367713004484 0.144394618834
96 0.110313901345 0.0107623318386 0.027802690583 0.0591928251121 0.0313901345291 0.0242152466368 0.0125560538117 0.105829596413 0.0304932735426 0.108520179372 0.0269058295964 0.0170403587444 0.0251121076233 0.0242152466368 0.0636771300448 0.0331838565022 0.0367713004484 0.0816143497758 0.0134529147982 0.019730941704 0.137219730942
97 0.0699551569507 0.00358744394619 0.0385650224215 0.0798206278027 0.037668161435 0.0313901345291 0.0152466367713 0.0618834080717 0.037668161435 0.118385650224 0.0179372197309 0.0313901345291 0.027802690583 0.0466367713004 0.0690582959641 0.0547085201794 0.0322869955157 0.0816143497758 0.00448430493274 0.0188340807175 0.121076233184
98 0.0816143497758 0.00358744394619 0.047533632287 0.116591928251 0.0107623318386 0.0349775784753 0.019730941704 0.0322869955157 0.0914798206278 0.0538116591928 0.0161434977578 0.0412556053812 0.0251121076233 0.0726457399103 0.106726457399 0.0439461883408 0.0295964125561 0.0295964125561 0.00627802690583 0.0116591928251 0.12466367713
99 0.191928251121 0.0466367713004 0.0188340807175 0.027802690583 0.0340807174888 0.0412556053812 0.0188340807175 0.0556053811659 0.0269058295964 0.122869955157 0.0242152466368 0.0143497757848 0.0152466367713 0.0233183856502 0.0313901345291 0.057399103139 0.0358744394619 0.0547085201794 0.0152466367713 0.0224215246637 0.121076233184
100 0.0484304932735 0.0116591928251 0.0251121076233 0.0260089686099 0.0690582959641 0.019730941704 0.0170403587444 0.0905829596413 0.037668161435 0.20269058296 0.0403587443946 0.0242152466368 0.0143497757848 0.0242152466368 0.0448430493274 0.0385650224215 0.0295964125561 0.0502242152466 0.0125560538117 0.0520179372197 0.121076233184
101 0.0807174887892 0.00717488789238 0.0565022421525 0.108520179372 0.0125560538117 0.0520179372197 0.0286995515695 0.0286995515695 0.0825112107623 0.0466367713004 0.00986547085202 0.0565022421525 0.0170403587444 0.0582959641256 0.105829596413 0.0591928251121 0.027802690583 0.019730941704 0.0134529147982 0.00986547085202 0.118385650224
102 0.164125560538 0.0224215246637 0.0358744394619 0.0394618834081 0.0233183856502 0.0304932735426 0.0224215246637 0.0600896860987 0.0367713004484 0.129147982063 0.0134529147982 0.0421524663677 0.027802690583 0.0286995515695 0.0358744394619 0.0717488789238 0.0331838565022 0.0484304932735 0.00448430493274 0.0358744394619 0.0941704035874
103 0.0340807174888 0.00986547085202 0.0430493273543 0.0349775784753 0.0116591928251 0.4 0.0260089686099 0.0125560538117 0.0358744394619 0.0251121076233 0.0107623318386 0.0591928251121 0.0260089686099 0.0358744394619 0.0430493273543 0.0484304932735 0.0260089686099 0.0107623318386 0.00717488789238 0.0116591928251 0.0878923766816
104 0.232286995516 0.0269058295964 0.0224215246637 0.0188340807175 0.0502242152466 0.0367713004484 0.0125560538117 0.095067264574 0.0161434977578 0.0708520179372 0.0215246636771 0.0215246636771 0.0349775784753 0.0125560538117 0.0260089686099 0.0313901345291 0.0179372197309 0.138116591928 0.00358744394619 0.0286995515695 0.0816143497758
105 0.0627802690583 0.0152466367713 0.144394618834 0.0313901345291 0.0582959641256 0.0179372197309 0.0349775784753 0.0466367713004 0.0313901345291 0.0618834080717 0.0179372197309 0.0529147982063 0.0152466367713 0.0421524663677 0.037668161435 0.0780269058296 0.0385650224215 0.0717488789238 0.00448430493274 0.0556053811659 0.0807174887892
106 0.104932735426 0.00896860986547 0.17668161435 0.0591928251121 0.0251121076233 0.159641255605 0.0304932735426 0.0269058295964 0.0260089686099 0.0242152466368 0.00717488789238 0.0349775784753 0.0116591928251 0.019730941704 0.0556053811659 0.057399103139 0.0304932735426 0.027802690583 0.00358744394619 0.0322869955157 0.077130044843
107 0.0179372197309 0.0448430493274 0.00896860986547 0.00986547085202 0.17130044843 0.0152466367713 0.019730941704 0.0735426008969 0.00448430493274 0.0896860986547 0.0152466367713 0.00358744394619 0.00627802690583 0.0116591928251 0.0215246636771 0.0233183856502 0.0260089686099 0.122869955157 0.0206278026906 0.221524663677 0.0717488789238
108 0.0242152466368 0.0134529147982 0.00627802690583 0.0152466367713 0.07533632287 0.00717488789238 0.0152466367713 0.219730941704 0.00448430493274 0.311210762332 0.0251121076233 0.0116591928251 0.00807174887892 0.00717488789238 0.0116591928251 0.0170403587444 0.0125560538117 0.130941704036 0.0116591928251 0.0116591928251 0.0600896860987
109 0.0789237668161 0.0206278026906 0.0269058295964 0.0565022421525 0.0242152466368 0.0331838565022 0.027802690583 0.0636771300448 0.0457399103139 0.0914798206278 0.00986547085202 0.0286995515695 0.0654708520179 0.0358744394619 0.0484304932735 0.10134529148 0.067264573991 0.0834080717489 0.00807174887892 0.0286995515695 0.0538116591928
110 0.0430493273543 0.00538116591928 0.0251121076233 0.0439461883408 0.0242152466368 0.0233183856502 0.019730941704 0.0242152466368 0.293273542601 0.07533632287 0.00986547085202 0.027802690583 0.0224215246637 0.0358744394619 0.110313901345 0.0582959641256 0.037668161435 0.0260089686099 0.0161434977578 0.019730941704 0.0582959641256
111 0.0439461883408 0.00538116591928 0.0556053811659 0.0367713004484 0.0116591928251 0.0224215246637 0.0188340807175 0.00807174887892 0.0215246636771 0.0224215246637 0.00358744394619 0.0448430493274 0.443049327354 0.0295964125561 0.0206278026906 0.0807174887892 0.037668161435 0.0134529147982 0.000896860986547 0.0116591928251 0.067264573991
112 0.0663677130045 0.0286995515695 0.047533632287 0.0358744394619 0.100448430493 0.0125560538117 0.00627802690583 0.108520179372 0.0152466367713 0.166816143498 0.0170403587444 0.0242152466368 0.0188340807175 0.0215246636771 0.0116591928251 0.0313901345291 0.0331838565022 0.114798206278 0.0161434977578 0.037668161435 0.085201793722
113 0.047533632287 0.0107623318386 0.130044843049 0.0609865470852 0.0206278026906 0.0340807174888 0.0215246636771 0.0224215246637 0.0385650224215 0.0493273542601 0.0143497757848 0.0744394618834 0.0385650224215 0.0340807174888 0.0582959641256 0.118385650224 0.0860986547085 0.0179372197309 0.00269058295964 0.0152466367713 0.104035874439
114 0.0744394618834 0.00627802690583 0.0556053811659 0.0717488789238 0.0286995515695 0.0304932735426 0.0161434977578 0.0565022421525 0.0511210762332 0.0744394618834 0.0170403587444 0.0286995515695 0.117488789238 0.0367713004484 0.0591928251121 0.0538116591928 0.0358744394619 0.0448430493274 0.00448430493274 0.0295964125561 0.106726457399
115 0.0860986547085 0.00358744394619 0.10134529148 0.147085201794 0.0125560538117 0.0367713004484 0.0179372197309 0.0215246636771 0.0529147982063 0.037668161435 0.00627802690583 0.0466367713004 0.0224215246637 0.0484304932735 0.0556053811659 0.085201793722 0.0421524663677 0.027802690583 0.00717488789238 0.00627802690583 0.134529147982
116 0.0600896860987 0.00179372197309 0.0923766816143 0.156053811659 0.0152466367713 0.0134529147982 0.0260089686099 0.0340807174888 0.0511210762332 0.0547085201794 0.0161434977578 0.0242152466368 0.0143497757848 0.0726457399103 0.0547085201794 0.0609865470852 0.0484304932735 0.0448430493274 0.00358744394619 0.0134529147982 0.141704035874
117 0.0215246636771 0.00269058295964 0.00627802690583 0.00627802690583 0.0869955156951 0.00627802690583 0.00179372197309 0.111210762332 0.00627802690583 0.441255605381 0.0206278026906 0.00448430493274 0.00448430493274 0.0107623318386 0.00358744394619 0.0125560538117 0.0170403587444 0.0896860986547 0.00717488789238 0.00717488789238 0.131838565022
118 0.0789237668161 0.00627802690583 0.0170403587444 0.0457399103139 0.0322869955157 0.0179372197309 0.0143497757848 0.067264573991 0.0663677130045 0.131838565022 0.0143497757848 0.0242152466368 0.0125560538117 0.027802690583 0.0717488789238 0.0340807174888 0.037668161435 0.0780269058296 0.0107623318386 0.0385650224215 0.172197309417
