POS A C D E F G H I K L M N P Q R S T V W Y -
1 0.0 0.0 0.000780640124902 0.0 0.0 0.000780640124902 0.0 0.0 0.0109289617486 0.0 0.0 0.000780640124902 0.0 0.0 0.000780640124902 0.0 0.000780640124902 0.0 0.0 0.0 0.985167837627
2 0.000780640124902 0.0 0.000780640124902 0.00468384074941 0.0015612802498 0.03981264637 0.000780640124902 0.000780640124902 0.00858704137393 0.00390320062451 0.00234192037471 0.00702576112412 0.000780640124902 0.0015612802498 0.0015612802498 0.0117096018735 0.00702576112412 0.000780640124902 0.0 0.000780640124902 0.904761904762
3 0.016393442623 0.0 0.0124902419984 0.0296643247463 0.00234192037471 0.0109289617486 0.00546448087432 0.00702576112412 0.0491803278689 0.00546448087432 0.000780640124902 0.016393442623 0.00702576112412 0.0124902419984 0.00936768149883 0.0109289617486 0.0202966432475 0.0148321623731 0.0015612802498 0.0015612802498 0.765807962529
4 0.0359094457455 0.00234192037471 0.0179547228728 0.0296643247463 0.0124902419984 0.0148321623731 0.00546448087432 0.0132708821233 0.0281030444965 0.0265417642467 0.00390320062451 0.0109289617486 0.0288836846214 0.0132708821233 0.0288836846214 0.0343481654957 0.048399687744 0.0226385636222 0.00780640124902 0.00780640124902 0.606557377049
5 0.0281030444965 0.000780640124902 0.0117096018735 0.048399687744 0.0530835284934 0.0202966432475 0.00312256049961 0.0725995316159 0.0202966432475 0.0624512099922 0.00702576112412 0.00702576112412 0.0132708821233 0.0195160031226 0.0210772833724 0.0179547228728 0.0374707259953 0.0546448087432 0.0140515222482 0.0515222482436 0.435597189696
6 0.0390320062451 0.00312256049961 0.0359094457455 0.0741608118657 0.00858704137393 0.0117096018735 0.0140515222482 0.0234192037471 0.0686963309914 0.0327868852459 0.0015612802498 0.0257611241218 0.0507416081187 0.0382513661202 0.047619047619 0.0523028883685 0.0944574551132 0.0257611241218 0.00390320062451 0.00936768149883 0.338797814208
7 0.206088992974 0.0405932864949 0.0101483216237 0.00702576112412 0.0140515222482 0.183450429352 0.00390320062451 0.0210772833724 0.00702576112412 0.016393442623 0.00936768149883 0.00546448087432 0.00468384074941 0.00234192037471 0.00390320062451 0.0117096018735 0.0202966432475 0.113973458236 0.00702576112412 0.0288836846214 0.282591725215
8 0.0226385636222 0.0 0.015612802498 0.0569867291179 0.0140515222482 0.0429352068696 0.0124902419984 0.0593286494926 0.108508977361 0.0327868852459 0.00390320062451 0.00624512099922 0.0140515222482 0.0351288056206 0.111631537861 0.0257611241218 0.128805620609 0.0749414519906 0.0015612802498 0.0202966432475 0.212334113973
9 0.0296643247463 0.00780640124902 0.0117096018735 0.00702576112412 0.0179547228728 0.0132708821233 0.00312256049961 0.102263856362 0.00468384074941 0.0593286494926 0.00936768149883 0.00702576112412 0.0226385636222 0.00702576112412 0.0148321623731 0.0124902419984 0.0101483216237 0.486338797814 0.00234192037471 0.00936768149883 0.161592505855
10 0.0811865729899 0.0015612802498 0.032006245121 0.0928961748634 0.00702576112412 0.0195160031226 0.00858704137393 0.0804059328649 0.0538641686183 0.0679156908665 0.00390320062451 0.0187353629977 0.016393442623 0.015612802498 0.0234192037471 0.0351288056206 0.118657298985 0.170960187354 0.00468384074941 0.0148321623731 0.132708821233
11 0.056206088993 0.0171740827479 0.0265417642467 0.0655737704918 0.0202966432475 0.032006245121 0.0390320062451 0.00546448087432 0.117096018735 0.0124902419984 0.00390320062451 0.0226385636222 0.00234192037471 0.0460577673692 0.189695550351 0.113973458236 0.0249804839969 0.00936768149883 0.0109289617486 0.0608899297424 0.123341139735
12 0.0429352068696 0.015612802498 0.00390320062451 0.00234192037471 0.00858704137393 0.0015612802498 0.00546448087432 0.15612802498 0.000780640124902 0.0109289617486 0.00780640124902 0.00390320062451 0.0015612802498 0.0015612802498 0.00390320062451 0.00546448087432 0.0132708821233 0.586260733802 0.00936768149883 0.00780640124902 0.110850897736
13 0.0343481654957 0.0015612802498 0.0171740827479 0.0124902419984 0.0265417642467 0.0210772833724 0.0405932864949 0.212334113973 0.015612802498 0.0889929742389 0.00390320062451 0.0117096018735 0.0226385636222 0.0101483216237 0.0327868852459 0.0523028883685 0.048399687744 0.191256830601 0.00702576112412 0.0491803278689 0.0999219359875
14 0.016393442623 0.0 0.693208430913 0.0187353629977 0.000780640124902 0.0148321623731 0.00234192037471 0.0 0.00546448087432 0.000780640124902 0.0 0.0202966432475 0.00546448087432 0.00702576112412 0.00546448087432 0.0983606557377 0.0148321623731 0.0 0.0 0.000780640124902 0.0952380952381
15 0.0632318501171 0.000780640124902 0.0132708821233 0.00468384074941 0.00234192037471 0.753317720531 0.00234192037471 0.0015612802498 0.00312256049961 0.0 0.0 0.0015612802498 0.0187353629977 0.00234192037471 0.00468384074941 0.0202966432475 0.00702576112412 0.00390320062451 0.0015612802498 0.00234192037471 0.0928961748634
16 0.0171740827479 0.00624512099922 0.683840749415 0.015612802498 0.000780640124902 0.03981264637 0.00780640124902 0.0015612802498 0.00312256049961 0.00624512099922 0.000780640124902 0.03981264637 0.0 0.0117096018735 0.0132708821233 0.0468384074941 0.00858704137393 0.00546448087432 0.0 0.0 0.0913348946136
17 0.0171740827479 0.00624512099922 0.00780640124902 0.00936768149883 0.0015612802498 0.015612802498 0.00468384074941 0.0101483216237 0.0101483216237 0.0140515222482 0.00468384074941 0.0140515222482 0.0 0.0124902419984 0.047619047619 0.105386416862 0.612021857923 0.0140515222482 0.0 0.00234192037471 0.0905542544887
18 0.0257611241218 0.00780640124902 0.0 0.000780640124902 0.168618266979 0.00390320062451 0.0 0.235753317721 0.000780640124902 0.235753317721 0.0187353629977 0.0 0.0148321623731 0.000780640124902 0.0 0.00234192037471 0.00780640124902 0.161592505855 0.00468384074941 0.0179547228728 0.0921155347385
19 0.0226385636222 0.0015612802498 0.0624512099922 0.0944574551132 0.00780640124902 0.00624512099922 0.0202966432475 0.0608899297424 0.106947697112 0.0413739266198 0.00702576112412 0.0124902419984 0.0 0.0249804839969 0.156908665105 0.0335675253708 0.0967993754879 0.105386416862 0.0218579234973 0.024199843872 0.0921155347385
20 0.0647931303669 0.0281030444965 0.00780640124902 0.00390320062451 0.0608899297424 0.00546448087432 0.000780640124902 0.149882903981 0.000780640124902 0.1975019516 0.0187353629977 0.00234192037471 0.0015612802498 0.00234192037471 0.0015612802498 0.00936768149883 0.0234192037471 0.298985167838 0.00468384074941 0.0101483216237 0.106947697112
21 0.0608899297424 0.00546448087432 0.0608899297424 0.0616705698673 0.0179547228728 0.0523028883685 0.0187353629977 0.0359094457455 0.0788446526151 0.0749414519906 0.0148321623731 0.0405932864949 0.00468384074941 0.0312256049961 0.105386416862 0.0601092896175 0.0632318501171 0.0359094457455 0.00702576112412 0.032006245121 0.137392661983
22 0.03981264637 0.0218579234973 0.0843091334895 0.0234192037471 0.0226385636222 0.047619047619 0.0187353629977 0.0827478532397 0.024199843872 0.0819672131148 0.0148321623731 0.0359094457455 0.0249804839969 0.0117096018735 0.0296643247463 0.048399687744 0.0429352068696 0.064012490242 0.00546448087432 0.024199843872 0.250585480094
23 0.0327868852459 0.00234192037471 0.0975800156128 0.03981264637 0.00468384074941 0.0632318501171 0.0109289617486 0.0132708821233 0.0382513661202 0.0210772833724 0.0 0.0733801717408 0.0835284933646 0.0273224043716 0.0210772833724 0.0444964871194 0.0257611241218 0.0148321623731 0.0015612802498 0.00936768149883 0.374707259953
24 0.016393442623 0.00468384074941 0.0569867291179 0.0366900858704 0.00390320062451 0.254488680718 0.0101483216237 0.00936768149883 0.0452771272443 0.00858704137393 0.000780640124902 0.0554254488681 0.032006245121 0.0202966432475 0.0202966432475 0.0312256049961 0.0202966432475 0.0148321623731 0.0015612802498 0.00234192037471 0.354410616706
25 0.0351288056206 0.00936768149883 0.0444964871194 0.0725995316159 0.00858704137393 0.0554254488681 0.0187353629977 0.016393442623 0.0991412958626 0.0249804839969 0.00936768149883 0.0343481654957 0.0187353629977 0.056206088993 0.0593286494926 0.0343481654957 0.048399687744 0.0288836846214 0.0 0.00546448087432 0.32006245121
26 0.0257611241218 0.0 0.0281030444965 0.0780640124902 0.0101483216237 0.145199063232 0.0117096018735 0.0335675253708 0.0733801717408 0.0413739266198 0.00780640124902 0.0304449648712 0.0296643247463 0.0405932864949 0.064012490242 0.0538641686183 0.0694769711163 0.0429352068696 0.00312256049961 0.0109289617486 0.199843871975
27 0.032006245121 0.000780640124902 0.0179547228728 0.106947697112 0.0335675253708 0.0218579234973 0.0187353629977 0.111631537861 0.0569867291179 0.064012490242 0.0171740827479 0.00780640124902 0.00780640124902 0.0725995316159 0.088212334114 0.0132708821233 0.0741608118657 0.108508977361 0.00702576112412 0.0421545667447 0.0967993754879
28 0.0202966432475 0.000780640124902 0.015612802498 0.0335675253708 0.0101483216237 0.00858704137393 0.0210772833724 0.0226385636222 0.178766588603 0.0257611241218 0.00702576112412 0.0296643247463 0.0359094457455 0.0257611241218 0.215456674473 0.0686963309914 0.151444184231 0.0390320062451 0.0015612802498 0.0117096018735 0.0765027322404
29 0.0273224043716 0.00546448087432 0.0 0.00234192037471 0.0530835284934 0.00390320062451 0.0015612802498 0.252927400468 0.0 0.117096018735 0.015612802498 0.0 0.0 0.0 0.000780640124902 0.00624512099922 0.00624512099922 0.430913348946 0.00234192037471 0.0202966432475 0.0538641686183
30 0.015612802498 0.00546448087432 0.00702576112412 0.0101483216237 0.00468384074941 0.00780640124902 0.0202966432475 0.0101483216237 0.0202966432475 0.0210772833724 0.00390320062451 0.00780640124902 0.0015612802498 0.0304449648712 0.704137392662 0.0265417642467 0.0195160031226 0.0249804839969 0.000780640124902 0.00780640124902 0.0499609679938
31 0.00936768149883 0.00312256049961 0.0 0.000780640124902 0.0741608118657 0.000780640124902 0.0015612802498 0.0928961748634 0.00234192037471 0.644808743169 0.0304449648712 0.00390320062451 0.00858704137393 0.0 0.0 0.0015612802498 0.0015612802498 0.0491803278689 0.0 0.0296643247463 0.0452771272443
32 0.23731459797 0.0140515222482 0.0148321623731 0.0234192037471 0.0405932864949 0.0109289617486 0.0202966432475 0.0975800156128 0.0124902419984 0.168618266979 0.0117096018735 0.0171740827479 0.00624512099922 0.024199843872 0.0273224043716 0.0710382513661 0.016393442623 0.047619047619 0.0132708821233 0.0811865729899 0.0437158469945
33 0.0343481654957 0.0351288056206 0.0569867291179 0.024199843872 0.015612802498 0.608899297424 0.0140515222482 0.00234192037471 0.00390320062451 0.0351288056206 0.00780640124902 0.0429352068696 0.000780640124902 0.00312256049961 0.00546448087432 0.0374707259953 0.00390320062451 0.0015612802498 0.00390320062451 0.0187353629977 0.0437158469945
34 0.0179547228728 0.00858704137393 0.000780640124902 0.0 0.015612802498 0.000780640124902 0.000780640124902 0.530835284934 0.0 0.0765027322404 0.015612802498 0.0 0.00234192037471 0.0 0.0 0.00312256049961 0.00780640124902 0.266978922717 0.0 0.00936768149883 0.0429352068696
35 0.0343481654957 0.000780640124902 0.570647931304 0.0515222482436 0.0015612802498 0.00468384074941 0.00546448087432 0.0101483216237 0.0359094457455 0.00936768149883 0.0015612802498 0.0757220921155 0.0015612802498 0.0382513661202 0.0491803278689 0.0195160031226 0.0210772833724 0.0140515222482 0.00390320062451 0.00468384074941 0.0460577673692
36 0.416861826698 0.0663544106167 0.000780640124902 0.00390320062451 0.00702576112412 0.00780640124902 0.000780640124902 0.016393442623 0.00312256049961 0.0202966432475 0.00546448087432 0.00312256049961 0.0171740827479 0.00234192037471 0.00390320062451 0.0601092896175 0.279469164715 0.0343481654957 0.00234192037471 0.00312256049961 0.0452771272443
37 0.0304449648712 0.0101483216237 0.00780640124902 0.00780640124902 0.00780640124902 0.00234192037471 0.00312256049961 0.00702576112412 0.00702576112412 0.0226385636222 0.00624512099922 0.00780640124902 0.774395003903 0.00312256049961 0.0124902419984 0.0140515222482 0.0124902419984 0.0148321623731 0.0015612802498 0.000780640124902 0.0460577673692
38 0.0351288056206 0.0 0.0491803278689 0.629976580796 0.00234192037471 0.0195160031226 0.00312256049961 0.00390320062451 0.0273224043716 0.0124902419984 0.00312256049961 0.0148321623731 0.0288836846214 0.0304449648712 0.0444964871194 0.0296643247463 0.0124902419984 0.00468384074941 0.0 0.0015612802498 0.0468384074941
39 0.0359094457455 0.00312256049961 0.0132708821233 0.0210772833724 0.0179547228728 0.0265417642467 0.00234192037471 0.0913348946136 0.0702576112412 0.151444184231 0.0444964871194 0.0140515222482 0.0491803278689 0.0109289617486 0.0663544106167 0.0835284933646 0.131928181109 0.0577673692428 0.00780640124902 0.016393442623 0.0843091334895
40 0.0702576112412 0.00702576112412 0.071818891491 0.0405932864949 0.015612802498 0.149102263856 0.0343481654957 0.00624512099922 0.0944574551132 0.0148321623731 0.0015612802498 0.0491803278689 0.032006245121 0.0187353629977 0.0679156908665 0.0686963309914 0.0405932864949 0.03981264637 0.00312256049961 0.0234192037471 0.150663544106
41 0.0327868852459 0.0 0.0374707259953 0.0366900858704 0.0187353629977 0.0523028883685 0.0608899297424 0.00702576112412 0.0671350507416 0.0148321623731 0.00780640124902 0.0202966432475 0.0249804839969 0.107728337237 0.0749414519906 0.0413739266198 0.0359094457455 0.015612802498 0.00390320062451 0.0234192037471 0.316159250585
42 0.0421545667447 0.00702576112412 0.0382513661202 0.0382513661202 0.0187353629977 0.0538641686183 0.00780640124902 0.00858704137393 0.0523028883685 0.0109289617486 0.00468384074941 0.0327868852459 0.106947697112 0.0195160031226 0.0538641686183 0.0569867291179 0.0577673692428 0.0202966432475 0.0015612802498 0.00936768149883 0.35831381733
43 0.0507416081187 0.0694769711163 0.056206088993 0.0273224043716 0.00546448087432 0.0811865729899 0.00312256049961 0.00780640124902 0.0460577673692 0.0109289617486 0.0015612802498 0.0507416081187 0.0179547228728 0.0226385636222 0.0515222482436 0.0374707259953 0.0249804839969 0.0117096018735 0.0015612802498 0.00702576112412 0.414519906323
44 0.0296643247463 0.0437158469945 0.0249804839969 0.0327868852459 0.00546448087432 0.0819672131148 0.0140515222482 0.0124902419984 0.0757220921155 0.0187353629977 0.0109289617486 0.0296643247463 0.0288836846214 0.0226385636222 0.0460577673692 0.0281030444965 0.032006245121 0.016393442623 0.00312256049961 0.00936768149883 0.433255269321
45 0.03981264637 0.0187353629977 0.0421545667447 0.0538641686183 0.00702576112412 0.0374707259953 0.00468384074941 0.0109289617486 0.0601092896175 0.0218579234973 0.00468384074941 0.015612802498 0.107728337237 0.0312256049961 0.0413739266198 0.0335675253708 0.0265417642467 0.0218579234973 0.000780640124902 0.00936768149883 0.410616705699
46 0.0843091334895 0.00624512099922 0.0593286494926 0.0811865729899 0.00312256049961 0.0663544106167 0.00936768149883 0.0249804839969 0.0351288056206 0.0265417642467 0.00624512099922 0.0257611241218 0.0444964871194 0.0359094457455 0.0218579234973 0.0491803278689 0.0249804839969 0.0647931303669 0.00234192037471 0.00624512099922 0.32162373146
47 0.0265417642467 0.00234192037471 0.0413739266198 0.233411397346 0.0117096018735 0.0296643247463 0.00780640124902 0.0140515222482 0.0359094457455 0.0202966432475 0.0124902419984 0.0117096018735 0.0117096018735 0.210772833724 0.0312256049961 0.0187353629977 0.0265417642467 0.0124902419984 0.0569867291179 0.0343481654957 0.149882903981
48 0.0967993754879 0.0850897736144 0.0437158469945 0.0749414519906 0.0179547228728 0.0148321623731 0.00936768149883 0.0101483216237 0.0374707259953 0.0218579234973 0.0015612802498 0.0210772833724 0.290398126464 0.0312256049961 0.0460577673692 0.0273224043716 0.0202966432475 0.0187353629977 0.00234192037471 0.0202966432475 0.108508977361
49 0.0296643247463 0.108508977361 0.00936768149883 0.0171740827479 0.165495706479 0.0741608118657 0.0265417642467 0.0179547228728 0.015612802498 0.100702576112 0.0218579234973 0.00546448087432 0.00312256049961 0.0148321623731 0.0202966432475 0.0109289617486 0.0124902419984 0.0171740827479 0.0725995316159 0.168618266979 0.0874316939891
50 0.248243559719 0.0 0.00468384074941 0.0117096018735 0.016393442623 0.495706479313 0.00312256049961 0.00390320062451 0.00390320062451 0.00390320062451 0.0015612802498 0.00780640124902 0.00468384074941 0.00702576112412 0.0101483216237 0.0616705698673 0.00858704137393 0.00546448087432 0.00468384074941 0.0265417642467 0.0702576112412
51 0.0765027322404 0.0 0.0733801717408 0.12099921936 0.0296643247463 0.015612802498 0.0179547228728 0.0405932864949 0.113973458236 0.0585480093677 0.0195160031226 0.032006245121 0.047619047619 0.0835284933646 0.0811865729899 0.0273224043716 0.0257611241218 0.0421545667447 0.0171740827479 0.0210772833724 0.0554254488681
52 0.150663544106 0.0015612802498 0.0444964871194 0.309133489461 0.00390320062451 0.00624512099922 0.0101483216237 0.0210772833724 0.0975800156128 0.0366900858704 0.0132708821233 0.0187353629977 0.00936768149883 0.101483216237 0.0679156908665 0.0179547228728 0.0195160031226 0.0218579234973 0.00624512099922 0.00468384074941 0.0374707259953
53 0.701014832162 0.00546448087432 0.00468384074941 0.00390320062451 0.00312256049961 0.0187353629977 0.000780640124902 0.00858704137393 0.00234192037471 0.00624512099922 0.00390320062451 0.00546448087432 0.00234192037471 0.00390320062451 0.000780640124902 0.161592505855 0.0117096018735 0.015612802498 0.00234192037471 0.0015612802498 0.0359094457455
54 0.0765027322404 0.00234192037471 0.00624512099922 0.0148321623731 0.015612802498 0.0140515222482 0.00780640124902 0.0148321623731 0.24355971897 0.0491803278689 0.0109289617486 0.00780640124902 0.00234192037471 0.0327868852459 0.227946916472 0.0788446526151 0.135050741608 0.00780640124902 0.00780640124902 0.0148321623731 0.0288836846214
55 0.133489461358 0.000780640124902 0.141295862607 0.158469945355 0.0187353629977 0.0132708821233 0.0226385636222 0.0117096018735 0.0749414519906 0.0366900858704 0.00702576112412 0.0601092896175 0.0 0.0983606557377 0.0694769711163 0.0405932864949 0.0515222482436 0.015612802498 0.00468384074941 0.0109289617486 0.0296643247463
56 0.16081186573 0.00468384074941 0.00312256049961 0.032006245121 0.253708040593 0.0109289617486 0.0335675253708 0.0117096018735 0.0257611241218 0.048399687744 0.0140515222482 0.00936768149883 0.0015612802498 0.0226385636222 0.0858704137393 0.016393442623 0.0257611241218 0.0273224043716 0.0663544106167 0.124902419984 0.0210772833724
57 0.0967993754879 0.0015612802498 0.0 0.00234192037471 0.0195160031226 0.00234192037471 0.000780640124902 0.0202966432475 0.0 0.547228727557 0.0343481654957 0.0265417642467 0.000780640124902 0.00312256049961 0.000780640124902 0.0132708821233 0.105386416862 0.104605776737 0.000780640124902 0.0 0.0195160031226
58 0.0850897736144 0.00858704137393 0.0218579234973 0.145979703357 0.00546448087432 0.0187353629977 0.0132708821233 0.0335675253708 0.155347384856 0.0312256049961 0.0117096018735 0.0234192037471 0.0 0.0608899297424 0.196721311475 0.0725995316159 0.0554254488681 0.032006245121 0.00312256049961 0.00702576112412 0.0179547228728
59 0.088212334114 0.00390320062451 0.0999219359875 0.131147540984 0.00468384074941 0.0460577673692 0.00780640124902 0.00936768149883 0.147540983607 0.0187353629977 0.00546448087432 0.0733801717408 0.00234192037471 0.0811865729899 0.0811865729899 0.115534738486 0.0413739266198 0.0101483216237 0.00468384074941 0.00624512099922 0.0210772833724
60 0.0265417642467 0.00390320062451 0.00312256049961 0.0171740827479 0.0577673692428 0.00234192037471 0.0202966432475 0.0585480093677 0.0686963309914 0.364558938329 0.0569867291179 0.0234192037471 0.000780640124902 0.0335675253708 0.0819672131148 0.00858704137393 0.0257611241218 0.0210772833724 0.0304449648712 0.0281030444965 0.0663544106167
61 0.0468384074941 0.0304449648712 0.00234192037471 0.00312256049961 0.024199843872 0.000780640124902 0.00234192037471 0.145979703357 0.00390320062451 0.408274785324 0.0218579234973 0.00390320062451 0.0015612802498 0.00546448087432 0.00624512099922 0.00468384074941 0.0366900858704 0.169398907104 0.00702576112412 0.00702576112412 0.0679156908665
62 0.0359094457455 0.00936768149883 0.0132708821233 0.0249804839969 0.00468384074941 0.0171740827479 0.00312256049961 0.0140515222482 0.0382513661202 0.0608899297424 0.0109289617486 0.0179547228728 0.0702576112412 0.0124902419984 0.016393442623 0.0296643247463 0.0202966432475 0.032006245121 0.00312256049961 0.00390320062451 0.561280249805
63 0.0788446526151 0.000780640124902 0.03981264637 0.0757220921155 0.0210772833724 0.071818891491 0.0179547228728 0.0437158469945 0.0686963309914 0.131928181109 0.016393442623 0.0702576112412 0.0343481654957 0.0460577673692 0.0741608118657 0.0390320062451 0.0265417642467 0.0437158469945 0.00234192037471 0.0124902419984 0.0843091334895
64 0.0757220921155 0.00312256049961 0.0608899297424 0.0218579234973 0.00312256049961 0.398907103825 0.0210772833724 0.00234192037471 0.0437158469945 0.015612802498 0.0015612802498 0.0874316939891 0.00858704137393 0.0694769711163 0.0554254488681 0.0429352068696 0.0234192037471 0.00780640124902 0.00234192037471 0.00546448087432 0.0491803278689
65 0.0374707259953 0.00234192037471 0.0335675253708 0.0538641686183 0.00624512099922 0.0780640124902 0.0226385636222 0.00234192037471 0.256049960968 0.00546448087432 0.00546448087432 0.0312256049961 0.016393442623 0.0811865729899 0.191256830601 0.0538641686183 0.0460577673692 0.00936768149883 0.00234192037471 0.00546448087432 0.0593286494926
66 0.0437158469945 0.00234192037471 0.0804059328649 0.110070257611 0.0124902419984 0.0210772833724 0.0179547228728 0.024199843872 0.108508977361 0.0171740827479 0.00702576112412 0.0507416081187 0.0577673692428 0.0624512099922 0.0921155347385 0.0710382513661 0.127244340359 0.0405932864949 0.00702576112412 0.0132708821233 0.0327868852459
67 0.0421545667447 0.0101483216237 0.00546448087432 0.00468384074941 0.0234192037471 0.00468384074941 0.000780640124902 0.188134270101 0.00624512099922 0.100702576112 0.00468384074941 0.00234192037471 0.00780640124902 0.00624512099922 0.00546448087432 0.0117096018735 0.00858704137393 0.537861046058 0.00390320062451 0.00468384074941 0.0202966432475
68 0.0281030444965 0.00234192037471 0.0444964871194 0.110070257611 0.0374707259953 0.0171740827479 0.0187353629977 0.0374707259953 0.0702576112412 0.0405932864949 0.0124902419984 0.024199843872 0.00546448087432 0.0554254488681 0.12256049961 0.0647931303669 0.144418423107 0.0569867291179 0.0257611241218 0.0624512099922 0.0187353629977
69 0.024199843872 0.134270101483 0.000780640124902 0.00234192037471 0.0554254488681 0.00858704137393 0.0 0.179547228728 0.00312256049961 0.302888368462 0.0179547228728 0.0015612802498 0.00234192037471 0.00234192037471 0.00312256049961 0.00546448087432 0.00858704137393 0.205308352849 0.00312256049961 0.0140515222482 0.0249804839969
70 0.0312256049961 0.00312256049961 0.0616705698673 0.2006245121 0.0195160031226 0.0101483216237 0.024199843872 0.0460577673692 0.07962529274 0.0351288056206 0.00780640124902 0.0226385636222 0.00546448087432 0.0702576112412 0.103825136612 0.047619047619 0.088212334114 0.088212334114 0.00858704137393 0.0210772833724 0.0249804839969
71 0.0507416081187 0.016393442623 0.0218579234973 0.0304449648712 0.0975800156128 0.0226385636222 0.00624512099922 0.0905542544887 0.0249804839969 0.0913348946136 0.00702576112412 0.0101483216237 0.0624512099922 0.024199843872 0.0374707259953 0.047619047619 0.0523028883685 0.117096018735 0.00624512099922 0.0624512099922 0.120218579235
72 0.0351288056206 0.0015612802498 0.231850117096 0.0952380952381 0.0117096018735 0.0374707259953 0.015612802498 0.0538641686183 0.0226385636222 0.0577673692428 0.00780640124902 0.0265417642467 0.0234192037471 0.0234192037471 0.0265417642467 0.0359094457455 0.0374707259953 0.0772833723653 0.00390320062451 0.0171740827479 0.15768930523
73 0.00780640124902 0.000780640124902 0.0257611241218 0.0257611241218 0.00234192037471 0.0226385636222 0.00936768149883 0.00936768149883 0.0343481654957 0.00546448087432 0.0015612802498 0.0140515222482 0.0444964871194 0.0140515222482 0.0210772833724 0.0179547228728 0.015612802498 0.0101483216237 0.00234192037471 0.00858704137393 0.706479313037
74 0.048399687744 0.00390320062451 0.0304449648712 0.0366900858704 0.00390320062451 0.0686963309914 0.00390320062451 0.0218579234973 0.032006245121 0.0281030444965 0.00234192037471 0.032006245121 0.0327868852459 0.0288836846214 0.0296643247463 0.0374707259953 0.0351288056206 0.0413739266198 0.00624512099922 0.0117096018735 0.464480874317
75 0.03981264637 0.000780640124902 0.0601092896175 0.0632318501171 0.00702576112412 0.0530835284934 0.0117096018735 0.0257611241218 0.0312256049961 0.0171740827479 0.00624512099922 0.0249804839969 0.0374707259953 0.047619047619 0.0288836846214 0.0413739266198 0.0405932864949 0.024199843872 0.000780640124902 0.0257611241218 0.412177985948
76 0.0585480093677 0.00312256049961 0.0936768149883 0.0804059328649 0.00546448087432 0.177205308353 0.0179547228728 0.0148321623731 0.0811865729899 0.0304449648712 0.00936768149883 0.0343481654957 0.0288836846214 0.0366900858704 0.071818891491 0.0765027322404 0.047619047619 0.0273224043716 0.0 0.015612802498 0.0889929742389
77 0.0437158469945 0.00546448087432 0.0195160031226 0.0460577673692 0.0296643247463 0.0296643247463 0.0117096018735 0.0460577673692 0.120218579235 0.0429352068696 0.0124902419984 0.0195160031226 0.0390320062451 0.0468384074941 0.164715066354 0.0343481654957 0.120218579235 0.0804059328649 0.00546448087432 0.0304449648712 0.0515222482436
78 0.0226385636222 0.00312256049961 0.651834504294 0.0343481654957 0.00468384074941 0.0694769711163 0.00234192037471 0.00702576112412 0.0249804839969 0.0109289617486 0.00390320062451 0.0249804839969 0.0187353629977 0.0101483216237 0.0148321623731 0.0226385636222 0.0257611241218 0.0109289617486 0.000780640124902 0.00702576112412 0.0288836846214
79 0.0444964871194 0.000780640124902 0.03981264637 0.0327868852459 0.00780640124902 0.0366900858704 0.0249804839969 0.0171740827479 0.195940671351 0.0124902419984 0.00468384074941 0.0366900858704 0.0366900858704 0.0710382513661 0.251366120219 0.0647931303669 0.0343481654957 0.0226385636222 0.00780640124902 0.0226385636222 0.0343481654957
80 0.0210772833724 0.0015612802498 0.0366900858704 0.0249804839969 0.0804059328649 0.0327868852459 0.0281030444965 0.00702576112412 0.0226385636222 0.0132708821233 0.00390320062451 0.0460577673692 0.00936768149883 0.0226385636222 0.0195160031226 0.0343481654957 0.0218579234973 0.0117096018735 0.0249804839969 0.494145199063 0.0429352068696
81 0.016393442623 0.00312256049961 0.0975800156128 0.0195160031226 0.0148321623731 0.586260733802 0.0124902419984 0.0015612802498 0.0327868852459 0.00312256049961 0.000780640124902 0.0702576112412 0.0109289617486 0.0265417642467 0.0327868852459 0.0265417642467 0.00702576112412 0.00468384074941 0.000780640124902 0.0015612802498 0.0304449648712
82 0.0226385636222 0.00546448087432 0.0140515222482 0.0210772833724 0.00390320062451 0.0132708821233 0.0117096018735 0.0132708821233 0.0148321623731 0.0148321623731 0.00936768149883 0.0374707259953 0.0101483216237 0.0179547228728 0.686963309914 0.0179547228728 0.024199843872 0.016393442623 0.00468384074941 0.0101483216237 0.0296643247463
83 0.056206088993 0.016393442623 0.0140515222482 0.0296643247463 0.0546448087432 0.00780640124902 0.0171740827479 0.103044496487 0.024199843872 0.234972677596 0.0234192037471 0.0148321623731 0.0382513661202 0.024199843872 0.0226385636222 0.0327868852459 0.0913348946136 0.0983606557377 0.0234192037471 0.0515222482436 0.0210772833724
84 0.0148321623731 0.00546448087432 0.00234192037471 0.0124902419984 0.0273224043716 0.0015612802498 0.00780640124902 0.112412177986 0.00468384074941 0.430132708821 0.015612802498 0.00468384074941 0.0281030444965 0.00702576112412 0.0140515222482 0.0187353629977 0.0226385636222 0.217017954723 0.00624512099922 0.024199843872 0.0226385636222
85 0.459797033568 0.0491803278689 0.0 0.00312256049961 0.00468384074941 0.247462919594 0.00312256049961 0.00234192037471 0.000780640124902 0.0148321623731 0.00312256049961 0.000780640124902 0.0015612802498 0.00390320062451 0.0523028883685 0.0281030444965 0.0117096018735 0.0819672131148 0.000780640124902 0.00546448087432 0.0249804839969
86 0.0288836846214 0.00702576112412 0.0616705698673 0.0655737704918 0.0351288056206 0.00702576112412 0.0585480093677 0.0507416081187 0.0359094457455 0.047619047619 0.00936768149883 0.0257611241218 0.00624512099922 0.0335675253708 0.0749414519906 0.0499609679938 0.0913348946136 0.071818891491 0.0304449648712 0.195160031226 0.0132708821233
87 0.0343481654957 0.134270101483 0.0015612802498 0.00234192037471 0.0109289617486 0.00390320062451 0.0 0.156908665105 0.0015612802498 0.145199063232 0.0179547228728 0.0015612802498 0.00702576112412 0.000780640124902 0.00234192037471 0.00234192037471 0.00546448087432 0.456674473068 0.00234192037471 0.0015612802498 0.0109289617486
88 0.0265417642467 0.00312256049961 0.0132708821233 0.0351288056206 0.16081186573 0.00624512099922 0.0210772833724 0.0444964871194 0.0288836846214 0.0569867291179 0.016393442623 0.0101483216237 0.00468384074941 0.0210772833724 0.0624512099922 0.0523028883685 0.0601092896175 0.047619047619 0.101483216237 0.216237314598 0.0109289617486
89 0.0913348946136 0.0257611241218 0.0179547228728 0.0124902419984 0.0312256049961 0.00858704137393 0.0366900858704 0.0835284933646 0.0226385636222 0.201405152225 0.015612802498 0.0257611241218 0.0171740827479 0.0132708821233 0.0530835284934 0.0390320062451 0.056206088993 0.178766588603 0.0015612802498 0.0515222482436 0.016393442623
90 0.0437158469945 0.000780640124902 0.249804839969 0.0679156908665 0.00312256049961 0.188134270101 0.0101483216237 0.00624512099922 0.0491803278689 0.0124902419984 0.0015612802498 0.113973458236 0.0585480093677 0.024199843872 0.0359094457455 0.0530835284934 0.0218579234973 0.0124902419984 0.00312256049961 0.00468384074941 0.0390320062451
91 0.032006245121 0.00390320062451 0.102263856362 0.0601092896175 0.00546448087432 0.405152224824 0.00936768149883 0.0015612802498 0.0725995316159 0.00468384074941 0.0015612802498 0.0780640124902 0.0124902419984 0.0187353629977 0.0460577673692 0.0366900858704 0.0304449648712 0.00936768149883 0.00390320062451 0.00780640124902 0.0577673692428
92 0.0390710382514 0.00160031225605 0.0297033567525 0.0765417642467 0.00550351288056 0.0624902419984 0.0156518345043 0.0554644808743 0.097619047619 0.0695160031226 0.0156518345043 0.025800156128 0.0109679937549 0.0710772833724 0.122599531616 0.0164324746292 0.113231850117 0.0968384074941 0.00394223263076 0.0164324746292 0.0538641686183
93 0.00546448087432 0.0273224043716 0.303669008587 0.0281030444965 0.0421545667447 0.00312256049961 0.00858704137393 0.00858704137393 0.00390320062451 0.0999219359875 0.0390320062451 0.183450429352 0.0218579234973 0.00624512099922 0.0109289617486 0.110850897736 0.0288836846214 0.0132708821233 0.0195160031226 0.0148321623731 0.0202966432475
94 0.0366900858704 0.00234192037471 0.00780640124902 0.000780640124902 0.0515222482436 0.0 0.00234192037471 0.208430913349 0.000780640124902 0.322404371585 0.00702576112412 0.000780640124902 0.00546448087432 0.00234192037471 0.0 0.00312256049961 0.00468384074941 0.27712724434 0.00936768149883 0.0429352068696 0.0140515222482
95 0.156908665105 0.00702576112412 0.0109289617486 0.0148321623731 0.0 0.163153786105 0.00234192037471 0.00312256049961 0.00234192037471 0.0015612802498 0.000780640124902 0.3981264637 0.00234192037471 0.0858704137393 0.00468384074941 0.114754098361 0.0117096018735 0.00234192037471 0.0 0.000780640124902 0.016393442623
96 0.153786104606 0.0117096018735 0.0390320062451 0.224043715847 0.0117096018735 0.0234192037471 0.0171740827479 0.0265417642467 0.0507416081187 0.139734582358 0.00702576112412 0.0124902419984 0.00312256049961 0.0585480093677 0.0647931303669 0.0366900858704 0.0327868852459 0.0460577673692 0.000780640124902 0.0218579234973 0.0179547228728
97 0.124902419984 0.0015612802498 0.0335675253708 0.234972677596 0.0179547228728 0.0109289617486 0.0273224043716 0.0366900858704 0.0507416081187 0.0944574551132 0.0296643247463 0.00702576112412 0.00234192037471 0.0702576112412 0.047619047619 0.0265417642467 0.048399687744 0.0390320062451 0.0452771272443 0.0327868852459 0.0179547228728
98 0.0234192037471 0.000780640124902 0.000780640124902 0.00390320062451 0.0015612802498 0.00234192037471 0.000780640124902 0.0569867291179 0.000780640124902 0.549570647931 0.24355971897 0.0 0.000780640124902 0.0437158469945 0.000780640124902 0.00702576112412 0.00468384074941 0.0382513661202 0.0 0.000780640124902 0.0195160031226
99 0.0335675253708 0.00546448087432 0.0 0.0 0.0015612802498 0.000780640124902 0.0 0.191256830601 0.00312256049961 0.306791569087 0.0117096018735 0.000780640124902 0.0 0.00312256049961 0.00546448087432 0.00390320062451 0.0101483216237 0.402029664325 0.0 0.000780640124902 0.0195160031226
100 0.118657298985 0.000780640124902 0.0257611241218 0.185011709602 0.00312256049961 0.0195160031226 0.00390320062451 0.00546448087432 0.155347384856 0.0249804839969 0.00780640124902 0.0195160031226 0.0 0.0616705698673 0.220921155347 0.0866510538642 0.0195160031226 0.0132708821233 0.0015612802498 0.00390320062451 0.0226385636222
101 0.153005464481 0.0015612802498 0.047619047619 0.181889149102 0.00702576112412 0.0265417642467 0.0132708821233 0.00624512099922 0.0741608118657 0.0429352068696 0.0109289617486 0.111631537861 0.0 0.0905542544887 0.0780640124902 0.088212334114 0.0281030444965 0.00780640124902 0.000780640124902 0.00468384074941 0.0249804839969
102 0.00546448087432 0.000780640124902 0.00780640124902 0.00468384074941 0.0 0.92349726776 0.0 0.0 0.0109289617486 0.0 0.0 0.00702576112412 0.00234192037471 0.0015612802498 0.00312256049961 0.00468384074941 0.000780640124902 0.000780640124902 0.000780640124902 0.0 0.0257611241218
103 0.0382513661202 0.00546448087432 0.00390320062451 0.00546448087432 0.0804059328649 0.00702576112412 0.0585480093677 0.0117096018735 0.00624512099922 0.365339578454 0.0530835284934 0.0124902419984 0.0 0.0140515222482 0.00624512099922 0.00780640124902 0.00546448087432 0.015612802498 0.0905542544887 0.182669789227 0.0296643247463
104 0.747853239657 0.00702576112412 0.000780640124902 0.000780640124902 0.000780640124902 0.0858704137393 0.0015612802498 0.0015612802498 0.0015612802498 0.00858704137393 0.00312256049961 0.0 0.000780640124902 0.0 0.0015612802498 0.0265417642467 0.0132708821233 0.064012490242 0.0 0.00312256049961 0.0312256049961
105 0.0273224043716 0.00858704137393 0.0109289617486 0.0530835284934 0.0327868852459 0.00546448087432 0.0124902419984 0.0405932864949 0.0850897736144 0.0554254488681 0.016393442623 0.0109289617486 0.00702576112412 0.0359094457455 0.180327868852 0.0234192037471 0.0460577673692 0.0897736143638 0.0804059328649 0.0366900858704 0.141295862607
106 0.103825136612 0.0148321623731 0.0117096018735 0.0195160031226 0.0273224043716 0.00312256049961 0.0132708821233 0.0429352068696 0.00624512099922 0.0616705698673 0.00936768149883 0.00624512099922 0.0780640124902 0.00234192037471 0.0187353629977 0.0140515222482 0.0288836846214 0.228727556596 0.0171740827479 0.0335675253708 0.258391881343
107 0.0967993754879 0.00624512099922 0.0452771272443 0.0226385636222 0.0327868852459 0.0148321623731 0.0288836846214 0.0171740827479 0.0281030444965 0.0382513661202 0.00702576112412 0.03981264637 0.0117096018735 0.0171740827479 0.0429352068696 0.032006245121 0.032006245121 0.0452771272443 0.00780640124902 0.103825136612 0.329430132709
108 0.0312256049961 0.00312256049961 0.0312256049961 0.0327868852459 0.0444964871194 0.0187353629977 0.00468384074941 0.0148321623731 0.0171740827479 0.0195160031226 0.00546448087432 0.0171740827479 0.0312256049961 0.0179547228728 0.0515222482436 0.0210772833724 0.0312256049961 0.0171740827479 0.0405932864949 0.132708821233 0.416081186573
109 0.0601092896175 0.000780640124902 0.0585480093677 0.0296643247463 0.0265417642467 0.0312256049961 0.0327868852459 0.0593286494926 0.0444964871194 0.0265417642467 0.00624512099922 0.0140515222482 0.0663544106167 0.0202966432475 0.0530835284934 0.0452771272443 0.0452771272443 0.0850897736144 0.0109289617486 0.024199843872 0.259172521468
110 0.0413739266198 0.00234192037471 0.0390320062451 0.0366900858704 0.0444964871194 0.0288836846214 0.0218579234973 0.0187353629977 0.0296643247463 0.0202966432475 0.00702576112412 0.0195160031226 0.0171740827479 0.0218579234973 0.0335675253708 0.0569867291179 0.0202966432475 0.0187353629977 0.0304449648712 0.209992193599 0.281030444965
111 0.0499609679938 0.00780640124902 0.0468384074941 0.0444964871194 0.015612802498 0.0593286494926 0.0140515222482 0.0187353629977 0.0382513661202 0.0296643247463 0.00234192037471 0.0265417642467 0.104605776737 0.0257611241218 0.0507416081187 0.07962529274 0.0499609679938 0.0234192037471 0.000780640124902 0.024199843872 0.287275565964
112 0.0405932864949 0.00858704137393 0.0530835284934 0.0296643247463 0.0140515222482 0.0554254488681 0.0148321623731 0.0124902419984 0.0585480093677 0.0382513661202 0.00546448087432 0.0327868852459 0.131928181109 0.0444964871194 0.0366900858704 0.0569867291179 0.0335675253708 0.0171740827479 0.00312256049961 0.0187353629977 0.293520686963
113 0.0343481654957 0.00234192037471 0.0858704137393 0.0546448087432 0.0140515222482 0.0499609679938 0.0171740827479 0.00702576112412 0.047619047619 0.0140515222482 0.00624512099922 0.124121779859 0.0405932864949 0.0257611241218 0.0421545667447 0.048399687744 0.016393442623 0.00780640124902 0.00390320062451 0.0351288056206 0.322404371585
114 0.0390320062451 0.0148321623731 0.0515222482436 0.0296643247463 0.0351288056206 0.0257611241218 0.015612802498 0.0179547228728 0.0343481654957 0.0569867291179 0.00780640124902 0.0281030444965 0.0296643247463 0.0234192037471 0.0202966432475 0.0671350507416 0.0608899297424 0.0405932864949 0.00234192037471 0.03981264637 0.359094457455
115 0.0702576112412 0.00468384074941 0.0499609679938 0.048399687744 0.00624512099922 0.0335675253708 0.00858704137393 0.00702576112412 0.110070257611 0.0288836846214 0.00546448087432 0.0249804839969 0.064012490242 0.0257611241218 0.0569867291179 0.0741608118657 0.0421545667447 0.0171740827479 0.00234192037471 0.00702576112412 0.312256049961
116 0.024199843872 0.0296643247463 0.0374707259953 0.0281030444965 0.0515222482436 0.024199843872 0.0265417642467 0.0202966432475 0.0273224043716 0.0546448087432 0.0109289617486 0.0210772833724 0.0171740827479 0.0218579234973 0.0468384074941 0.0265417642467 0.016393442623 0.0210772833724 0.00858704137393 0.210772833724 0.274785323966
117 0.0858704137393 0.0226385636222 0.0366900858704 0.0327868852459 0.0234192037471 0.0327868852459 0.024199843872 0.0273224043716 0.0421545667447 0.0733801717408 0.015612802498 0.015612802498 0.015612802498 0.0359094457455 0.0741608118657 0.056206088993 0.0343481654957 0.0327868852459 0.0109289617486 0.0507416081187 0.256830601093
118 0.0897736143638 0.00312256049961 0.110070257611 0.0889929742389 0.00546448087432 0.0523028883685 0.015612802498 0.00390320062451 0.0686963309914 0.0179547228728 0.00468384074941 0.0405932864949 0.0507416081187 0.0530835284934 0.0359094457455 0.0585480093677 0.0351288056206 0.016393442623 0.00312256049961 0.00702576112412 0.23887587822
119 0.103044496487 0.0140515222482 0.0624512099922 0.127244340359 0.00702576112412 0.0234192037471 0.0132708821233 0.0218579234973 0.0647931303669 0.0460577673692 0.00936768149883 0.016393442623 0.0249804839969 0.0601092896175 0.0952380952381 0.0335675253708 0.0265417642467 0.0249804839969 0.00468384074941 0.0202966432475 0.2006245121
120 0.00234192037471 0.0015612802498 0.0 0.000780640124902 0.120218579235 0.0 0.00468384074941 0.03981264637 0.0 0.32006245121 0.0343481654957 0.0 0.0 0.00390320062451 0.00468384074941 0.0015612802498 0.00234192037471 0.0140515222482 0.0187353629977 0.23731459797 0.193598750976
