POS A C D E F G H I K L M N P Q R S T V W Y -
1 0.0138050043141 0.00172562553926 0.00258843830889 0.00431406384814 0.00431406384814 0.00345125107852 0.00172562553926 0.0293356341674 0.0491803278689 0.0241587575496 0.00776531492666 0.0112165660052 0.0647109577222 0.0207075064711 0.0629853321829 0.016393442623 0.0327868852459 0.030198446937 0.00949094046592 0.00258843830889 0.606557377049
2 0.0293356341674 0.00172562553926 0.04659188956 0.0698878343399 0.00431406384814 0.0215703192407 0.016393442623 0.0155306298533 0.0586712683348 0.0258843830889 0.00345125107852 0.0336496980155 0.167385677308 0.0215703192407 0.0422778257118 0.0258843830889 0.0284728213978 0.0250215703192 0.0 0.00172562553926 0.360655737705
3 0.0474547023296 0.00258843830889 0.134598792062 0.0862812769629 0.00776531492666 0.0284728213978 0.0189818809318 0.0103537532355 0.0500431406385 0.0250215703192 0.00776531492666 0.0647109577222 0.0828300258844 0.0207075064711 0.0181190681622 0.0992234685073 0.0267471958585 0.0172562553926 0.00172562553926 0.0198446937015 0.229508196721
4 0.0552631578947 0.00867126833477 0.0345556514236 0.0345556514236 0.0345556514236 0.0138481449525 0.010396893874 0.125150992235 0.0552631578947 0.0561259706644 0.0129853321829 0.0198878343399 0.0664797238999 0.0224762726488 0.0906384814495 0.0259275237274 0.0293787748059 0.132053494392 0.003494391717 0.0181622088007 0.150129421915
5 0.00780845556514 0.825754961173 0.003494391717 0.00522001725626 0.00522001725626 0.00176876617774 0.00176876617774 0.00176876617774 0.00435720448663 0.00522001725626 0.00263157894737 0.00435720448663 0.00435720448663 0.00263157894737 0.00522001725626 0.00694564279551 0.00263157894737 0.00435720448663 0.00090595340811 0.00263157894737 0.100949094047
6 0.0422778257118 0.0060396893874 0.0362381363244 0.0440034512511 0.0681622088007 0.0327868852459 0.02329594478 0.0189818809318 0.0647109577222 0.135461604832 0.0207075064711 0.0517687661777 0.00949094046592 0.0405522001726 0.0647109577222 0.105263157895 0.0672993960311 0.0198446937015 0.00776531492666 0.0414150129422 0.0992234685073
7 0.0483175150992 0.0215703192407 0.0215703192407 0.0931837791199 0.02329594478 0.0345125107852 0.0207075064711 0.016393442623 0.0621225194133 0.265746333046 0.0431406384814 0.00949094046592 0.02329594478 0.112165660052 0.0345125107852 0.0293356341674 0.0129421915444 0.02329594478 0.0060396893874 0.0138050043141 0.0845556514236
8 0.0474547023296 0.00258843830889 0.0474547023296 0.0647109577222 0.00776531492666 0.0189818809318 0.00517687661777 0.00949094046592 0.0586712683348 0.016393442623 0.0146678170837 0.0258843830889 0.406384814495 0.030198446937 0.0474547023296 0.0517687661777 0.0310612597066 0.016393442623 0.000862812769629 0.0181190681622 0.0785159620362
9 0.0483175150992 0.00258843830889 0.0146678170837 0.02329594478 0.02329594478 0.0112165660052 0.0258843830889 0.0578084555651 0.0828300258844 0.0897325280414 0.0293356341674 0.0138050043141 0.267471958585 0.0189818809318 0.0698878343399 0.0345125107852 0.02329594478 0.0543572044866 0.00517687661777 0.0267471958585 0.076790336497
10 0.0638481449525 0.00690250215703 0.207075064711 0.101811906816 0.0181190681622 0.0250215703192 0.0241587575496 0.0146678170837 0.0543572044866 0.0276100086281 0.0060396893874 0.0672993960311 0.0672993960311 0.0319240724763 0.0310612597066 0.060396893874 0.0327868852459 0.0526315789474 0.00172562553926 0.0207075064711 0.0845556514236
11 0.0457290767903 0.00345125107852 0.030198446937 0.0871440897325 0.0224331320104 0.030198446937 0.0198446937015 0.0552200172563 0.0707506471096 0.0491803278689 0.00949094046592 0.0457290767903 0.103537532355 0.0483175150992 0.0793787748059 0.0638481449525 0.0828300258844 0.0638481449525 0.00862812769629 0.02329594478 0.0569456427955
12 0.0267471958585 0.00258843830889 0.0276100086281 0.037100949094 0.000862812769629 0.594477998274 0.0103537532355 0.00949094046592 0.0293356341674 0.0146678170837 0.0060396893874 0.0224331320104 0.0241587575496 0.0129421915444 0.0310612597066 0.0526315789474 0.0241587575496 0.0155306298533 0.00172562553926 0.00345125107852 0.0526315789474
13 0.0276100086281 0.00776531492666 0.0552200172563 0.0509059534081 0.0250215703192 0.0345125107852 0.0250215703192 0.0241587575496 0.060396893874 0.0422778257118 0.0172562553926 0.083692838654 0.144952545298 0.0396893874029 0.0681622088007 0.0931837791199 0.0707506471096 0.0198446937015 0.00776531492666 0.0431406384814 0.0586712683348
14 0.0112165660052 0.620362381363 0.0103537532355 0.0138050043141 0.00949094046592 0.132873166523 0.00690250215703 0.00862812769629 0.0138050043141 0.0103537532355 0.00172562553926 0.00517687661777 0.00690250215703 0.00431406384814 0.0215703192407 0.0224331320104 0.0189818809318 0.00690250215703 0.00431406384814 0.0060396893874 0.0638481449525
15 0.0457290767903 0.016393442623 0.0647109577222 0.0543572044866 0.0258843830889 0.0897325280414 0.0207075064711 0.0146678170837 0.0957722174288 0.0267471958585 0.0112165660052 0.083692838654 0.04659188956 0.0293356341674 0.131147540984 0.076790336497 0.053494391717 0.0189818809318 0.0103537532355 0.0293356341674 0.0543572044866
16 0.14063848145 0.00776531492666 0.0491803278689 0.0819672131148 0.0103537532355 0.154443485764 0.0138050043141 0.0276100086281 0.0586712683348 0.0284728213978 0.0172562553926 0.0586712683348 0.0483175150992 0.0491803278689 0.0422778257118 0.0621225194133 0.0500431406385 0.0181190681622 0.0060396893874 0.0284728213978 0.04659188956
17 0.0517687661777 0.00258843830889 0.0207075064711 0.0258843830889 0.053494391717 0.0448662640207 0.0336496980155 0.0327868852459 0.0638481449525 0.0629853321829 0.0189818809318 0.0733390854185 0.0724762726488 0.0336496980155 0.0724762726488 0.0957722174288 0.0586712683348 0.037100949094 0.0293356341674 0.0690250215703 0.04659188956
18 0.0310612597066 0.00345125107852 0.0181190681622 0.0681622088007 0.0819672131148 0.0345125107852 0.0336496980155 0.106988783434 0.0414150129422 0.104400345125 0.02329594478 0.0215703192407 0.0146678170837 0.037100949094 0.0629853321829 0.0785159620362 0.060396893874 0.104400345125 0.00345125107852 0.0336496980155 0.0362381363244
19 0.0189818809318 0.00431406384814 0.0258843830889 0.0759275237274 0.0276100086281 0.0155306298533 0.0129421915444 0.0672993960311 0.0854184641933 0.0802415875755 0.00862812769629 0.0353753235548 0.122519413287 0.0552200172563 0.0647109577222 0.0560828300259 0.129421915444 0.0500431406385 0.0103537532355 0.0258843830889 0.0276100086281
20 0.037100949094 0.000862812769629 0.00862812769629 0.0120793787748 0.016393442623 0.0612597066437 0.0207075064711 0.00949094046592 0.0957722174288 0.0362381363244 0.0578084555651 0.016393442623 0.00517687661777 0.030198446937 0.436583261432 0.0422778257118 0.0129421915444 0.0431406384814 0.00862812769629 0.0250215703192 0.02329594478
21 0.00776531492666 0.00172562553926 0.00172562553926 0.00172562553926 0.176013805004 0.00258843830889 0.00862812769629 0.0129421915444 0.000862812769629 0.0060396893874 0.00258843830889 0.00258843830889 0.00172562553926 0.00172562553926 0.00172562553926 0.00258843830889 0.00690250215703 0.0138050043141 0.387402933563 0.338222605695 0.0207075064711
22 0.0638481449525 0.0 0.00431406384814 0.00345125107852 0.173425366695 0.0517687661777 0.0448662640207 0.0112165660052 0.00517687661777 0.0120793787748 0.00345125107852 0.00517687661777 0.000862812769629 0.000862812769629 0.0241587575496 0.0500431406385 0.0655737704918 0.0181190681622 0.0224331320104 0.420189818809 0.0189818809318
23 0.00172562553926 0.00345125107852 0.00172562553926 0.00172562553926 0.350301984469 0.00172562553926 0.00517687661777 0.00517687661777 0.00172562553926 0.0215703192407 0.00517687661777 0.00345125107852 0.00172562553926 0.000862812769629 0.00172562553926 0.00345125107852 0.00517687661777 0.00517687661777 0.0258843830889 0.540983606557 0.0120793787748
24 0.0112165660052 0.00258843830889 0.41846419327 0.0207075064711 0.00431406384814 0.00345125107852 0.0207075064711 0.0155306298533 0.0120793787748 0.0060396893874 0.00258843830889 0.327006039689 0.00345125107852 0.00776531492666 0.0103537532355 0.0716134598792 0.0129421915444 0.016393442623 0.00172562553926 0.0198446937015 0.0112165660052
25 0.083692838654 0.00258843830889 0.0129421915444 0.0310612597066 0.0258843830889 0.0293356341674 0.0293356341674 0.0310612597066 0.109577221743 0.0284728213978 0.0172562553926 0.0500431406385 0.160483175151 0.0474547023296 0.0526315789474 0.136324417601 0.0629853321829 0.0379637618637 0.00862812769629 0.0276100086281 0.0146678170837
26 0.0672993960311 0.00345125107852 0.0491803278689 0.119930974978 0.0120793787748 0.037100949094 0.0189818809318 0.0250215703192 0.106125970664 0.0215703192407 0.0120793787748 0.0793787748059 0.0129421915444 0.0491803278689 0.0690250215703 0.108714408973 0.124245038827 0.0362381363244 0.00258843830889 0.0215703192407 0.02329594478
27 0.04659188956 0.00172562553926 0.0483175150992 0.0647109577222 0.0129421915444 0.00776531492666 0.02329594478 0.0284728213978 0.0888697152718 0.053494391717 0.0138050043141 0.0388265746333 0.00172562553926 0.0353753235548 0.0569456427955 0.159620362381 0.243313201035 0.0276100086281 0.00172562553926 0.0207075064711 0.0241587575496
28 0.0155306298533 0.00345125107852 0.0888697152718 0.04659188956 0.00258843830889 0.225194132873 0.02329594478 0.00258843830889 0.145815358067 0.0189818809318 0.0224331320104 0.150129421915 0.00172562553926 0.0819672131148 0.0914581535807 0.037100949094 0.0146678170837 0.00172562553926 0.000862812769629 0.00776531492666 0.0172562553926
29 0.0491803278689 0.00431406384814 0.037100949094 0.076790336497 0.0155306298533 0.0189818809318 0.0181190681622 0.0353753235548 0.171699741156 0.0388265746333 0.0224331320104 0.0362381363244 0.000862812769629 0.0966350301984 0.128559102675 0.0733390854185 0.111302847282 0.0336496980155 0.000862812769629 0.0112165660052 0.0189818809318
30 0.00172562553926 0.942191544435 0.00258843830889 0.00172562553926 0.00172562553926 0.00345125107852 0.000862812769629 0.00258843830889 0.00172562553926 0.00172562553926 0.00172562553926 0.00172562553926 0.0 0.0 0.0060396893874 0.00431406384814 0.00345125107852 0.00862812769629 0.000862812769629 0.0 0.0129421915444
31 0.02329594478 0.00258843830889 0.0155306298533 0.196721311475 0.0310612597066 0.0146678170837 0.0267471958585 0.0509059534081 0.125970664366 0.0880069025022 0.0284728213978 0.0138050043141 0.00172562553926 0.0672993960311 0.0845556514236 0.037100949094 0.0336496980155 0.125970664366 0.0 0.016393442623 0.0155306298533
32 0.0509059534081 0.00690250215703 0.0129421915444 0.102674719586 0.0146678170837 0.0181190681622 0.0129421915444 0.0189818809318 0.0992234685073 0.0612597066437 0.0319240724763 0.016393442623 0.156169111303 0.0862812769629 0.100949094047 0.0923209663503 0.0586712683348 0.016393442623 0.0103537532355 0.00862812769629 0.02329594478
33 0.0198446937015 0.00172562553926 0.0138050043141 0.00949094046592 0.578084555651 0.00517687661777 0.00949094046592 0.0379637618637 0.0146678170837 0.0491803278689 0.0224331320104 0.00517687661777 0.00258843830889 0.00258843830889 0.0155306298533 0.0198446937015 0.0120793787748 0.0250215703192 0.00431406384814 0.0914581535807 0.0595340811044
34 0.0224762726488 0.00263157894737 0.0242018981881 0.0423209663503 0.0544003451251 0.00867126833477 0.026790336497 0.102717860224 0.0682053494392 0.0725194132873 0.0276531492666 0.0328300258844 0.0276531492666 0.0328300258844 0.0673425366695 0.063891285591 0.100992234685 0.0656169111303 0.0414581535807 0.0474978429681 0.0672993960311
35 0.0172993960311 0.00694564279551 0.0129853321829 0.0121225194133 0.119974115617 0.0138481449525 0.0250647109577 0.00867126833477 0.010396893874 0.0216134598792 0.00435720448663 0.0147109577222 0.0164365832614 0.00435720448663 0.0190250215703 0.0474978429681 0.0345556514236 0.0172993960311 0.0595772217429 0.459059534081 0.0742018981881
36 0.0156169111303 0.0285591026747 0.0242450388266 0.0251078515962 0.0173425366695 0.278774805867 0.013891285591 0.00785159620362 0.0639344262295 0.0509922346851 0.00698878343399 0.0509922346851 0.0190681622088 0.0233822260569 0.0518550474547 0.138136324418 0.0760138050043 0.0121656600518 0.00698878343399 0.0225194132873 0.0655737704918
37 0.0224331320104 0.00431406384814 0.0310612597066 0.0250215703192 0.00690250215703 0.6505608283 0.0103537532355 0.0060396893874 0.0362381363244 0.0215703192407 0.00345125107852 0.02329594478 0.00949094046592 0.0138050043141 0.0293356341674 0.0405522001726 0.0172562553926 0.0120793787748 0.000862812769629 0.0103537532355 0.0250215703192
38 0.0189818809318 0.686798964625 0.0103537532355 0.0112165660052 0.0138050043141 0.02329594478 0.0060396893874 0.0129421915444 0.0189818809318 0.0207075064711 0.00949094046592 0.0120793787748 0.0120793787748 0.0146678170837 0.0146678170837 0.0258843830889 0.0155306298533 0.0258843830889 0.00172562553926 0.0155306298533 0.0293356341674
39 0.0526315789474 0.00517687661777 0.0793787748059 0.0552200172563 0.0155306298533 0.333908541846 0.0250215703192 0.0103537532355 0.0500431406385 0.030198446937 0.0112165660052 0.0517687661777 0.0362381363244 0.0388265746333 0.0483175150992 0.0543572044866 0.0284728213978 0.0138050043141 0.0224331320104 0.0129421915444 0.0241587575496
40 0.0293787748059 4.31406384814e-05 0.0423209663503 0.0319672131148 0.010396893874 0.53153580673 0.0129853321829 0.00522001725626 0.0526747195858 0.0198878343399 0.00435720448663 0.0190250215703 0.0457722174288 0.010396893874 0.0397325280414 0.0457722174288 0.033692838654 0.026790336497 0.00090595340811 0.0095340811044 0.0276100086281
41 0.0146678170837 0.0 0.0336496980155 0.0207075064711 0.0060396893874 0.0793787748059 0.016393442623 0.0112165660052 0.0422778257118 0.0060396893874 0.00258843830889 0.497842968076 0.0138050043141 0.0146678170837 0.0207075064711 0.083692838654 0.0742018981881 0.0146678170837 0.000862812769629 0.0112165660052 0.0353753235548
42 0.104443485764 0.0302415875755 0.0699309749784 0.107894736842 0.0138481449525 0.142407247627 0.010396893874 0.0121225194133 0.0742450388266 0.0388697152718 0.00867126833477 0.0474978429681 0.0397325280414 0.0457722174288 0.0854616048318 0.0656169111303 0.0311044003451 0.0250647109577 0.00435720448663 0.0164365832614 0.0258843830889
43 0.003494391717 0.00176876617774 0.00176876617774 0.00694564279551 0.00090595340811 0.0155737704918 0.00608283002588 0.00608283002588 0.0181622088007 0.00522001725626 4.31406384814e-05 0.839559965487 0.0095340811044 0.00522001725626 0.0129853321829 0.00694564279551 0.0129853321829 0.00435720448663 0.00090595340811 0.00608283002588 0.0353753235548
44 0.0189818809318 0.00690250215703 0.0146678170837 0.0138050043141 0.0207075064711 0.0327868852459 0.0284728213978 0.0414150129422 0.0440034512511 0.0491803278689 0.0103537532355 0.308886971527 0.0129421915444 0.0207075064711 0.215703192407 0.0681622088007 0.0224331320104 0.0267471958585 0.00258843830889 0.0146678170837 0.0258843830889
45 0.00263157894737 0.00176876617774 0.00176876617774 0.00176876617774 0.861993097498 0.00090595340811 0.00522001725626 0.00694564279551 0.00090595340811 0.010396893874 0.00090595340811 0.00090595340811 0.00263157894737 4.31406384814e-05 0.00435720448663 0.00694564279551 0.00522001725626 0.00263157894737 0.00522001725626 0.0509490940466 0.0258843830889
46 0.0734253666954 0.0173425366695 0.0751509922347 0.126919758412 0.0190681622088 0.0345987920621 0.0216566005177 0.0242450388266 0.0829163071613 0.0803278688525 0.0104400345125 0.0492666091458 0.0932700603969 0.0415012942192 0.0561691113028 0.0570319240725 0.0337359792925 0.0320103537532 0.0113028472821 0.0354616048318 0.0241587575496
47 0.00444348576359 0.00444348576359 0.0648403796376 0.0225625539258 0.0113459879206 0.00530629853322 0.00962036238136 0.000992234685073 0.0216997411562 0.010483175151 0.0018550474547 0.0803710094909 0.00271786022433 0.00358067299396 0.0242881794651 0.312467644521 0.378904227783 0.00444348576359 0.00271786022433 0.00703192407248 0.0258843830889
48 0.0268334771355 0.0466781708369 0.00612597066437 0.151078515962 0.0259706643658 0.00353753235548 0.013891285591 0.0415012942192 0.171786022433 0.126056945643 0.0380500431406 0.00871440897325 0.0182053494392 0.0665228645384 0.117428817947 0.0294219154443 0.00353753235548 0.0216566005177 0.00785159620362 0.0509922346851 0.0241587575496
49 0.0699741156169 0.000949094046592 0.0863675582399 0.236496980155 0.0121656600518 0.0337359792925 0.0207937877481 0.0173425366695 0.103623813632 0.0328731665229 0.013891285591 0.0345987920621 0.00612597066437 0.097584124245 0.0509922346851 0.0613459879206 0.0527178602243 0.0233822260569 0.00612597066437 0.0156169111303 0.02329594478
50 0.0829163071613 0.00785159620362 0.17955133736 0.298619499569 0.00698878343399 0.0130284728214 0.0207937877481 0.0147540983607 0.0639344262295 0.0320103537532 0.0113028472821 0.0164797238999 0.00353753235548 0.0820534943917 0.0164797238999 0.0578947368421 0.0423641069888 0.0147540983607 0.000949094046592 0.00526315789474 0.0284728213978
51 0.00517687661777 0.911130284728 0.0 0.00431406384814 0.00258843830889 0.00172562553926 0.000862812769629 0.00258843830889 0.00431406384814 0.00431406384814 0.00172562553926 0.00258843830889 0.00258843830889 0.00258843830889 0.00345125107852 0.0060396893874 0.00431406384814 0.00690250215703 0.000862812769629 0.00172562553926 0.030198446937
52 0.0207075064711 0.00258843830889 0.0198446937015 0.198446937015 0.0103537532355 0.000862812769629 0.0198446937015 0.0560828300259 0.0793787748059 0.0914581535807 0.0880069025022 0.0629853321829 0.0060396893874 0.104400345125 0.0793787748059 0.0241587575496 0.0293356341674 0.0310612597066 0.0172562553926 0.0198446937015 0.0379637618637
53 0.0819672131148 0.0060396893874 0.0552200172563 0.113891285591 0.0138050043141 0.0215703192407 0.0129421915444 0.0198446937015 0.157894736842 0.0336496980155 0.0207075064711 0.0716134598792 0.00345125107852 0.0621225194133 0.120793787748 0.0793787748059 0.0474547023296 0.0172562553926 0.00862812769629 0.0129421915444 0.0388265746333
54 0.117385677308 0.00608283002588 0.00867126833477 0.0682053494392 0.0423209663503 0.00522001725626 0.0311044003451 0.0509490940466 0.0966781708369 0.0397325280414 0.0216134598792 0.033692838654 0.00176876617774 0.0276531492666 0.0785591026747 0.0449094046592 0.165703192407 0.0613028472821 0.00522001725626 0.0466350301984 0.04659188956
55 0.00517687661777 0.886108714409 0.000862812769629 0.00517687661777 0.00258843830889 0.00258843830889 0.00172562553926 0.0 0.00431406384814 0.00517687661777 0.00258843830889 0.00431406384814 0.00172562553926 0.00172562553926 0.00431406384814 0.00517687661777 0.0060396893874 0.0060396893874 0.00172562553926 0.000862812769629 0.0517687661777
56 0.0578084555651 0.0060396893874 0.0103537532355 0.0638481449525 0.00862812769629 0.0854184641933 0.0120793787748 0.0526315789474 0.108714408973 0.076790336497 0.04659188956 0.0327868852459 0.0276100086281 0.0284728213978 0.0811044003451 0.0655737704918 0.0310612597066 0.0638481449525 0.00345125107852 0.00690250215703 0.130284728214
57 0.053494391717 0.00258843830889 0.0388265746333 0.0258843830889 0.00172562553926 0.0949094046592 0.00949094046592 0.0112165660052 0.0612597066437 0.0129421915444 0.000862812769629 0.0405522001726 0.090595340811 0.0276100086281 0.0638481449525 0.0742018981881 0.0241587575496 0.0293356341674 0.000862812769629 0.00431406384814 0.331320103538
58 0.0336496980155 0.0 0.00258843830889 0.0060396893874 0.0129421915444 0.00345125107852 0.000862812769629 0.00345125107852 0.0258843830889 0.00258843830889 0.00172562553926 0.00431406384814 0.00431406384814 0.00172562553926 0.02329594478 0.0215703192407 0.00690250215703 0.00258843830889 0.00776531492666 0.0146678170837 0.819672131148
