POS A C D E F G H I K L M N P Q R S T V W Y -
1 0.00236127508855 0.0 0.00177095631641 0.00236127508855 0.00590318772137 0.00354191263282 0.00177095631641 0.00236127508855 0.00236127508855 0.0047225501771 0.00118063754427 0.00118063754427 0.000590318772137 0.00177095631641 0.00295159386068 0.000590318772137 0.00177095631641 0.00295159386068 0.017119244392 0.00413223140496 0.938606847698
2 0.00413223140496 0.00118063754427 0.00944510035419 0.0165289256198 0.00295159386068 0.0289256198347 0.00236127508855 0.00413223140496 0.00590318772137 0.00531286894923 0.000590318772137 0.00590318772137 0.00118063754427 0.0047225501771 0.00531286894923 0.00649350649351 0.00354191263282 0.00413223140496 0.00118063754427 0.00295159386068 0.883116883117
3 0.0135773317591 0.00177095631641 0.0141676505313 0.0118063754427 0.00590318772137 0.0100354191263 0.00413223140496 0.00531286894923 0.00826446280992 0.00708382526564 0.00354191263282 0.0342384887839 0.00944510035419 0.00590318772137 0.00826446280992 0.0295159386068 0.0720188902007 0.00590318772137 0.00177095631641 0.0047225501771 0.742621015348
4 0.0985832349469 0.012987012987 0.0200708382527 0.0212514757969 0.0047225501771 0.00826446280992 0.00354191263282 0.0153482880756 0.0118063754427 0.0413223140496 0.00708382526564 0.00531286894923 0.138724911452 0.012987012987 0.0123966942149 0.0224321133412 0.0153482880756 0.0188902007084 0.00177095631641 0.00354191263282 0.523612750885
5 0.0194805194805 0.00177095631641 0.0047225501771 0.00295159386068 0.043093270366 0.00236127508855 0.00413223140496 0.0720188902007 0.00295159386068 0.380755608028 0.0230224321133 0.00236127508855 0.00767414403778 0.000590318772137 0.00413223140496 0.00590318772137 0.00531286894923 0.0383707201889 0.00354191263282 0.00590318772137 0.368949232586
6 0.0371900826446 0.0194805194805 0.0147579693034 0.0159386068477 0.0413223140496 0.012987012987 0.155253837072 0.0395513577332 0.0100354191263 0.0678866587957 0.0407319952774 0.0106257378985 0.0112160566706 0.030106257379 0.0165289256198 0.0330578512397 0.0177095631641 0.0236127508855 0.00826446280992 0.0383707201889 0.355371900826
7 0.0442739079103 0.0194805194805 0.0224321133412 0.0395513577332 0.0336481700118 0.0106257378985 0.025974025974 0.0489964580874 0.0306965761511 0.0956316410862 0.0236127508855 0.0141676505313 0.00295159386068 0.0253837072019 0.0354191263282 0.0324675324675 0.0253837072019 0.0407319952774 0.0324675324675 0.047225501771 0.348878394333
8 0.507674144038 0.0194805194805 0.00590318772137 0.00826446280992 0.0112160566706 0.0141676505313 0.00354191263282 0.0159386068477 0.0112160566706 0.0253837072019 0.00413223140496 0.00590318772137 0.00649350649351 0.00295159386068 0.00885478158205 0.0466351829988 0.0200708382527 0.025974025974 0.00413223140496 0.0118063754427 0.24025974026
9 0.233766233766 0.0637544273908 0.00590318772137 0.00531286894923 0.00826446280992 0.00944510035419 0.00177095631641 0.124557260921 0.00885478158205 0.0478158205431 0.00885478158205 0.00767414403778 0.0047225501771 0.00531286894923 0.00590318772137 0.0507674144038 0.0342384887839 0.132231404959 0.00118063754427 0.00531286894923 0.234356552538
10 0.0832349468713 0.0177095631641 0.0247933884298 0.0737898465171 0.0165289256198 0.0247933884298 0.0141676505313 0.0324675324675 0.0696576151122 0.0590318772137 0.0218417945691 0.0242030696576 0.00649350649351 0.056080283353 0.0832349468713 0.0637544273908 0.0253837072019 0.0318772136954 0.0118063754427 0.0336481700118 0.225501770956
11 0.0531286894923 0.0141676505313 0.0265643447462 0.0566706021251 0.0395513577332 0.0425029515939 0.038961038961 0.0200708382527 0.0625737898465 0.0519480519481 0.0123966942149 0.0726092089728 0.00944510035419 0.0318772136954 0.073199527745 0.0873671782763 0.0324675324675 0.0153482880756 0.00767414403778 0.0365997638725 0.214876033058
12 0.0247933884298 0.0206611570248 0.060212514758 0.0324675324675 0.00767414403778 0.351239669421 0.0165289256198 0.00413223140496 0.038961038961 0.0159386068477 0.00885478158205 0.0767414403778 0.0112160566706 0.0200708382527 0.0448642266824 0.0342384887839 0.0153482880756 0.00767414403778 0.00118063754427 0.00531286894923 0.201889020071
13 0.0206611570248 0.0165289256198 0.148170011806 0.0253837072019 0.0147579693034 0.0247933884298 0.103896103896 0.0112160566706 0.0460448642267 0.0383707201889 0.00826446280992 0.137544273908 0.00767414403778 0.0318772136954 0.0596221959858 0.0625737898465 0.012987012987 0.00885478158205 0.00708382526564 0.0242030696576 0.189492325856
14 0.0460448642267 0.00531286894923 0.0324675324675 0.0608028335301 0.0312868949233 0.0194805194805 0.0194805194805 0.0749704840614 0.0425029515939 0.139315230224 0.0206611570248 0.0283353010626 0.0436835891381 0.0141676505313 0.0247933884298 0.0425029515939 0.0543093270366 0.082054309327 0.00826446280992 0.0295159386068 0.180047225502
15 0.0726092089728 0.00295159386068 0.142857142857 0.170011806375 0.0047225501771 0.0395513577332 0.017119244392 0.0100354191263 0.0672963400236 0.0247933884298 0.00413223140496 0.0460448642267 0.0383707201889 0.0330578512397 0.0460448642267 0.0537190082645 0.030106257379 0.0153482880756 0.00590318772137 0.0106257378985 0.164698937426
16 0.0879574970484 0.0265643447462 0.017119244392 0.0277449822904 0.0253837072019 0.0200708382527 0.00708382526564 0.136953955136 0.0277449822904 0.118063754427 0.0590318772137 0.0159386068477 0.0106257378985 0.0182998819362 0.0194805194805 0.0360094451004 0.0578512396694 0.108618654073 0.00354191263282 0.00944510035419 0.166469893743
17 0.0891381345927 0.0212514757969 0.00590318772137 0.00826446280992 0.0401416765053 0.00649350649351 0.00177095631641 0.126918536009 0.00767414403778 0.167060212515 0.0247933884298 0.00649350649351 0.00767414403778 0.00590318772137 0.00708382526564 0.0153482880756 0.025974025974 0.265053128689 0.00413223140496 0.0047225501771 0.158205430933
18 0.0442739079103 0.00649350649351 0.0507674144038 0.106257378985 0.00649350649351 0.0135773317591 0.0200708382527 0.0188902007084 0.161747343566 0.0377804014168 0.0135773317591 0.0419126328217 0.00944510035419 0.0808736717828 0.12160566706 0.0371900826446 0.0365997638725 0.0242030696576 0.0047225501771 0.00826446280992 0.155253837072
19 0.0720188902007 0.0112160566706 0.0188902007084 0.0578512396694 0.0489964580874 0.0118063754427 0.0135773317591 0.0537190082645 0.0507674144038 0.169421487603 0.0218417945691 0.0165289256198 0.0106257378985 0.0283353010626 0.0466351829988 0.0377804014168 0.038961038961 0.0537190082645 0.0218417945691 0.0667060212515 0.148760330579
20 0.0312868949233 0.0165289256198 0.0047225501771 0.00944510035419 0.0525383707202 0.00295159386068 0.00354191263282 0.0791027154664 0.0100354191263 0.507674144038 0.030106257379 0.00590318772137 0.00295159386068 0.00413223140496 0.00590318772137 0.0118063754427 0.00944510035419 0.0448642266824 0.00236127508855 0.0159386068477 0.148760330579
21 0.0277449822904 0.00826446280992 0.0112160566706 0.012987012987 0.0265643447462 0.00531286894923 0.00826446280992 0.144037780401 0.0135773317591 0.380755608028 0.0253837072019 0.00531286894923 0.00590318772137 0.00826446280992 0.0141676505313 0.0212514757969 0.0165289256198 0.0932703659976 0.00354191263282 0.0194805194805 0.148170011806
22 0.0720188902007 0.00354191263282 0.10507674144 0.135773317591 0.0123966942149 0.0253837072019 0.0177095631641 0.0141676505313 0.0956316410862 0.0365997638725 0.00944510035419 0.060212514758 0.0159386068477 0.060212514758 0.0548996458087 0.0796930342385 0.0306965761511 0.0106257378985 0.000590318772137 0.00531286894923 0.154073199528
23 0.0914994096812 0.0147579693034 0.0295159386068 0.0454545454545 0.0200708382527 0.0188902007084 0.0749704840614 0.0206611570248 0.0897284533648 0.0554899645809 0.00944510035419 0.0808736717828 0.0141676505313 0.0448642266824 0.0672963400236 0.0708382526564 0.0218417945691 0.017119244392 0.00708382526564 0.0401416765053 0.165289256198
24 0.0283648170012 0.0094746162928 0.0543388429752 0.0366292798111 0.00829397874852 0.355401416765 0.0195100354191 0.0106552538371 0.0519775678867 0.0224616292798 0.00770365997639 0.0519775678867 0.0401711924439 0.0195100354191 0.0330873671783 0.0395808736718 0.018919716647 0.00888429752066 0.00121015348288 0.0118358913813 0.170011806375
25 0.242030696576 0.0283353010626 0.0312868949233 0.0312868949233 0.0182998819362 0.0342384887839 0.0135773317591 0.0489964580874 0.0247933884298 0.0484061393152 0.00826446280992 0.0206611570248 0.0436835891381 0.0141676505313 0.0194805194805 0.0519480519481 0.0306965761511 0.0867768595041 0.00531286894923 0.0182998819362 0.17945690673
26 0.0289256198347 0.00590318772137 0.242621015348 0.0489964580874 0.0112160566706 0.0224321133412 0.0218417945691 0.017119244392 0.0478158205431 0.0407319952774 0.00885478158205 0.117473435655 0.0413223140496 0.017119244392 0.0242030696576 0.0743801652893 0.0283353010626 0.0224321133412 0.00295159386068 0.0147579693034 0.160566706021
27 0.047225501771 0.0106257378985 0.0194805194805 0.017119244392 0.0265643447462 0.0165289256198 0.00826446280992 0.131641086187 0.017119244392 0.144628099174 0.0141676505313 0.0153482880756 0.108618654073 0.0106257378985 0.0106257378985 0.0236127508855 0.0318772136954 0.170011806375 0.0106257378985 0.0123966942149 0.152892561983
28 0.0306965761511 0.00767414403778 0.115112160567 0.0566706021251 0.0165289256198 0.0265643447462 0.0265643447462 0.017119244392 0.043093270366 0.0342384887839 0.00826446280992 0.247933884298 0.0177095631641 0.0236127508855 0.0336481700118 0.0566706021251 0.0466351829988 0.017119244392 0.00413223140496 0.0206611570248 0.149350649351
29 0.1186540732 0.0194805194805 0.0425029515939 0.0590318772137 0.0265643447462 0.0342384887839 0.0194805194805 0.0737898465171 0.0484061393152 0.0649350649351 0.0218417945691 0.0141676505313 0.0253837072019 0.0413223140496 0.0312868949233 0.0631641086187 0.0454545454545 0.0631641086187 0.00767414403778 0.0318772136954 0.147579693034
30 0.0537190082645 0.0159386068477 0.0312868949233 0.0507674144038 0.017119244392 0.0247933884298 0.0153482880756 0.0413223140496 0.0932703659976 0.0708382526564 0.0123966942149 0.0206611570248 0.0537190082645 0.0702479338843 0.101534828808 0.0454545454545 0.0543093270366 0.0596221959858 0.0047225501771 0.017119244392 0.145808736718
31 0.0271546635183 0.0118063754427 0.242030696576 0.0318772136954 0.0141676505313 0.0578512396694 0.012987012987 0.012987012987 0.0306965761511 0.0283353010626 0.00649350649351 0.141676505313 0.0206611570248 0.0182998819362 0.0253837072019 0.0661157024793 0.056080283353 0.0177095631641 0.00413223140496 0.0159386068477 0.157615112161
32 0.0484061393152 0.0106257378985 0.0649350649351 0.0791027154664 0.0242030696576 0.0513577331759 0.0230224321133 0.0371900826446 0.0885478158205 0.0348288075561 0.0100354191263 0.0667060212515 0.0407319952774 0.0312868949233 0.0419126328217 0.090318772137 0.0377804014168 0.0277449822904 0.00649350649351 0.0271546635183 0.157615112161
33 0.0419126328217 0.0147579693034 0.0956316410862 0.0631641086187 0.0507674144038 0.0377804014168 0.0324675324675 0.0360094451004 0.0501770956316 0.047225501771 0.0141676505313 0.0796930342385 0.0106257378985 0.0401416765053 0.0407319952774 0.0737898465171 0.0295159386068 0.025974025974 0.0141676505313 0.0507674144038 0.150531286895
34 0.0283353010626 0.00649350649351 0.0377804014168 0.0360094451004 0.0177095631641 0.403778040142 0.0200708382527 0.0106257378985 0.0436835891381 0.0283353010626 0.00944510035419 0.0537190082645 0.0188902007084 0.0247933884298 0.0342384887839 0.0425029515939 0.0194805194805 0.0147579693034 0.00885478158205 0.0165289256198 0.123966942149
35 0.0324675324675 0.0177095631641 0.0466351829988 0.0796930342385 0.0283353010626 0.0377804014168 0.0218417945691 0.0271546635183 0.0566706021251 0.0649350649351 0.0295159386068 0.0637544273908 0.0206611570248 0.0501770956316 0.115112160567 0.0501770956316 0.0336481700118 0.0295159386068 0.0348288075561 0.0454545454545 0.113931523022
36 0.0436835891381 0.0100354191263 0.0212514757969 0.017119244392 0.00944510035419 0.030106257379 0.0118063754427 0.0218417945691 0.0159386068477 0.0383707201889 0.0047225501771 0.0613931523022 0.0324675324675 0.0159386068477 0.0236127508855 0.122195985832 0.381936245573 0.0177095631641 0.00118063754427 0.0100354191263 0.109208972845
37 0.202479338843 0.0218417945691 0.00944510035419 0.0100354191263 0.0106257378985 0.0194805194805 0.00590318772137 0.0377804014168 0.0100354191263 0.101534828808 0.00944510035419 0.00649350649351 0.332349468713 0.00885478158205 0.00944510035419 0.0242030696576 0.0206611570248 0.0436835891381 0.00295159386068 0.0100354191263 0.102715466352
38 0.0242030696576 0.00767414403778 0.0047225501771 0.00826446280992 0.0578512396694 0.00708382526564 0.00826446280992 0.0838252656434 0.00590318772137 0.523022432113 0.0312868949233 0.00708382526564 0.0106257378985 0.0106257378985 0.0141676505313 0.0165289256198 0.00944510035419 0.0442739079103 0.0047225501771 0.0177095631641 0.102715466352
39 0.0478158205431 0.0141676505313 0.0247933884298 0.0342384887839 0.0454545454545 0.0141676505313 0.252066115702 0.0442739079103 0.0135773317591 0.0808736717828 0.0631641086187 0.0212514757969 0.00767414403778 0.043093270366 0.0283353010626 0.0554899645809 0.0330578512397 0.025974025974 0.0118063754427 0.0383707201889 0.100354191263
40 0.138724911452 0.0218417945691 0.00708382526564 0.0312868949233 0.0371900826446 0.0100354191263 0.0283353010626 0.0909090909091 0.0194805194805 0.142857142857 0.0271546635183 0.0147579693034 0.00708382526564 0.017119244392 0.0289256198347 0.0354191263282 0.0342384887839 0.0773317591499 0.043093270366 0.0767414403778 0.11038961039
41 0.285714285714 0.0667060212515 0.00885478158205 0.0153482880756 0.0165289256198 0.0106257378985 0.00177095631641 0.10507674144 0.00826446280992 0.0867768595041 0.0318772136954 0.00531286894923 0.00826446280992 0.00649350649351 0.00826446280992 0.0578512396694 0.0295159386068 0.122786304604 0.00354191263282 0.00649350649351 0.113931523022
42 0.108028335301 0.0230224321133 0.025974025974 0.0743801652893 0.0271546635183 0.0247933884298 0.0230224321133 0.0513577331759 0.0808736717828 0.0749704840614 0.0271546635183 0.0206611570248 0.0123966942149 0.0495867768595 0.0785123966942 0.0761511216057 0.0371900826446 0.0478158205431 0.00590318772137 0.0312868949233 0.0997638724911
43 0.0619834710744 0.0236127508855 0.025974025974 0.0572609208973 0.0342384887839 0.0407319952774 0.0425029515939 0.0253837072019 0.0637544273908 0.0643447461629 0.0194805194805 0.0844155844156 0.0165289256198 0.0448642266824 0.06906729634 0.0802833530106 0.030106257379 0.0283353010626 0.0100354191263 0.0708382526564 0.106257378985
44 0.0330578512397 0.0135773317591 0.0525383707202 0.0348288075561 0.0106257378985 0.342975206612 0.0182998819362 0.00944510035419 0.0466351829988 0.0194805194805 0.00531286894923 0.103896103896 0.0177095631641 0.0265643447462 0.0619834710744 0.0566706021251 0.0165289256198 0.0165289256198 0.0047225501771 0.0100354191263 0.0985832349469
45 0.0271546635183 0.0218417945691 0.086186540732 0.0312868949233 0.0200708382527 0.0395513577332 0.125147579693 0.0100354191263 0.0425029515939 0.0330578512397 0.00944510035419 0.159976387249 0.0135773317591 0.060212514758 0.0672963400236 0.0879574970484 0.0182998819362 0.0112160566706 0.00826446280992 0.0342384887839 0.0926800472255
46 0.0513577331759 0.00944510035419 0.0448642266824 0.0637544273908 0.0442739079103 0.0159386068477 0.030106257379 0.0850059031877 0.043093270366 0.142857142857 0.0230224321133 0.0342384887839 0.0548996458087 0.0212514757969 0.0383707201889 0.0365997638725 0.0548996458087 0.0844155844156 0.00885478158205 0.0271546635183 0.0855962219599
47 0.06906729634 0.00708382526564 0.152892561983 0.211334120425 0.00649350649351 0.0383707201889 0.0200708382527 0.0165289256198 0.0649350649351 0.0271546635183 0.00767414403778 0.0365997638725 0.0401416765053 0.0436835891381 0.0442739079103 0.0537190082645 0.0401416765053 0.0182998819362 0.00354191263282 0.0153482880756 0.0826446280992
48 0.0785123966942 0.0448642266824 0.0135773317591 0.0159386068477 0.0360094451004 0.025974025974 0.00826446280992 0.187131050767 0.00944510035419 0.122786304604 0.0625737898465 0.017119244392 0.00708382526564 0.0123966942149 0.0141676505313 0.0312868949233 0.0519480519481 0.1546635183 0.00649350649351 0.0112160566706 0.0885478158205
49 0.124557260921 0.0247933884298 0.00295159386068 0.0100354191263 0.0454545454545 0.0118063754427 0.00118063754427 0.118063754427 0.0112160566706 0.149940968123 0.0354191263282 0.00531286894923 0.012987012987 0.00413223140496 0.00885478158205 0.0224321133412 0.0454545454545 0.264462809917 0.00413223140496 0.00708382526564 0.0897284533648
50 0.0519480519481 0.0100354191263 0.0525383707202 0.129279811098 0.00826446280992 0.0165289256198 0.0206611570248 0.0182998819362 0.159386068477 0.0454545454545 0.0100354191263 0.0336481700118 0.0100354191263 0.0773317591499 0.140495867769 0.0572609208973 0.0365997638725 0.0283353010626 0.00295159386068 0.00413223140496 0.0867768595041
51 0.0537190082645 0.0147579693034 0.0200708382527 0.0548996458087 0.0796930342385 0.00708382526564 0.0177095631641 0.0655253837072 0.043093270366 0.22373081464 0.0354191263282 0.0106257378985 0.00826446280992 0.0247933884298 0.0436835891381 0.0230224321133 0.0354191263282 0.0478158205431 0.0242030696576 0.0867768595041 0.0796930342385
52 0.0242030696576 0.0165289256198 0.0047225501771 0.00767414403778 0.0643447461629 0.0047225501771 0.00295159386068 0.0909090909091 0.00826446280992 0.582644628099 0.030106257379 0.00354191263282 0.00295159386068 0.00885478158205 0.00767414403778 0.0112160566706 0.00885478158205 0.0247933884298 0.00413223140496 0.0100354191263 0.0808736717828
53 0.0277449822904 0.00826446280992 0.00708382526564 0.017119244392 0.0253837072019 0.00885478158205 0.0165289256198 0.148760330579 0.0147579693034 0.409090909091 0.0289256198347 0.00885478158205 0.00708382526564 0.0159386068477 0.017119244392 0.0224321133412 0.0194805194805 0.0838252656434 0.00649350649351 0.0141676505313 0.0920897284534
54 0.0619834710744 0.00649350649351 0.108028335301 0.139315230224 0.00826446280992 0.0271546635183 0.0230224321133 0.0200708382527 0.0968122786305 0.0507674144038 0.00590318772137 0.0501770956316 0.0165289256198 0.0667060212515 0.0525383707202 0.10507674144 0.0371900826446 0.0182998819362 0.00236127508855 0.00708382526564 0.0962219598583
55 0.0855962219599 0.0100354191263 0.0295159386068 0.0501770956316 0.0230224321133 0.0230224321133 0.0826446280992 0.0188902007084 0.101534828808 0.0702479338843 0.0106257378985 0.073199527745 0.0200708382527 0.0377804014168 0.100354191263 0.0525383707202 0.0277449822904 0.0224321133412 0.00885478158205 0.0466351829988 0.10507674144
56 0.0354191263282 0.0153482880756 0.0413223140496 0.0348288075561 0.0106257378985 0.41440377804 0.0247933884298 0.012987012987 0.0454545454545 0.0188902007084 0.00767414403778 0.0413223140496 0.0271546635183 0.0159386068477 0.0360094451004 0.0395513577332 0.0135773317591 0.0218417945691 0.00413223140496 0.0242030696576 0.114521841795
57 0.289846517119 0.0312868949233 0.0324675324675 0.0348288075561 0.0188902007084 0.047225501771 0.0177095631641 0.0448642266824 0.0306965761511 0.0425029515939 0.00944510035419 0.0153482880756 0.0436835891381 0.0123966942149 0.025974025974 0.0566706021251 0.0271546635183 0.0755608028335 0.0047225501771 0.0165289256198 0.122195985832
58 0.030106257379 0.00944510035419 0.25147579693 0.0613931523022 0.0182998819362 0.0218417945691 0.0147579693034 0.0253837072019 0.0442739079103 0.0407319952774 0.00590318772137 0.122195985832 0.0330578512397 0.0277449822904 0.0318772136954 0.0838252656434 0.0295159386068 0.0253837072019 0.00295159386068 0.0100354191263 0.109799291617
59 0.0484061393152 0.0100354191263 0.0212514757969 0.0242030696576 0.0230224321133 0.0182998819362 0.0118063754427 0.125737898465 0.0265643447462 0.111570247934 0.0230224321133 0.0188902007084 0.155253837072 0.0177095631641 0.0159386068477 0.0271546635183 0.0419126328217 0.151711924439 0.00708382526564 0.00885478158205 0.111570247934
60 0.0377804014168 0.017119244392 0.122195985832 0.0608028335301 0.0153482880756 0.0306965761511 0.0277449822904 0.0194805194805 0.0342384887839 0.047225501771 0.00708382526564 0.234946871311 0.0212514757969 0.0236127508855 0.0289256198347 0.0578512396694 0.0454545454545 0.0135773317591 0.00531286894923 0.0218417945691 0.127508854782
61 0.116883116883 0.0135773317591 0.0312868949233 0.0413223140496 0.0230224321133 0.0265643447462 0.017119244392 0.0914994096812 0.0501770956316 0.109208972845 0.0194805194805 0.0277449822904 0.0242030696576 0.0371900826446 0.0354191263282 0.0672963400236 0.0513577331759 0.0672963400236 0.00885478158205 0.0224321133412 0.118063754427
62 0.0566706021251 0.0188902007084 0.0253837072019 0.0519480519481 0.0212514757969 0.0289256198347 0.0177095631641 0.0360094451004 0.0885478158205 0.0637544273908 0.0141676505313 0.0271546635183 0.0501770956316 0.0643447461629 0.109799291617 0.0425029515939 0.0643447461629 0.0672963400236 0.00413223140496 0.0165289256198 0.130460448642
63 0.0377804014168 0.0100354191263 0.260920897285 0.0413223140496 0.012987012987 0.0507674144038 0.0106257378985 0.0206611570248 0.0324675324675 0.0265643447462 0.00649350649351 0.129279811098 0.0230224321133 0.0159386068477 0.0360094451004 0.0578512396694 0.0525383707202 0.0188902007084 0.00649350649351 0.0182998819362 0.131050767414
64 0.0537190082645 0.0123966942149 0.0667060212515 0.060212514758 0.0188902007084 0.0489964580874 0.0283353010626 0.0413223140496 0.0867768595041 0.0354191263282 0.0106257378985 0.0714285714286 0.0342384887839 0.0365997638725 0.0749704840614 0.0791027154664 0.0377804014168 0.0265643447462 0.0100354191263 0.0342384887839 0.131641086187
65 0.0342384887839 0.0123966942149 0.103896103896 0.0655253837072 0.0330578512397 0.0442739079103 0.0413223140496 0.0324675324675 0.0590318772137 0.0590318772137 0.0135773317591 0.0938606847698 0.017119244392 0.0342384887839 0.0466351829988 0.0808736717828 0.0442739079103 0.0200708382527 0.0100354191263 0.038961038961 0.115112160567
66 0.0336481700118 0.00531286894923 0.0466351829988 0.0354191263282 0.0153482880756 0.404958677686 0.0177095631641 0.0165289256198 0.0365997638725 0.0360094451004 0.0106257378985 0.0419126328217 0.0206611570248 0.0247933884298 0.0383707201889 0.0543093270366 0.0247933884298 0.0218417945691 0.00708382526564 0.012987012987 0.0944510035419
67 0.0407319952774 0.0212514757969 0.0442739079103 0.0714285714286 0.047225501771 0.0419126328217 0.0247933884298 0.0306965761511 0.0419126328217 0.0720188902007 0.0289256198347 0.0708382526564 0.0188902007084 0.0590318772137 0.0974025974026 0.056080283353 0.0306965761511 0.0277449822904 0.0407319952774 0.043093270366 0.090318772137
68 0.0436835891381 0.0153482880756 0.0212514757969 0.0182998819362 0.0112160566706 0.0253837072019 0.0112160566706 0.0206611570248 0.0230224321133 0.038961038961 0.00885478158205 0.0708382526564 0.0330578512397 0.0242030696576 0.030106257379 0.126918536009 0.353010625738 0.0218417945691 0.00236127508855 0.00944510035419 0.090318772137
69 0.200708382527 0.0200708382527 0.00649350649351 0.0159386068477 0.0123966942149 0.0177095631641 0.0106257378985 0.0448642266824 0.0106257378985 0.090318772137 0.0123966942149 0.00826446280992 0.316410861865 0.00590318772137 0.00885478158205 0.0348288075561 0.0247933884298 0.0619834710744 0.00177095631641 0.0159386068477 0.0791027154664
70 0.0342384887839 0.00649350649351 0.00354191263282 0.00944510035419 0.0726092089728 0.00354191263282 0.00649350649351 0.0974025974026 0.00649350649351 0.524203069658 0.0277449822904 0.00767414403778 0.00708382526564 0.00708382526564 0.00649350649351 0.0182998819362 0.0112160566706 0.0519480519481 0.00826446280992 0.012987012987 0.0767414403778
71 0.0342384887839 0.0177095631641 0.025974025974 0.0312868949233 0.0419126328217 0.0112160566706 0.32880755608 0.0425029515939 0.0159386068477 0.0684769775679 0.0507674144038 0.0182998819362 0.00885478158205 0.0348288075561 0.0306965761511 0.047225501771 0.0283353010626 0.0342384887839 0.00826446280992 0.0407319952774 0.0796930342385
72 0.0702479338843 0.0247933884298 0.0224321133412 0.0407319952774 0.0466351829988 0.0135773317591 0.0377804014168 0.0826446280992 0.030106257379 0.143447461629 0.0342384887839 0.0200708382527 0.00767414403778 0.0289256198347 0.0383707201889 0.030106257379 0.0295159386068 0.0655253837072 0.0507674144038 0.0974025974026 0.0850059031877
73 0.531877213695 0.0336481700118 0.00885478158205 0.0112160566706 0.0135773317591 0.0200708382527 0.00767414403778 0.0247933884298 0.0106257378985 0.047225501771 0.0123966942149 0.0100354191263 0.0135773317591 0.00531286894923 0.0159386068477 0.0726092089728 0.0295159386068 0.0436835891381 0.00177095631641 0.0100354191263 0.0755608028335
74 0.265643447462 0.0779220779221 0.017119244392 0.0141676505313 0.0100354191263 0.0206611570248 0.00767414403778 0.0974025974026 0.0100354191263 0.0672963400236 0.0159386068477 0.0106257378985 0.0118063754427 0.00590318772137 0.0147579693034 0.0678866587957 0.0448642266824 0.14639905549 0.00413223140496 0.00885478158205 0.0808736717828
75 0.0791027154664 0.0141676505313 0.0318772136954 0.0808736717828 0.0318772136954 0.0336481700118 0.0188902007084 0.0419126328217 0.0761511216057 0.0667060212515 0.025974025974 0.0295159386068 0.0123966942149 0.0678866587957 0.103305785124 0.0814639905549 0.0401416765053 0.025974025974 0.0200708382527 0.0478158205431 0.0702479338843
76 0.0661157024793 0.0212514757969 0.0283353010626 0.0513577331759 0.0348288075561 0.0454545454545 0.0425029515939 0.017119244392 0.0755608028335 0.0507674144038 0.0188902007084 0.103305785124 0.0218417945691 0.0383707201889 0.0684769775679 0.0909090909091 0.0454545454545 0.0354191263282 0.0112160566706 0.0578512396694 0.0749704840614
77 0.0342384887839 0.0135773317591 0.060212514758 0.043093270366 0.00885478158205 0.368358913813 0.0188902007084 0.0112160566706 0.0495867768595 0.0165289256198 0.00531286894923 0.100354191263 0.0200708382527 0.0277449822904 0.0454545454545 0.0507674144038 0.0141676505313 0.0147579693034 0.00531286894923 0.0118063754427 0.0796930342385
78 0.0365997638725 0.0247933884298 0.0938606847698 0.0306965761511 0.0436835891381 0.0247933884298 0.119834710744 0.0159386068477 0.0489964580874 0.0454545454545 0.012987012987 0.129279811098 0.0165289256198 0.043093270366 0.0672963400236 0.0749704840614 0.0218417945691 0.0182998819362 0.0112160566706 0.038961038961 0.0808736717828
79 0.0489964580874 0.0100354191263 0.0354191263282 0.0625737898465 0.0395513577332 0.025974025974 0.0135773317591 0.0968122786305 0.0395513577332 0.151711924439 0.025974025974 0.0289256198347 0.0448642266824 0.0218417945691 0.0283353010626 0.0466351829988 0.0684769775679 0.0879574970484 0.0118063754427 0.0336481700118 0.0773317591499
80 0.0708382526564 0.00413223140496 0.160566706021 0.18772136954 0.00885478158205 0.0442739079103 0.0230224321133 0.0153482880756 0.073199527745 0.0236127508855 0.00649350649351 0.0495867768595 0.0306965761511 0.047225501771 0.0478158205431 0.0726092089728 0.0318772136954 0.0165289256198 0.00649350649351 0.0112160566706 0.0678866587957
81 0.0909090909091 0.0548996458087 0.0123966942149 0.012987012987 0.0330578512397 0.0236127508855 0.0100354191263 0.184179456907 0.0141676505313 0.135182998819 0.0649350649351 0.0135773317591 0.0112160566706 0.0106257378985 0.0112160566706 0.0336481700118 0.0643447461629 0.134592680047 0.00531286894923 0.0206611570248 0.0584415584416
82 0.109799291617 0.0265643447462 0.00649350649351 0.00944510035419 0.0436835891381 0.00354191263282 0.00118063754427 0.138724911452 0.00826446280992 0.172373081464 0.0454545454545 0.00413223140496 0.00649350649351 0.00649350649351 0.00826446280992 0.0218417945691 0.0342384887839 0.274498229044 0.00354191263282 0.00885478158205 0.0661157024793
83 0.0442739079103 0.00649350649351 0.0572609208973 0.129279811098 0.00295159386068 0.0182998819362 0.0218417945691 0.0194805194805 0.186540731995 0.0436835891381 0.0112160566706 0.0407319952774 0.012987012987 0.0932703659976 0.145808736718 0.0448642266824 0.0318772136954 0.0188902007084 0.00236127508855 0.00590318772137 0.0619834710744
84 0.0548996458087 0.0177095631641 0.0141676505313 0.047225501771 0.0808736717828 0.00767414403778 0.0230224321133 0.0755608028335 0.0413223140496 0.217827626919 0.0401416765053 0.0100354191263 0.00944510035419 0.0247933884298 0.0413223140496 0.0277449822904 0.0419126328217 0.056080283353 0.0123966942149 0.0891381345927 0.0667060212515
85 0.0206611570248 0.012987012987 0.00354191263282 0.00354191263282 0.0661157024793 0.00413223140496 0.00354191263282 0.095041322314 0.00767414403778 0.589728453365 0.043093270366 0.00295159386068 0.00236127508855 0.00590318772137 0.00531286894923 0.00826446280992 0.00767414403778 0.0425029515939 0.00295159386068 0.0106257378985 0.0613931523022
86 0.0342680047226 0.0153778040142 0.0094746162928 0.0153778040142 0.0242325855962 0.0100649350649 0.0118358913813 0.175944510035 0.0124262101535 0.391410861865 0.0283648170012 0.00652302243211 0.00888429752066 0.0141971664699 0.018919716647 0.0224616292798 0.0153778040142 0.103335301063 0.00652302243211 0.0171487603306 0.0578512396694
87 0.0661157024793 0.00531286894923 0.116883116883 0.164698937426 0.00885478158205 0.030106257379 0.0265643447462 0.012987012987 0.0962219598583 0.0265643447462 0.00708382526564 0.0537190082645 0.0218417945691 0.0625737898465 0.0743801652893 0.10212514758 0.0365997638725 0.0141676505313 0.00354191263282 0.00944510035419 0.060212514758
88 0.0968417945691 0.0206906729634 0.0218713105077 0.0372195985832 0.0330873671783 0.0313164108619 0.092119244392 0.0242325855962 0.0944805194805 0.0679161747344 0.0106552538371 0.0596517119244 0.0206906729634 0.0354486422668 0.0838547815821 0.0561097992916 0.0260035419126 0.0271841794569 0.0130165289256 0.0720484061393 0.0755608028335
89 0.0283648170012 0.0313164108619 0.0549291617473 0.0395808736718 0.0141971664699 0.390230224321 0.0165584415584 0.0153778040142 0.0549291617473 0.0224616292798 0.00770365997639 0.049025974026 0.0224616292798 0.0242325855962 0.0378099173554 0.0389905548996 0.0224616292798 0.018919716647 0.00770365997639 0.0195100354191 0.0832349468713
90 0.275088547816 0.0306965761511 0.030106257379 0.0383707201889 0.0177095631641 0.038961038961 0.0177095631641 0.0537190082645 0.0413223140496 0.0454545454545 0.0106257378985 0.0118063754427 0.0436835891381 0.0188902007084 0.0289256198347 0.0631641086187 0.0306965761511 0.0855962219599 0.00531286894923 0.0194805194805 0.0926800472255
91 0.0307260920897 0.0112455726092 0.263311688312 0.0561097992916 0.0153778040142 0.031906729634 0.0201003541913 0.0242325855962 0.0413518299882 0.0413518299882 0.00829397874852 0.128128689492 0.0301357733176 0.0224616292798 0.0313164108619 0.092119244392 0.027774498229 0.0254132231405 0.00239079102715 0.0100649350649 0.086186540732
92 0.0519480519481 0.0153482880756 0.0159386068477 0.0236127508855 0.0242030696576 0.0165289256198 0.00944510035419 0.155253837072 0.0247933884298 0.148760330579 0.0218417945691 0.0147579693034 0.107438016529 0.017119244392 0.0147579693034 0.0265643447462 0.0365997638725 0.177095631641 0.00531286894923 0.00649350649351 0.086186540732
93 0.0377804014168 0.0118063754427 0.126918536009 0.0714285714286 0.0177095631641 0.0354191263282 0.030106257379 0.0135773317591 0.038961038961 0.0318772136954 0.0106257378985 0.272136953955 0.0123966942149 0.0224321133412 0.0342384887839 0.0554899645809 0.0513577331759 0.0182998819362 0.0047225501771 0.017119244392 0.0855962219599
94 0.126357733176 0.0254132231405 0.0366292798111 0.0431227863046 0.027774498229 0.0265938606848 0.0206906729634 0.0856257378985 0.0466646989374 0.087987012987 0.0271841794569 0.018919716647 0.0271841794569 0.0336776859504 0.0401711924439 0.0690968122786 0.0590613931523 0.070867768595 0.0100649350649 0.0230519480519 0.0938606847698
95 0.0525383707202 0.0123966942149 0.0306965761511 0.0371900826446 0.0188902007084 0.0295159386068 0.0135773317591 0.0442739079103 0.108028335301 0.0543093270366 0.0153482880756 0.0182998819362 0.0525383707202 0.0808736717828 0.122786304604 0.0454545454545 0.0649350649351 0.0737898465171 0.00944510035419 0.0141676505313 0.100944510035
96 0.0395513577332 0.00767414403778 0.310507674144 0.0348288075561 0.0118063754427 0.0513577331759 0.0100354191263 0.017119244392 0.0194805194805 0.0271546635183 0.00413223140496 0.149350649351 0.0212514757969 0.012987012987 0.0236127508855 0.0649350649351 0.0537190082645 0.0212514757969 0.00295159386068 0.0159386068477 0.100354191263
97 0.0596221959858 0.0177095631641 0.0625737898465 0.0613931523022 0.0182998819362 0.0484061393152 0.0277449822904 0.047225501771 0.0968122786305 0.0365997638725 0.0165289256198 0.082054309327 0.0360094451004 0.0318772136954 0.0720188902007 0.0767414403778 0.0348288075561 0.0348288075561 0.00649350649351 0.0289256198347 0.103305785124
98 0.0354191263282 0.0112160566706 0.117473435655 0.086186540732 0.0324675324675 0.0419126328217 0.0306965761511 0.0230224321133 0.0519480519481 0.0419126328217 0.0135773317591 0.090318772137 0.0147579693034 0.0413223140496 0.0525383707202 0.0855962219599 0.0448642266824 0.0206611570248 0.0147579693034 0.0507674144038 0.0985832349469
99 0.0206611570248 0.00826446280992 0.0413223140496 0.0295159386068 0.0182998819362 0.45041322314 0.0206611570248 0.0106257378985 0.0413223140496 0.0365997638725 0.00708382526564 0.0525383707202 0.0141676505313 0.0247933884298 0.0336481700118 0.038961038961 0.0153482880756 0.0123966942149 0.00649350649351 0.0194805194805 0.0974025974026
100 0.0377804014168 0.0177095631641 0.060212514758 0.0838252656434 0.0265643447462 0.0377804014168 0.0218417945691 0.0242030696576 0.0513577331759 0.0684769775679 0.0354191263282 0.0944510035419 0.0123966942149 0.0678866587957 0.101534828808 0.0507674144038 0.0265643447462 0.0253837072019 0.0377804014168 0.0283353010626 0.0897284533648
101 0.0342680047226 0.00829397874852 0.0206906729634 0.018919716647 0.0165584415584 0.0206906729634 0.00888429752066 0.0195100354191 0.0218713105077 0.0378099173554 0.00652302243211 0.0584710743802 0.0224616292798 0.0130165289256 0.0224616292798 0.123996458087 0.415613931523 0.0183293978749 0.00534238488784 0.0165584415584 0.0897284533648
102 0.214315230224 0.0206906729634 0.00770365997639 0.00829397874852 0.00593270365998 0.0206906729634 0.0130165289256 0.0336776859504 0.00711334120425 0.0702774498229 0.00534238488784 0.0106552538371 0.368978748524 0.00770365997639 0.00534238488784 0.0336776859504 0.0218713105077 0.057880755608 0.00180047225502 0.00593270365998 0.0791027154664
103 0.0283353010626 0.00590318772137 0.00531286894923 0.00649350649351 0.0543093270366 0.0047225501771 0.00944510035419 0.0926800472255 0.00767414403778 0.567886658796 0.0218417945691 0.00118063754427 0.00649350649351 0.0047225501771 0.00767414403778 0.00885478158205 0.00944510035419 0.0578512396694 0.00590318772137 0.0123966942149 0.0808736717828
104 0.0295159386068 0.012987012987 0.0360094451004 0.0271546635183 0.0519480519481 0.0100354191263 0.32054309327 0.0454545454545 0.0159386068477 0.0755608028335 0.0625737898465 0.0206611570248 0.00944510035419 0.0401416765053 0.0230224321133 0.0466351829988 0.0271546635183 0.0194805194805 0.00944510035419 0.0336481700118 0.0826446280992
105 0.0543093270366 0.0289256198347 0.0188902007084 0.0413223140496 0.0342384887839 0.0106257378985 0.0324675324675 0.0962219598583 0.0242030696576 0.160566706021 0.0318772136954 0.0212514757969 0.00826446280992 0.0230224321133 0.0360094451004 0.0306965761511 0.0383707201889 0.0791027154664 0.0466351829988 0.099173553719 0.0838252656434
106 0.599173553719 0.0336481700118 0.00767414403778 0.00944510035419 0.00944510035419 0.0224321133412 0.00531286894923 0.0206611570248 0.00708382526564 0.030106257379 0.00708382526564 0.0106257378985 0.0106257378985 0.00708382526564 0.0118063754427 0.0625737898465 0.0230224321133 0.0318772136954 0.00177095631641 0.0047225501771 0.0838252656434
107 0.253246753247 0.082054309327 0.00413223140496 0.0159386068477 0.0135773317591 0.0165289256198 0.00590318772137 0.108618654073 0.0118063754427 0.0608028335301 0.0188902007084 0.0123966942149 0.00885478158205 0.00826446280992 0.0153482880756 0.0655253837072 0.0454545454545 0.163518299882 0.00354191263282 0.00767414403778 0.0779220779221
108 0.0596517119244 0.0136068476978 0.0295454545455 0.087987012987 0.031906729634 0.0289551357733 0.0271841794569 0.0395808736718 0.0873966942149 0.0679161747344 0.0401711924439 0.0307260920897 0.00711334120425 0.0543388429752 0.112190082645 0.0702774498229 0.0336776859504 0.036038961039 0.014787485242 0.0389905548996 0.0879574970484
109 0.0602420306966 0.0195100354191 0.0242325855962 0.0631936245573 0.027774498229 0.044893742621 0.0502066115702 0.0141971664699 0.0726387249115 0.057880755608 0.0195100354191 0.105106257379 0.0177390791027 0.044893742621 0.0803128689492 0.0809031877214 0.0413518299882 0.0159681227863 0.014787485242 0.0596517119244 0.0850059031877
110 0.0377804014168 0.0194805194805 0.0525383707202 0.0383707201889 0.0118063754427 0.363046044864 0.0147579693034 0.00826446280992 0.0566706021251 0.0212514757969 0.00531286894923 0.103305785124 0.0141676505313 0.0265643447462 0.0531286894923 0.0484061393152 0.0188902007084 0.00944510035419 0.00413223140496 0.00885478158205 0.0838252656434
111 0.038961038961 0.0218417945691 0.0985832349469 0.0295159386068 0.0265643447462 0.0194805194805 0.130460448642 0.0141676505313 0.0419126328217 0.0348288075561 0.00885478158205 0.151711924439 0.0100354191263 0.0501770956316 0.0767414403778 0.0826446280992 0.0177095631641 0.0153482880756 0.0106257378985 0.0354191263282 0.0844155844156
112 0.0554899645809 0.00944510035419 0.0218417945691 0.0655253837072 0.0342384887839 0.0194805194805 0.0218417945691 0.0755608028335 0.0501770956316 0.150531286895 0.0253837072019 0.0230224321133 0.0525383707202 0.0247933884298 0.0365997638725 0.0489964580874 0.0596221959858 0.090318772137 0.0112160566706 0.0407319952774 0.0826446280992
113 0.0773907910272 0.00537190082645 0.165938606848 0.184238488784 0.0112750885478 0.0348878394333 0.0195395513577 0.0142266824085 0.0649940968123 0.0283943329398 0.00773317591499 0.0514167650531 0.0325265643447 0.0437426210153 0.0490554899646 0.0655844155844 0.0313459268005 0.0201298701299 0.00242030696576 0.00714285714286 0.0826446280992
114 0.0844155844156 0.0407319952774 0.0106257378985 0.00944510035419 0.0295159386068 0.0159386068477 0.00944510035419 0.184179456907 0.017119244392 0.138724911452 0.073199527745 0.00826446280992 0.0112160566706 0.0106257378985 0.0100354191263 0.0360094451004 0.0608028335301 0.154073199528 0.00413223140496 0.00885478158205 0.0826446280992
115 0.119244391972 0.0236127508855 0.00885478158205 0.00708382526564 0.0377804014168 0.0047225501771 0.000590318772137 0.13813459268 0.0047225501771 0.149350649351 0.0365997638725 0.00590318772137 0.0047225501771 0.0100354191263 0.00767414403778 0.0253837072019 0.0371900826446 0.289846517119 0.00236127508855 0.00531286894923 0.0808736717828
116 0.0460448642267 0.0047225501771 0.0566706021251 0.130460448642 0.00531286894923 0.0159386068477 0.025974025974 0.012987012987 0.182998819362 0.0342384887839 0.00649350649351 0.0360094451004 0.0123966942149 0.0850059031877 0.140495867769 0.0484061393152 0.0413223140496 0.0182998819362 0.0047225501771 0.0153482880756 0.0761511216057
117 0.0566706021251 0.0230224321133 0.00885478158205 0.0419126328217 0.0791027154664 0.00649350649351 0.012987012987 0.0737898465171 0.0360094451004 0.229634002361 0.0395513577332 0.00708382526564 0.00885478158205 0.0206611570248 0.0330578512397 0.0218417945691 0.043093270366 0.0590318772137 0.0141676505313 0.104486422668 0.0796930342385
