POS A C D E F G H I K L M N P Q R S T V W Y -
1 0.000919117647059 0.000919117647059 0.000919117647059 0.000919117647059 0.00367647058824 0.00183823529412 0.0 0.00827205882353 0.00183823529412 0.0165441176471 0.0220588235294 0.0137867647059 0.00367647058824 0.000919117647059 0.0 0.00183823529412 0.0 0.00275735294118 0.0 0.00183823529412 0.917279411765
2 0.0202205882353 0.0 0.0303308823529 0.0340073529412 0.000919117647059 0.0101102941176 0.00735294117647 0.00919117647059 0.0147058823529 0.0119485294118 0.03125 0.0229779411765 0.0477941176471 0.0128676470588 0.0128676470588 0.0376838235294 0.0147058823529 0.00735294117647 0.0 0.00183823529412 0.671875
3 0.0174632352941 0.000919117647059 0.0670955882353 0.0395220588235 0.00643382352941 0.128676470588 0.0110294117647 0.00643382352941 0.0330882352941 0.0128676470588 0.0211397058824 0.0441176470588 0.0441176470588 0.0183823529412 0.0284926470588 0.0358455882353 0.03125 0.00459558823529 0.00183823529412 0.0147058823529 0.431985294118
4 0.0432444852941 0.0165900735294 0.0561121323529 0.0469209558824 0.0276194852941 0.0285386029412 0.0303768382353 0.0165900735294 0.0404871323529 0.0184283088235 0.0239430147059 0.0239430147059 0.0358915441176 0.02578125 0.0312959558824 0.0515165441176 0.0781709558824 0.0267003676471 0.0505974264706 0.0230238970588 0.304227941176
5 0.0303308823529 0.0128676470588 0.00459558823529 0.00919117647059 0.0395220588235 0.00827205882353 0.00735294117647 0.125 0.00919117647059 0.171875 0.0349264705882 0.0110294117647 0.0137867647059 0.00919117647059 0.0137867647059 0.015625 0.0431985294118 0.146139705882 0.0349264705882 0.0459558823529 0.213235294118
6 0.0266544117647 0.0119485294118 0.0183823529412 0.0367647058824 0.0101102941176 0.00459558823529 0.0431985294118 0.0891544117647 0.158088235294 0.0404411764706 0.00735294117647 0.0257352941176 0.00551470588235 0.0275735294118 0.0505514705882 0.0321691176471 0.0909926470588 0.129595588235 0.00551470588235 0.0229779411765 0.162683823529
7 0.0670955882353 0.0597426470588 0.0 0.00643382352941 0.0579044117647 0.00827205882353 0.000919117647059 0.227022058824 0.000919117647059 0.162683823529 0.0174632352941 0.00459558823529 0.00367647058824 0.000919117647059 0.00367647058824 0.00275735294118 0.00459558823529 0.200367647059 0.0147058823529 0.0147058823529 0.141544117647
8 0.0431985294118 0.00735294117647 0.00459558823529 0.0101102941176 0.167279411765 0.00643382352941 0.0193014705882 0.0202205882353 0.0101102941176 0.0119485294118 0.00643382352941 0.136029411765 0.00367647058824 0.0110294117647 0.0119485294118 0.0248161764706 0.0211397058824 0.0119485294118 0.0367647058824 0.301470588235 0.134191176471
9 0.0330882352941 0.0487132352941 0.00735294117647 0.00643382352941 0.0670955882353 0.0101102941176 0.0 0.0827205882353 0.00367647058824 0.0248161764706 0.0101102941176 0.00183823529412 0.00367647058824 0.00367647058824 0.00367647058824 0.0698529411765 0.333639705882 0.147977941176 0.00275735294118 0.00643382352941 0.132352941176
10 0.0267003676471 0.00923713235294 0.694898897059 0.0156709558824 0.000965073529412 0.0175091911765 0.0156709558824 0.00464154411765 0.00923713235294 0.00280330882353 0.00556066176471 0.0211856617647 0.00464154411765 0.00280330882353 0.00923713235294 0.0175091911765 0.00831801470588 0.00372242647059 4.59558823529e-05 0.000965073529412 0.128676470588
11 0.195772058824 0.00643382352941 0.00459558823529 0.00643382352941 0.000919117647059 0.528492647059 0.00275735294118 0.00183823529412 0.00275735294118 0.00551470588235 0.00367647058824 0.0101102941176 0.00367647058824 0.00183823529412 0.0137867647059 0.0376838235294 0.0202205882353 0.0193014705882 0.000919117647059 0.00275735294118 0.130514705882
12 0.164522058824 0.0183823529412 0.00459558823529 0.00551470588235 0.00735294117647 0.0588235294118 0.00551470588235 0.0119485294118 0.00275735294118 0.0119485294118 0.00367647058824 0.00643382352941 0.00919117647059 0.00459558823529 0.00919117647059 0.485294117647 0.0266544117647 0.0238970588235 0.00275735294118 0.00735294117647 0.129595588235
13 0.0616268382353 0.105744485294 0.0119944852941 0.0119944852941 0.08828125 0.0239430147059 0.0165900735294 0.0184283088235 0.0533547794118 0.0368106617647 0.0202665441176 0.00556066176471 0.00647977941176 0.00831801470588 0.0450827205882 0.0919577205882 0.0358915441176 0.0708180147059 0.0588694852941 0.0588694852941 0.169117647059
14 0.0238970588235 0.0193014705882 0.0560661764706 0.0275735294118 0.0294117647059 0.0128676470588 0.0376838235294 0.0625 0.0900735294118 0.078125 0.00643382352941 0.0569852941176 0.0128676470588 0.0275735294118 0.110294117647 0.0670955882353 0.0404411764706 0.0340073529412 0.000919117647059 0.0303308823529 0.175551470588
15 0.046875 0.00919117647059 0.0413602941176 0.0551470588235 0.00643382352941 0.113051470588 0.0294117647059 0.0193014705882 0.0698529411765 0.0220588235294 0.00551470588235 0.0762867647059 0.0827205882353 0.0404411764706 0.0413602941176 0.0698529411765 0.0275735294118 0.0367647058824 0.00827205882353 0.0183823529412 0.180147058824
16 0.0340073529412 0.00735294117647 0.0569852941176 0.0533088235294 0.00827205882353 0.0680147058824 0.0275735294118 0.0110294117647 0.0606617647059 0.0211397058824 0.00275735294118 0.165441176471 0.0257352941176 0.0376838235294 0.0349264705882 0.0735294117647 0.0330882352941 0.0193014705882 0.00643382352941 0.0110294117647 0.241727941176
17 0.0413602941176 0.00551470588235 0.0367647058824 0.0340073529412 0.00643382352941 0.131433823529 0.0147058823529 0.00459558823529 0.0386029411765 0.0238970588235 0.00367647058824 0.046875 0.0854779411765 0.0349264705882 0.0340073529412 0.0744485294118 0.0707720588235 0.00919117647059 0.00275735294118 0.00735294117647 0.293198529412
18 0.0330882352941 0.0101102941176 0.0349264705882 0.0248161764706 0.00919117647059 0.221507352941 0.0147058823529 0.0101102941176 0.0634191176471 0.0202205882353 0.00827205882353 0.0422794117647 0.0183823529412 0.0330882352941 0.0606617647059 0.046875 0.0340073529412 0.0110294117647 0.00643382352941 0.00827205882353 0.288602941176
19 0.0670955882353 0.0147058823529 0.0202205882353 0.0376838235294 0.0165441176471 0.0404411764706 0.0229779411765 0.0386029411765 0.0836397058824 0.0404411764706 0.00919117647059 0.0275735294118 0.0588235294118 0.0330882352941 0.0818014705882 0.0569852941176 0.0367647058824 0.0551470588235 0.00459558823529 0.0110294117647 0.242647058824
20 0.199448529412 0.0266544117647 0.00919117647059 0.0165441176471 0.015625 0.178308823529 0.00827205882353 0.0395220588235 0.0165441176471 0.0183823529412 0.0238970588235 0.0174632352941 0.00827205882353 0.00459558823529 0.0275735294118 0.0873161764706 0.0551470588235 0.0661764705882 0.00367647058824 0.0174632352941 0.159926470588
21 0.134191176471 0.0119485294118 0.00827205882353 0.0119485294118 0.00551470588235 0.470588235294 0.00459558823529 0.00827205882353 0.0193014705882 0.00643382352941 0.00367647058824 0.015625 0.00459558823529 0.00919117647059 0.0303308823529 0.0744485294118 0.0266544117647 0.0183823529412 0.00643382352941 0.00735294117647 0.122242647059
22 0.142463235294 0.0560661764706 0.00367647058824 0.00183823529412 0.0634191176471 0.0266544117647 0.00827205882353 0.110294117647 0.0147058823529 0.0606617647059 0.0211397058824 0.00275735294118 0.00367647058824 0.0101102941176 0.0110294117647 0.0487132352941 0.0303308823529 0.0818014705882 0.101102941176 0.0808823529412 0.120404411765
23 0.227022058824 0.00735294117647 0.00643382352941 0.00551470588235 0.00275735294118 0.488970588235 0.000919117647059 0.00735294117647 0.00459558823529 0.00551470588235 0.00367647058824 0.00275735294118 0.00735294117647 0.00735294117647 0.0220588235294 0.0523897058824 0.0110294117647 0.0229779411765 0.00183823529412 0.00183823529412 0.110294117647
24 0.128676470588 0.0340073529412 0.00275735294118 0.00183823529412 0.0772058823529 0.112132352941 0.0 0.101102941176 0.00183823529412 0.0367647058824 0.0165441176471 0.00183823529412 0.00551470588235 0.0 0.00827205882353 0.0330882352941 0.0101102941176 0.173713235294 0.078125 0.0680147058824 0.108455882353
25 0.105698529412 0.0174632352941 0.000919117647059 0.00643382352941 0.0477941176471 0.0119485294118 0.0101102941176 0.130514705882 0.0101102941176 0.0863970588235 0.0165441176471 0.00459558823529 0.0 0.00643382352941 0.00643382352941 0.0238970588235 0.0303308823529 0.28125 0.0238970588235 0.0670955882353 0.112132352941
26 0.0689338235294 0.0321691176471 0.00919117647059 0.00827205882353 0.0799632352941 0.0523897058824 0.0119485294118 0.178308823529 0.00735294117647 0.147058823529 0.0147058823529 0.00183823529412 0.00367647058824 0.00551470588235 0.0229779411765 0.03125 0.0165441176471 0.128676470588 0.03125 0.0376838235294 0.110294117647
27 0.0275735294118 0.0193014705882 0.0119485294118 0.0523897058824 0.0349264705882 0.0404411764706 0.0220588235294 0.0450367647059 0.0533088235294 0.0514705882353 0.0110294117647 0.0147058823529 0.0487132352941 0.0303308823529 0.180147058824 0.0431985294118 0.0422794117647 0.0928308823529 0.0147058823529 0.0551470588235 0.108455882353
28 0.0367647058824 0.015625 0.170036764706 0.0358455882353 0.0257352941176 0.046875 0.0349264705882 0.0303308823529 0.0349264705882 0.0330882352941 0.00183823529412 0.0909926470588 0.0395220588235 0.0294117647059 0.0422794117647 0.0818014705882 0.0386029411765 0.0238970588235 0.0147058823529 0.0505514705882 0.122242647059
29 0.0321691176471 0.00367647058824 0.0992647058824 0.0560661764706 0.0128676470588 0.174632352941 0.0303308823529 0.00919117647059 0.0358455882353 0.0238970588235 0.00643382352941 0.0965073529412 0.0643382352941 0.0330882352941 0.0395220588235 0.0643382352941 0.0477941176471 0.0165441176471 0.00367647058824 0.00735294117647 0.142463235294
30 0.03125 0.00551470588235 0.0680147058824 0.0670955882353 0.00735294117647 0.25 0.0284926470588 0.0128676470588 0.0505514705882 0.0202205882353 0.00827205882353 0.0625 0.0248161764706 0.0367647058824 0.0367647058824 0.0569852941176 0.03125 0.0183823529412 0.00551470588235 0.0119485294118 0.165441176471
31 0.0358455882353 0.0128676470588 0.0514705882353 0.0670955882353 0.0533088235294 0.0404411764706 0.0367647058824 0.0386029411765 0.0560661764706 0.0431985294118 0.0165441176471 0.0211397058824 0.0238970588235 0.0523897058824 0.0523897058824 0.0551470588235 0.0441176470588 0.0762867647059 0.0395220588235 0.0137867647059 0.169117647059
32 0.0349264705882 0.0147058823529 0.0238970588235 0.0680147058824 0.0303308823529 0.0238970588235 0.0202205882353 0.0983455882353 0.0404411764706 0.0735294117647 0.0119485294118 0.0284926470588 0.0634191176471 0.0358455882353 0.0551470588235 0.0376838235294 0.0321691176471 0.111213235294 0.0220588235294 0.0202205882353 0.153492647059
33 0.0523897058824 0.0147058823529 0.0183823529412 0.0459558823529 0.0367647058824 0.0505514705882 0.03125 0.0836397058824 0.0744485294118 0.106617647059 0.0174632352941 0.0248161764706 0.00919117647059 0.0358455882353 0.0698529411765 0.0349264705882 0.0404411764706 0.0477941176471 0.0248161764706 0.0422794117647 0.137867647059
34 0.0900735294118 0.0137867647059 0.0294117647059 0.0799632352941 0.0220588235294 0.0744485294118 0.0330882352941 0.03125 0.0431985294118 0.0505514705882 0.0147058823529 0.0707720588235 0.0202205882353 0.0496323529412 0.0533088235294 0.0753676470588 0.0533088235294 0.0395220588235 0.0119485294118 0.0128676470588 0.130514705882
35 0.0845588235294 0.0211397058824 0.0119485294118 0.0321691176471 0.118566176471 0.0367647058824 0.0284926470588 0.0790441176471 0.0330882352941 0.0919117647059 0.0220588235294 0.0147058823529 0.0110294117647 0.0238970588235 0.03125 0.046875 0.0404411764706 0.0606617647059 0.0358455882353 0.0542279411765 0.121323529412
36 0.116727941176 0.015625 0.0174632352941 0.0266544117647 0.0358455882353 0.0836397058824 0.0229779411765 0.0137867647059 0.0588235294118 0.0340073529412 0.00735294117647 0.0229779411765 0.0165441176471 0.0303308823529 0.0606617647059 0.193933823529 0.0413602941176 0.0294117647059 0.00735294117647 0.0505514705882 0.113970588235
37 0.0523897058824 0.0165441176471 0.0174632352941 0.0422794117647 0.0340073529412 0.159007352941 0.0137867647059 0.0330882352941 0.0643382352941 0.0744485294118 0.0101102941176 0.0229779411765 0.0542279411765 0.0257352941176 0.0818014705882 0.0597426470588 0.0321691176471 0.0496323529412 0.0137867647059 0.0229779411765 0.119485294118
38 0.046875 0.0211397058824 0.03125 0.0340073529412 0.0376838235294 0.0762867647059 0.0193014705882 0.0523897058824 0.0505514705882 0.0992647058824 0.0165441176471 0.0330882352941 0.0744485294118 0.0202205882353 0.0431985294118 0.0818014705882 0.0459558823529 0.0477941176471 0.00275735294118 0.0321691176471 0.133272058824
39 0.0404411764706 0.0248161764706 0.0404411764706 0.0726102941176 0.0422794117647 0.0542279411765 0.0229779411765 0.0597426470588 0.0422794117647 0.124080882353 0.0147058823529 0.0248161764706 0.0670955882353 0.0220588235294 0.0542279411765 0.0606617647059 0.0450367647059 0.0588235294118 0.00551470588235 0.0211397058824 0.102022058824
40 0.0524356617647 0.0129136029412 0.0551930147059 0.0588694852941 0.0312959558824 0.163648897059 0.0377297794118 0.0193474264706 0.0478400735294 0.0368106617647 0.00556066176471 0.0423253676471 0.0827665441176 0.0386488970588 0.0487591911765 0.0542738970588 0.0478400735294 0.0239430147059 0.00464154411765 0.0147518382353 0.120404411765
41 0.0597426470588 0.0330882352941 0.0514705882353 0.0588235294118 0.0238970588235 0.0523897058824 0.0404411764706 0.0523897058824 0.0551470588235 0.0514705882353 0.0128676470588 0.0597426470588 0.046875 0.0284926470588 0.0523897058824 0.0560661764706 0.0386029411765 0.0615808823529 0.00827205882353 0.0294117647059 0.126838235294
42 0.110294117647 0.0496323529412 0.0202205882353 0.0211397058824 0.0137867647059 0.0514705882353 0.0349264705882 0.0257352941176 0.0303308823529 0.0542279411765 0.0183823529412 0.03125 0.0505514705882 0.0670955882353 0.0321691176471 0.102941176471 0.109375 0.0441176470588 0.0137867647059 0.0238970588235 0.0946691176471
43 0.0165441176471 0.0110294117647 0.0946691176471 0.0220588235294 0.00643382352941 0.0229779411765 0.0202205882353 0.00919117647059 0.0137867647059 0.015625 0.00551470588235 0.0762867647059 0.0110294117647 0.0119485294118 0.0165441176471 0.274816176471 0.265625 0.00459558823529 0.00275735294118 0.00827205882353 0.0900735294118
44 0.119485294118 0.000919117647059 0.00459558823529 0.0193014705882 0.00551470588235 0.015625 0.0119485294118 0.102022058824 0.0119485294118 0.0183823529412 0.00183823529412 0.184742647059 0.0735294117647 0.015625 0.0202205882353 0.152573529412 0.0284926470588 0.114889705882 0.0 0.00827205882353 0.0900735294118
45 0.0340073529412 0.00551470588235 0.0248161764706 0.0238970588235 0.09375 0.0211397058824 0.0340073529412 0.0450367647059 0.0165441176471 0.111213235294 0.0128676470588 0.184742647059 0.0128676470588 0.0854779411765 0.0174632352941 0.0321691176471 0.0606617647059 0.0349264705882 0.00183823529412 0.0588235294118 0.0882352941176
46 0.0680147058824 0.00827205882353 0.0625 0.113970588235 0.0211397058824 0.0220588235294 0.0330882352941 0.0459558823529 0.0294117647059 0.0395220588235 0.0238970588235 0.015625 0.00643382352941 0.0845588235294 0.116727941176 0.0349264705882 0.0735294117647 0.0689338235294 0.0128676470588 0.0321691176471 0.0863970588235
47 0.522058823529 0.0257352941176 0.00275735294118 0.00643382352941 0.00551470588235 0.0863970588235 0.00367647058824 0.0137867647059 0.0137867647059 0.0551470588235 0.0358455882353 0.00275735294118 0.0101102941176 0.00367647058824 0.0165441176471 0.0477941176471 0.0367647058824 0.0376838235294 0.0 0.00367647058824 0.0698529411765
48 0.0119944852941 0.000965073529412 0.0165900735294 0.773023897059 0.000965073529412 0.0147518382353 0.00372242647059 0.00464154411765 0.0303768382353 0.00923713235294 0.00280330882353 0.00556066176471 0.00280330882353 0.0138327205882 0.00556066176471 0.00647977941176 0.0129136029412 0.0119944852941 0.000965073529412 0.00280330882353 0.0680147058824
49 0.110294117647 0.0202205882353 0.000919117647059 0.0128676470588 0.0395220588235 0.00827205882353 0.00183823529412 0.0983455882353 0.00367647058824 0.389705882353 0.0431985294118 0.000919117647059 0.00275735294118 0.00551470588235 0.00275735294118 0.0183823529412 0.0340073529412 0.0569852941176 0.0110294117647 0.0753676470588 0.0634191176471
50 0.0919117647059 0.0165441176471 0.00551470588235 0.0909926470588 0.0330882352941 0.0128676470588 0.0330882352941 0.0533088235294 0.0367647058824 0.165441176471 0.0597426470588 0.0110294117647 0.00183823529412 0.0523897058824 0.0597426470588 0.0358455882353 0.0431985294118 0.0606617647059 0.0229779411765 0.0569852941176 0.0560661764706
51 0.670036764706 0.0110294117647 0.00459558823529 0.00551470588235 0.00275735294118 0.134191176471 0.00183823529412 0.00275735294118 0.00183823529412 0.00275735294118 0.00367647058824 0.000919117647059 0.00459558823529 0.00367647058824 0.00183823529412 0.0441176470588 0.0238970588235 0.0238970588235 0.000919117647059 0.000919117647059 0.0542279411765
52 0.101102941176 0.0450367647059 0.00275735294118 0.00551470588235 0.0303308823529 0.00643382352941 0.00183823529412 0.294117647059 0.0 0.230698529412 0.0367647058824 0.00367647058824 0.00183823529412 0.00275735294118 0.00183823529412 0.00735294117647 0.0101102941176 0.162683823529 0.000919117647059 0.00367647058824 0.0505514705882
53 0.0670955882353 0.0147058823529 0.0119485294118 0.0303308823529 0.0275735294118 0.0147058823529 0.0220588235294 0.142463235294 0.0569852941176 0.242647058824 0.0193014705882 0.0202205882353 0.000919117647059 0.0220588235294 0.0716911764706 0.0238970588235 0.0340073529412 0.0615808823529 0.0137867647059 0.0514705882353 0.0505514705882
54 0.0919117647059 0.0110294117647 0.0330882352941 0.132352941176 0.0321691176471 0.0128676470588 0.0487132352941 0.0330882352941 0.0863970588235 0.116727941176 0.0459558823529 0.0321691176471 0.00275735294118 0.0496323529412 0.0707720588235 0.0275735294118 0.0303308823529 0.0229779411765 0.0321691176471 0.0386029411765 0.0487132352941
55 0.522977941176 0.0220588235294 0.00735294117647 0.00551470588235 0.00459558823529 0.225183823529 0.000919117647059 0.00827205882353 0.0 0.0257352941176 0.00275735294118 0.00367647058824 0.00275735294118 0.00275735294118 0.00367647058824 0.0386029411765 0.0229779411765 0.046875 0.00275735294118 0.000919117647059 0.0496323529412
56 0.0395220588235 0.0110294117647 0.000919117647059 0.00367647058824 0.0321691176471 0.0 0.00551470588235 0.144301470588 0.00459558823529 0.529411764706 0.0431985294118 0.0 0.00183823529412 0.00275735294118 0.00183823529412 0.00459558823529 0.0147058823529 0.106617647059 0.0 0.00551470588235 0.0477941176471
57 0.0275735294118 0.00919117647059 0.0496323529412 0.172794117647 0.00551470588235 0.015625 0.0238970588235 0.0193014705882 0.139705882353 0.0652573529412 0.0128676470588 0.0376838235294 0.00367647058824 0.107536764706 0.129595588235 0.0643382352941 0.0266544117647 0.0193014705882 0.00459558823529 0.0165441176471 0.0487132352941
58 0.0845588235294 0.0174632352941 0.0238970588235 0.0220588235294 0.046875 0.00643382352941 0.0505514705882 0.0827205882353 0.0431985294118 0.153492647059 0.03125 0.0165441176471 0.000919117647059 0.0404411764706 0.0670955882353 0.0588235294118 0.0450367647059 0.0487132352941 0.0542279411765 0.0533088235294 0.0523897058824
59 0.317141544118 0.04140625 0.00739889705882 0.00372242647059 0.05703125 0.0184283088235 0.0156709558824 0.100229779412 4.59558823529e-05 0.161810661765 0.0276194852941 0.00647977941176 0.00464154411765 0.00464154411765 0.0165900735294 0.0230238970588 0.0368106617647 0.08828125 0.00464154411765 0.00923713235294 0.0551470588235
60 0.0698529411765 0.0137867647059 0.0238970588235 0.046875 0.0183823529412 0.0266544117647 0.0248161764706 0.0689338235294 0.0873161764706 0.108455882353 0.0193014705882 0.0358455882353 0.0762867647059 0.0496323529412 0.0698529411765 0.0441176470588 0.0321691176471 0.0477941176471 0.0395220588235 0.0193014705882 0.0772058823529
61 0.0441176470588 0.0147058823529 0.0579044117647 0.0808823529412 0.0119485294118 0.171875 0.0266544117647 0.0147058823529 0.0716911764706 0.0294117647059 0.00551470588235 0.0772058823529 0.0551470588235 0.0404411764706 0.078125 0.0597426470588 0.0294117647059 0.0220588235294 0.00643382352941 0.0128676470588 0.0891544117647
62 0.0523897058824 0.0183823529412 0.0790441176471 0.0257352941176 0.0762867647059 0.0652573529412 0.0248161764706 0.0707720588235 0.03125 0.0790441176471 0.0128676470588 0.0496323529412 0.0625 0.0147058823529 0.0404411764706 0.046875 0.0395220588235 0.0625 0.0202205882353 0.0514705882353 0.0762867647059
63 0.0431985294118 0.0303308823529 0.0615808823529 0.0597426470588 0.0147058823529 0.0413602941176 0.0404411764706 0.0147058823529 0.102941176471 0.0321691176471 0.0147058823529 0.0431985294118 0.0248161764706 0.0707720588235 0.120404411765 0.0854779411765 0.0882352941176 0.03125 0.00275735294118 0.00643382352941 0.0707720588235
64 0.03125 0.0147058823529 0.0542279411765 0.0726102941176 0.00735294117647 0.0266544117647 0.0625 0.0174632352941 0.127757352941 0.0101102941176 0.00643382352941 0.0863970588235 0.0900735294118 0.0386029411765 0.122242647059 0.0891544117647 0.0551470588235 0.0284926470588 0.00551470588235 0.00919117647059 0.0441176470588
65 0.0542279411765 0.00919117647059 0.00551470588235 0.00367647058824 0.0395220588235 0.0119485294118 0.00367647058824 0.224264705882 0.00459558823529 0.217830882353 0.0174632352941 0.00183823529412 0.00367647058824 0.00367647058824 0.00735294117647 0.00919117647059 0.0229779411765 0.287683823529 0.00735294117647 0.0211397058824 0.0431985294118
66 0.0431985294118 0.0202205882353 0.0220588235294 0.0680147058824 0.0238970588235 0.00183823529412 0.0514705882353 0.146139705882 0.03125 0.0909926470588 0.0147058823529 0.0441176470588 0.00827205882353 0.0284926470588 0.0349264705882 0.0248161764706 0.110294117647 0.152573529412 0.0220588235294 0.0202205882353 0.0404411764706
67 0.0128676470588 0.0229779411765 0.00183823529412 0.00275735294118 0.0753676470588 0.00183823529412 0.00275735294118 0.446691176471 0.00367647058824 0.142463235294 0.0147058823529 0.00183823529412 0.00367647058824 0.00183823529412 0.00459558823529 0.00919117647059 0.00551470588235 0.201286764706 0.000919117647059 0.00551470588235 0.0376838235294
68 0.0450367647059 0.0321691176471 0.00827205882353 0.150735294118 0.149816176471 0.0110294117647 0.0422794117647 0.0413602941176 0.0358455882353 0.0863970588235 0.0147058823529 0.0165441176471 0.00275735294118 0.0193014705882 0.0606617647059 0.00827205882353 0.00459558823529 0.0652573529412 0.0147058823529 0.150735294118 0.0395220588235
69 0.0266544117647 0.0358455882353 0.000919117647059 0.00459558823529 0.00643382352941 0.0661764705882 0.0128676470588 0.03125 0.00551470588235 0.0321691176471 0.0220588235294 0.0101102941176 0.00275735294118 0.00275735294118 0.00551470588235 0.272058823529 0.372242647059 0.0358455882353 0.00459558823529 0.0110294117647 0.0386029411765
70 0.0119485294118 0.00183823529412 0.772977941176 0.0183823529412 0.000919117647059 0.00735294117647 0.0119485294118 0.00367647058824 0.00827205882353 0.00367647058824 0.00275735294118 0.0330882352941 0.00551470588235 0.000919117647059 0.0147058823529 0.0330882352941 0.015625 0.00459558823529 0.0 0.00551470588235 0.0431985294118
71 0.03125 0.111213235294 0.0147058823529 0.0101102941176 0.0119485294118 0.00459558823529 0.0119485294118 0.00275735294118 0.00183823529412 0.0165441176471 0.00275735294118 0.124080882353 0.00643382352941 0.00367647058824 0.00459558823529 0.542279411765 0.00735294117647 0.00643382352941 0.0 0.0183823529412 0.0670955882353
72 0.0560661764706 0.00735294117647 0.0294117647059 0.0818014705882 0.00919117647059 0.00919117647059 0.00643382352941 0.0248161764706 0.143382352941 0.113051470588 0.03125 0.0229779411765 0.0110294117647 0.177389705882 0.0753676470588 0.0569852941176 0.046875 0.015625 0.00459558823529 0.00735294117647 0.0698529411765
73 0.115808823529 0.000919117647059 0.0330882352941 0.0376838235294 0.0413602941176 0.03125 0.015625 0.0294117647059 0.0165441176471 0.0891544117647 0.0128676470588 0.0487132352941 0.0266544117647 0.0294117647059 0.0202205882353 0.122242647059 0.0560661764706 0.0431985294118 0.0128676470588 0.144301470588 0.0726102941176
74 0.235294117647 0.0174632352941 0.00275735294118 0.00367647058824 0.0110294117647 0.00919117647059 0.0 0.0845588235294 0.0 0.176470588235 0.0183823529412 0.00827205882353 0.000919117647059 0.0 0.00275735294118 0.0496323529412 0.0376838235294 0.262867647059 0.000919117647059 0.00275735294118 0.0753676470588
75 0.0625 0.0238970588235 0.00367647058824 0.00827205882353 0.0294117647059 0.00827205882353 0.00367647058824 0.244485294118 0.0147058823529 0.177389705882 0.0266544117647 0.00735294117647 0.00275735294118 0.0137867647059 0.0119485294118 0.0220588235294 0.0229779411765 0.236213235294 0.00275735294118 0.0266544117647 0.0505514705882
76 0.0569852941176 0.00551470588235 0.105698529412 0.0744485294118 0.00827205882353 0.0496323529412 0.0284926470588 0.0147058823529 0.113970588235 0.0248161764706 0.0183823529412 0.115808823529 0.00643382352941 0.0965073529412 0.0799632352941 0.0772058823529 0.0367647058824 0.0110294117647 0.00367647058824 0.0183823529412 0.0533088235294
77 0.159926470588 0.0487132352941 0.0183823529412 0.0183823529412 0.0193014705882 0.0799632352941 0.0275735294118 0.0505514705882 0.0257352941176 0.0854779411765 0.0386029411765 0.0284926470588 0.00275735294118 0.0744485294118 0.0275735294118 0.0882352941176 0.0505514705882 0.0431985294118 0.0174632352941 0.0202205882353 0.0744485294118
78 0.0459558823529 0.0147058823529 0.000919117647059 0.00459558823529 0.0625 0.00459558823529 0.00551470588235 0.224264705882 0.00183823529412 0.3125 0.0459558823529 0.00367647058824 0.00827205882353 0.00275735294118 0.00643382352941 0.0137867647059 0.0147058823529 0.126838235294 0.00919117647059 0.0174632352941 0.0735294117647
79 0.0579044117647 0.0147058823529 0.0321691176471 0.0487132352941 0.0128676470588 0.0294117647059 0.0294117647059 0.0119485294118 0.0790441176471 0.0487132352941 0.00919117647059 0.135110294118 0.0119485294118 0.0854779411765 0.0670955882353 0.0891544117647 0.113051470588 0.0202205882353 0.00367647058824 0.0119485294118 0.0882352941176
80 0.0349264705882 0.00827205882353 0.0514705882353 0.0523897058824 0.00827205882353 0.108455882353 0.0294117647059 0.0101102941176 0.113051470588 0.0147058823529 0.00643382352941 0.100183823529 0.00459558823529 0.0321691176471 0.0753676470588 0.102941176471 0.0376838235294 0.0137867647059 0.0 0.0128676470588 0.182904411765
81 0.015625 0.00735294117647 0.0202205882353 0.00919117647059 0.0183823529412 0.0257352941176 0.0174632352941 0.0110294117647 0.0220588235294 0.0275735294118 0.00367647058824 0.0193014705882 0.0211397058824 0.0128676470588 0.0431985294118 0.0183823529412 0.0101102941176 0.0110294117647 0.114889705882 0.0266544117647 0.544117647059
82 0.0330882352941 0.0119485294118 0.0101102941176 0.00919117647059 0.0110294117647 0.0137867647059 0.00459558823529 0.0569852941176 0.0147058823529 0.103860294118 0.0238970588235 0.00275735294118 0.0147058823529 0.00827205882353 0.0229779411765 0.0193014705882 0.0128676470588 0.0257352941176 0.000919117647059 0.0174632352941 0.581801470588
83 0.0202205882353 0.00367647058824 0.0303308823529 0.0441176470588 0.00827205882353 0.015625 0.0174632352941 0.00735294117647 0.0330882352941 0.0174632352941 0.00367647058824 0.0238970588235 0.0533088235294 0.0193014705882 0.0202205882353 0.0340073529412 0.0229779411765 0.0174632352941 0.00827205882353 0.0110294117647 0.588235294118
84 0.0165441176471 0.00183823529412 0.0110294117647 0.0349264705882 0.00367647058824 0.0615808823529 0.00827205882353 0.0137867647059 0.0615808823529 0.015625 0.00367647058824 0.0321691176471 0.0165441176471 0.0137867647059 0.0349264705882 0.0266544117647 0.0229779411765 0.0183823529412 0.00275735294118 0.00643382352941 0.592830882353
85 0.00459558823529 0.00551470588235 0.00643382352941 0.00643382352941 0.00919117647059 0.00551470588235 0.0101102941176 0.0119485294118 0.00643382352941 0.0119485294118 0.00275735294118 0.0101102941176 0.0119485294118 0.00551470588235 0.0119485294118 0.00919117647059 0.00551470588235 0.00827205882353 0.190257352941 0.0137867647059 0.652573529412
86 0.0303308823529 0.00551470588235 0.0128676470588 0.0459558823529 0.00735294117647 0.00367647058824 0.0101102941176 0.0101102941176 0.0625 0.0165441176471 0.00827205882353 0.00827205882353 0.00459558823529 0.0229779411765 0.0349264705882 0.0193014705882 0.0110294117647 0.0119485294118 0.0 0.00183823529412 0.671875
87 0.0321691176471 0.000919117647059 0.0321691176471 0.0193014705882 0.00367647058824 0.00551470588235 0.00827205882353 0.0119485294118 0.046875 0.0165441176471 0.00827205882353 0.0128676470588 0.0147058823529 0.0229779411765 0.0514705882353 0.0183823529412 0.0174632352941 0.00367647058824 0.00275735294118 0.00459558823529 0.665441176471
88 0.0183823529412 0.000919117647059 0.0101102941176 0.0147058823529 0.00275735294118 0.0211397058824 0.00643382352941 0.00827205882353 0.0330882352941 0.00827205882353 0.0 0.09375 0.00735294117647 0.0147058823529 0.0533088235294 0.0220588235294 0.0128676470588 0.00735294117647 0.00367647058824 0.00367647058824 0.657169117647
89 0.0211397058824 0.00459558823529 0.0542279411765 0.0450367647059 0.00459558823529 0.182904411765 0.0101102941176 0.00919117647059 0.0275735294118 0.0101102941176 0.00459558823529 0.0487132352941 0.0386029411765 0.0183823529412 0.0349264705882 0.0358455882353 0.0202205882353 0.0128676470588 0.00183823529412 0.00459558823529 0.409926470588
90 0.0211397058824 0.00459558823529 0.00643382352941 0.00919117647059 0.0634191176471 0.0101102941176 0.00551470588235 0.0110294117647 0.0147058823529 0.0229779411765 0.00919117647059 0.00735294117647 0.0257352941176 0.00827205882353 0.0193014705882 0.0257352941176 0.0183823529412 0.00643382352941 0.220588235294 0.0569852941176 0.432904411765
91 0.0294117647059 0.00643382352941 0.0193014705882 0.0395220588235 0.00459558823529 0.0266544117647 0.0101102941176 0.0441176470588 0.102022058824 0.0579044117647 0.0202205882353 0.0147058823529 0.03125 0.0413602941176 0.101102941176 0.03125 0.0450367647059 0.0413602941176 0.000919117647059 0.00643382352941 0.326286764706
92 0.0376838235294 0.015625 0.0220588235294 0.0202205882353 0.00459558823529 0.0229779411765 0.00551470588235 0.0183823529412 0.0661764705882 0.0128676470588 0.00827205882353 0.0523897058824 0.0275735294118 0.0220588235294 0.0431985294118 0.0413602941176 0.0900735294118 0.0183823529412 0.00183823529412 0.00459558823529 0.464154411765
93 0.0707720588235 0.00459558823529 0.0119485294118 0.0119485294118 0.00643382352941 0.0321691176471 0.0101102941176 0.0147058823529 0.0523897058824 0.0294117647059 0.00827205882353 0.03125 0.0330882352941 0.0284926470588 0.0505514705882 0.101102941176 0.0275735294118 0.0137867647059 0.0 0.0101102941176 0.451286764706
94 0.0248161764706 0.00367647058824 0.0726102941176 0.0275735294118 0.00367647058824 0.0358455882353 0.0137867647059 0.00459558823529 0.0450367647059 0.0202205882353 0.00183823529412 0.0422794117647 0.0248161764706 0.0257352941176 0.0514705882353 0.0891544117647 0.0386029411765 0.0128676470588 0.00183823529412 0.00459558823529 0.454963235294
95 0.0248161764706 0.0110294117647 0.0174632352941 0.03125 0.0101102941176 0.182904411765 0.0110294117647 0.015625 0.0340073529412 0.0211397058824 0.00367647058824 0.0349264705882 0.0220588235294 0.0193014705882 0.0275735294118 0.0367647058824 0.0183823529412 0.0137867647059 0.000919117647059 0.00735294117647 0.455882352941
96 0.0294117647059 0.00367647058824 0.0183823529412 0.0606617647059 0.00551470588235 0.0487132352941 0.0183823529412 0.0165441176471 0.0818014705882 0.0174632352941 0.00275735294118 0.0358455882353 0.015625 0.0560661764706 0.0487132352941 0.0597426470588 0.0413602941176 0.0257352941176 0.00367647058824 0.0110294117647 0.398897058824
97 0.0284926470588 0.00643382352941 0.0487132352941 0.0450367647059 0.0174632352941 0.0487132352941 0.0266544117647 0.0284926470588 0.0330882352941 0.0533088235294 0.0128676470588 0.0211397058824 0.138786764706 0.0211397058824 0.0386029411765 0.0551470588235 0.0294117647059 0.0321691176471 0.00275735294118 0.0349264705882 0.276654411765
98 0.0459558823529 0.0174632352941 0.0147058823529 0.0229779411765 0.0137867647059 0.0202205882353 0.0349264705882 0.103860294118 0.0266544117647 0.0882352941176 0.00275735294118 0.00919117647059 0.0349264705882 0.0147058823529 0.0294117647059 0.0459558823529 0.0523897058824 0.159007352941 0.0147058823529 0.0128676470588 0.235294117647
99 0.0900735294118 0.00459558823529 0.0211397058824 0.0514705882353 0.00551470588235 0.0257352941176 0.0174632352941 0.0330882352941 0.109375 0.0533088235294 0.00735294117647 0.0229779411765 0.0661764705882 0.0340073529412 0.0698529411765 0.0643382352941 0.0386029411765 0.046875 0.00459558823529 0.0147058823529 0.21875
100 0.0303308823529 0.0101102941176 0.0386029411765 0.0358455882353 0.0358455882353 0.0294117647059 0.0661764705882 0.0431985294118 0.0110294117647 0.0707720588235 0.0183823529412 0.194852941176 0.00643382352941 0.0110294117647 0.0183823529412 0.0634191176471 0.0340073529412 0.0248161764706 0.00735294117647 0.0597426470588 0.190257352941
101 0.0909926470588 0.00827205882353 0.0183823529412 0.0257352941176 0.0174632352941 0.0395220588235 0.0340073529412 0.0330882352941 0.0670955882353 0.0643382352941 0.00827205882353 0.0349264705882 0.046875 0.0689338235294 0.101102941176 0.0569852941176 0.0340073529412 0.0349264705882 0.00919117647059 0.0229779411765 0.182904411765
102 0.0634191176471 0.00643382352941 0.136948529412 0.129595588235 0.0128676470588 0.0376838235294 0.0284926470588 0.0275735294118 0.0542279411765 0.0376838235294 0.0183823529412 0.0579044117647 0.0579044117647 0.0422794117647 0.0634191176471 0.0689338235294 0.0404411764706 0.0257352941176 0.00643382352941 0.015625 0.0680147058824
103 0.0386029411765 0.0119485294118 0.00919117647059 0.0404411764706 0.0514705882353 0.00551470588235 0.0119485294118 0.172794117647 0.0193014705882 0.314338235294 0.0193014705882 0.00735294117647 0.0110294117647 0.0284926470588 0.0211397058824 0.0147058823529 0.0266544117647 0.0597426470588 0.0119485294118 0.0533088235294 0.0707720588235
104 0.0450367647059 0.0147058823529 0.00367647058824 0.00919117647059 0.0689338235294 0.00459558823529 0.0183823529412 0.131433823529 0.0229779411765 0.160845588235 0.0321691176471 0.00643382352941 0.00275735294118 0.015625 0.0358455882353 0.0238970588235 0.0248161764706 0.116727941176 0.136029411765 0.0551470588235 0.0707720588235
105 0.0625 0.0110294117647 0.0597426470588 0.108455882353 0.0128676470588 0.0137867647059 0.0294117647059 0.0211397058824 0.117647058824 0.0523897058824 0.0211397058824 0.046875 0.0110294117647 0.118566176471 0.130514705882 0.0514705882353 0.03125 0.0193014705882 0.00275735294118 0.0128676470588 0.0652573529412
106 0.0919117647059 0.0101102941176 0.0836397058824 0.140625 0.0193014705882 0.00919117647059 0.0229779411765 0.0395220588235 0.0863970588235 0.0698529411765 0.0137867647059 0.0330882352941 0.00827205882353 0.0643382352941 0.0891544117647 0.0625 0.0340073529412 0.0229779411765 0.0101102941176 0.0183823529412 0.0698529411765
107 0.0716911764706 0.0386029411765 0.00275735294118 0.00275735294118 0.0422794117647 0.00367647058824 0.00275735294118 0.309742647059 0.00183823529412 0.232536764706 0.0303308823529 0.0101102941176 0.00275735294118 0.00551470588235 0.0174632352941 0.0165441176471 0.03125 0.0873161764706 0.00919117647059 0.0211397058824 0.0597426470588
108 0.0514705882353 0.0128676470588 0.0652573529412 0.0505514705882 0.0248161764706 0.0119485294118 0.0496323529412 0.0625 0.0891544117647 0.0992647058824 0.0238970588235 0.0275735294118 0.00735294117647 0.0606617647059 0.106617647059 0.0450367647059 0.0220588235294 0.0542279411765 0.0340073529412 0.0303308823529 0.0707720588235
109 0.0983455882353 0.0147058823529 0.0863970588235 0.133272058824 0.0183823529412 0.0294117647059 0.0303308823529 0.0211397058824 0.0882352941176 0.0413602941176 0.0101102941176 0.0487132352941 0.00827205882353 0.0542279411765 0.0891544117647 0.0689338235294 0.0487132352941 0.0193014705882 0.00551470588235 0.0137867647059 0.0716911764706
110 0.0698529411765 0.0229779411765 0.0119485294118 0.0376838235294 0.0441176470588 0.0128676470588 0.0147058823529 0.0818014705882 0.0303308823529 0.320772058824 0.0358455882353 0.0174632352941 0.00367647058824 0.0321691176471 0.0459558823529 0.0238970588235 0.0330882352941 0.0459558823529 0.0202205882353 0.0238970588235 0.0707720588235
111 0.0698529411765 0.0321691176471 0.0110294117647 0.0294117647059 0.0303308823529 0.0147058823529 0.0137867647059 0.104779411765 0.046875 0.247242647059 0.0560661764706 0.015625 0.00735294117647 0.0275735294118 0.0441176470588 0.0542279411765 0.0257352941176 0.0588235294118 0.00919117647059 0.0211397058824 0.0799632352941
112 0.0634191176471 0.0110294117647 0.0670955882353 0.09375 0.00735294117647 0.0349264705882 0.0257352941176 0.0193014705882 0.108455882353 0.0431985294118 0.0174632352941 0.0551470588235 0.0238970588235 0.0689338235294 0.129595588235 0.0808823529412 0.0303308823529 0.0211397058824 0.00367647058824 0.0137867647059 0.0808823529412
113 0.0441176470588 0.0119485294118 0.0496323529412 0.0955882352941 0.0110294117647 0.0753676470588 0.0303308823529 0.0174632352941 0.0974264705882 0.0514705882353 0.015625 0.0542279411765 0.0211397058824 0.0735294117647 0.0974264705882 0.0790441176471 0.0441176470588 0.0174632352941 0.00459558823529 0.0165441176471 0.0919117647059
114 0.0276194852941 0.0147518382353 0.0202665441176 0.0230238970588 0.131479779412 0.0404871323529 0.0579503676471 0.0680606617647 0.0432444852941 0.118612132353 0.0230238970588 0.0368106617647 0.0165900735294 0.0138327205882 0.0910386029412 0.0221047794118 0.0267003676471 0.0542738970588 0.0285386029412 0.0267003676471 0.114889705882
115 0.0266544117647 0.0119485294118 0.0716911764706 0.09375 0.0119485294118 0.0459558823529 0.0303308823529 0.0183823529412 0.0827205882353 0.0367647058824 0.00551470588235 0.0882352941176 0.0505514705882 0.0477941176471 0.0808823529412 0.0992647058824 0.0652573529412 0.0284926470588 0.00459558823529 0.0165441176471 0.0827205882353
116 0.0183823529412 0.0441176470588 0.00643382352941 0.00643382352941 0.0615808823529 0.00367647058824 0.0137867647059 0.193014705882 0.0137867647059 0.114889705882 0.0101102941176 0.00367647058824 0.0128676470588 0.00275735294118 0.0128676470588 0.0183823529412 0.0514705882353 0.292279411765 0.0229779411765 0.0220588235294 0.0744485294118
117 0.03125 0.0119485294118 0.0413602941176 0.0946691176471 0.0275735294118 0.0137867647059 0.046875 0.0367647058824 0.0873161764706 0.0404411764706 0.00643382352941 0.0376838235294 0.00183823529412 0.0523897058824 0.0882352941176 0.113051470588 0.113970588235 0.0487132352941 0.00643382352941 0.0238970588235 0.0753676470588
118 0.0174632352941 0.00827205882353 0.00275735294118 0.00459558823529 0.237132352941 0.00919117647059 0.00183823529412 0.168198529412 0.00275735294118 0.202205882353 0.0202205882353 0.00275735294118 0.00919117647059 0.00183823529412 0.00459558823529 0.00643382352941 0.0119485294118 0.142463235294 0.0422794117647 0.0229779411765 0.0808823529412
119 0.0450367647059 0.0211397058824 0.00919117647059 0.0762867647059 0.0238970588235 0.0211397058824 0.0551470588235 0.0533088235294 0.0845588235294 0.0395220588235 0.0183823529412 0.0321691176471 0.00459558823529 0.0753676470588 0.107536764706 0.0569852941176 0.0523897058824 0.0882352941176 0.0174632352941 0.0294117647059 0.0882352941176
120 0.0101102941176 0.00275735294118 0.00551470588235 0.00735294117647 0.0597426470588 0.00643382352941 0.165441176471 0.0128676470588 0.0983455882353 0.0257352941176 0.00275735294118 0.00643382352941 0.000919117647059 0.00827205882353 0.0183823529412 0.0101102941176 0.00827205882353 0.0119485294118 0.318933823529 0.0606617647059 0.159007352941
