POS A C D E F G H I K L M N P Q R S T V W Y -
1 0.00235849056604 0.000589622641509 0.00117924528302 0.00176886792453 0.00471698113208 0.00235849056604 0.00294811320755 0.00353773584906 0.00294811320755 0.00589622641509 0.00117924528302 0.000589622641509 0.00176886792453 0.00117924528302 0.00235849056604 0.0 0.00176886792453 0.00353773584906 0.0165094339623 0.00412735849057 0.938679245283
2 0.00530660377358 0.0 0.00825471698113 0.0147405660377 0.00235849056604 0.030070754717 0.00471698113208 0.00235849056604 0.00412735849057 0.00707547169811 0.0 0.00530660377358 0.00353773584906 0.00471698113208 0.00353773584906 0.00589622641509 0.00235849056604 0.00412735849057 0.000589622641509 0.00235849056604 0.888561320755
3 0.0106132075472 0.00117924528302 0.0159198113208 0.0123820754717 0.00353773584906 0.00707547169811 0.00294811320755 0.00412735849057 0.0106132075472 0.00884433962264 0.00294811320755 0.03125 0.00825471698113 0.0064858490566 0.00943396226415 0.028891509434 0.0689858490566 0.00412735849057 0.000589622641509 0.00294811320755 0.758844339623
4 0.0902122641509 0.0141509433962 0.0176886792453 0.0253537735849 0.00294811320755 0.00589622641509 0.00294811320755 0.0117924528302 0.0112028301887 0.0459905660377 0.0064858490566 0.0064858490566 0.139150943396 0.0106132075472 0.0153301886792 0.0241745283019 0.0165094339623 0.0182783018868 0.00176886792453 0.00294811320755 0.530070754717
5 0.0206367924528 0.00294811320755 0.00471698113208 0.00294811320755 0.0448113207547 0.00176886792453 0.00294811320755 0.0731132075472 0.00176886792453 0.377358490566 0.0212264150943 0.00117924528302 0.0064858490566 0.00117924528302 0.00176886792453 0.00530660377358 0.0064858490566 0.0430424528302 0.00530660377358 0.00589622641509 0.369103773585
6 0.0347877358491 0.0141509433962 0.0153301886792 0.0200471698113 0.0430424528302 0.0112028301887 0.146226415094 0.0430424528302 0.0135613207547 0.064858490566 0.0395047169811 0.0117924528302 0.00766509433962 0.0259433962264 0.0147405660377 0.0365566037736 0.0229952830189 0.0265330188679 0.0106132075472 0.0436320754717 0.353773584906
7 0.0448113207547 0.0200471698113 0.0235849056604 0.0377358490566 0.033608490566 0.0135613207547 0.0241745283019 0.0436320754717 0.033608490566 0.0854952830189 0.0212264150943 0.0170990566038 0.00235849056604 0.0241745283019 0.0353773584906 0.033608490566 0.0283018867925 0.0465801886792 0.0371462264151 0.0507075471698 0.343160377358
8 0.512382075472 0.0159198113208 0.00766509433962 0.00707547169811 0.0112028301887 0.0147405660377 0.00294811320755 0.0165094339623 0.00884433962264 0.0283018867925 0.00707547169811 0.00412735849057 0.00707547169811 0.00412735849057 0.0100235849057 0.0442216981132 0.0200471698113 0.030070754717 0.00235849056604 0.0106132075472 0.234669811321
9 0.231721698113 0.0683962264151 0.00707547169811 0.00530660377358 0.0106132075472 0.0106132075472 0.00176886792453 0.115566037736 0.00825471698113 0.0454009433962 0.00943396226415 0.0100235849057 0.00589622641509 0.00412735849057 0.00825471698113 0.0518867924528 0.0359669811321 0.137971698113 0.00117924528302 0.00294811320755 0.227594339623
10 0.0778301886792 0.0182783018868 0.0218160377358 0.0766509433962 0.0206367924528 0.0259433962264 0.0147405660377 0.0347877358491 0.0742924528302 0.0619103773585 0.0218160377358 0.0194575471698 0.00825471698113 0.0642688679245 0.0784198113208 0.0672169811321 0.0253537735849 0.0318396226415 0.00825471698113 0.030070754717 0.218160377358
11 0.0495283018868 0.0141509433962 0.028891509434 0.0536556603774 0.0371462264151 0.0389150943396 0.0330188679245 0.0176886792453 0.0619103773585 0.0495283018868 0.0141509433962 0.0748820754717 0.00943396226415 0.0365566037736 0.0760613207547 0.0919811320755 0.0359669811321 0.0194575471698 0.00766509433962 0.0389150943396 0.210495283019
12 0.0294811320755 0.0212264150943 0.0583726415094 0.032429245283 0.00884433962264 0.354363207547 0.0141509433962 0.00294811320755 0.0400943396226 0.0165094339623 0.00766509433962 0.0837264150943 0.00884433962264 0.0182783018868 0.0424528301887 0.0353773584906 0.0129716981132 0.00884433962264 0.00117924528302 0.00471698113208 0.197523584906
13 0.0229952830189 0.0153301886792 0.147405660377 0.030070754717 0.0147405660377 0.0229952830189 0.0966981132075 0.0100235849057 0.0418632075472 0.0418632075472 0.00707547169811 0.13266509434 0.00884433962264 0.0371462264151 0.0583726415094 0.0666273584906 0.0159198113208 0.00884433962264 0.0064858490566 0.0253537735849 0.188679245283
14 0.0477594339623 0.00412735849057 0.032429245283 0.0536556603774 0.028891509434 0.0159198113208 0.0165094339623 0.0760613207547 0.0418632075472 0.140919811321 0.0218160377358 0.0229952830189 0.0459905660377 0.0141509433962 0.0224056603774 0.0442216981132 0.0583726415094 0.0854952830189 0.0129716981132 0.0283018867925 0.185141509434
15 0.0654481132075 0.00412735849057 0.143867924528 0.178066037736 0.00589622641509 0.032429245283 0.0188679245283 0.0123820754717 0.0642688679245 0.0218160377358 0.00294811320755 0.0424528301887 0.0377358490566 0.0318396226415 0.0471698113208 0.0589622641509 0.028891509434 0.0170990566038 0.00471698113208 0.00766509433962 0.173349056604
16 0.0849056603774 0.0241745283019 0.0165094339623 0.0294811320755 0.0277122641509 0.0218160377358 0.00589622641509 0.14858490566 0.0241745283019 0.11733490566 0.0619103773585 0.0159198113208 0.0106132075472 0.0147405660377 0.0141509433962 0.028891509434 0.0560141509434 0.104952830189 0.00353773584906 0.0112028301887 0.177476415094
17 0.0849056603774 0.0218160377358 0.00471698113208 0.00766509433962 0.0353773584906 0.00884433962264 0.00176886792453 0.123820754717 0.0100235849057 0.165094339623 0.0212264150943 0.00825471698113 0.00589622641509 0.00471698113208 0.00589622641509 0.0188679245283 0.030070754717 0.264150943396 0.00353773584906 0.00412735849057 0.169221698113
18 0.0430424528302 0.0064858490566 0.0454009433962 0.11320754717 0.00766509433962 0.0129716981132 0.0200471698113 0.0182783018868 0.157429245283 0.0412735849057 0.0100235849057 0.0424528301887 0.00707547169811 0.0819575471698 0.119693396226 0.0359669811321 0.0341981132075 0.0224056603774 0.00766509433962 0.00825471698113 0.164504716981
19 0.0666273584906 0.00825471698113 0.0176886792453 0.0619103773585 0.0489386792453 0.0117924528302 0.0147405660377 0.0542452830189 0.0471698113208 0.164504716981 0.0235849056604 0.0188679245283 0.0117924528302 0.028891509434 0.0406839622642 0.0377358490566 0.0318396226415 0.0560141509434 0.0224056603774 0.0713443396226 0.160966981132
20 0.0353773584906 0.0123820754717 0.00353773584906 0.00943396226415 0.0518867924528 0.00294811320755 0.00471698113208 0.0837264150943 0.0106132075472 0.495872641509 0.03125 0.00530660377358 0.00235849056604 0.00707547169811 0.00530660377358 0.0129716981132 0.00825471698113 0.0448113207547 0.00176886792453 0.0165094339623 0.153891509434
21 0.0253537735849 0.0100235849057 0.0117924528302 0.0117924528302 0.0283018867925 0.0064858490566 0.0100235849057 0.141509433962 0.0165094339623 0.379716981132 0.0224056603774 0.00766509433962 0.0064858490566 0.00589622641509 0.0147405660377 0.0194575471698 0.0165094339623 0.091391509434 0.00294811320755 0.0188679245283 0.152122641509
22 0.0731132075472 0.00294811320755 0.100235849057 0.135613207547 0.0141509433962 0.0294811320755 0.0176886792453 0.0117924528302 0.0884433962264 0.0359669811321 0.00707547169811 0.0560141509434 0.0129716981132 0.0548349056604 0.0607311320755 0.0878537735849 0.0353773584906 0.0112028301887 0.000589622641509 0.0064858490566 0.157429245283
23 0.0819575471698 0.0165094339623 0.032429245283 0.0495283018868 0.0235849056604 0.0218160377358 0.0731132075472 0.0159198113208 0.0872641509434 0.0589622641509 0.00766509433962 0.0784198113208 0.0141509433962 0.0483490566038 0.0701650943396 0.0737028301887 0.0218160377358 0.0159198113208 0.00707547169811 0.0383254716981 0.163325471698
24 0.0271521226415 0.00887382075472 0.0648879716981 0.0407134433962 0.00828419811321 0.338472877358 0.0206662735849 0.0135908018868 0.0519162735849 0.0283313679245 0.00592570754717 0.0572228773585 0.0359964622642 0.0153596698113 0.0359964622642 0.0407134433962 0.0130011792453 0.0106426886792 0.00238797169811 0.0118219339623 0.16804245283
25 0.231721698113 0.030070754717 0.03125 0.0294811320755 0.0147405660377 0.0383254716981 0.0129716981132 0.0495283018868 0.0271226415094 0.0571933962264 0.00766509433962 0.0182783018868 0.0465801886792 0.0153301886792 0.0176886792453 0.0495283018868 0.0330188679245 0.0955188679245 0.00471698113208 0.0188679245283 0.170400943396
26 0.0318396226415 0.00766509433962 0.239976415094 0.0536556603774 0.0117924528302 0.0218160377358 0.0194575471698 0.0200471698113 0.0389150943396 0.0436320754717 0.00766509433962 0.123820754717 0.0400943396226 0.0188679245283 0.0241745283019 0.0748820754717 0.0271226415094 0.0188679245283 0.00353773584906 0.0147405660377 0.157429245283
27 0.0518867924528 0.00825471698113 0.0218160377358 0.0194575471698 0.030070754717 0.0141509433962 0.00825471698113 0.142099056604 0.0194575471698 0.14445754717 0.0129716981132 0.0135613207547 0.106721698113 0.0123820754717 0.0147405660377 0.0253537735849 0.030070754717 0.158018867925 0.00766509433962 0.0129716981132 0.145636792453
28 0.0283018867925 0.00943396226415 0.115566037736 0.0560141509434 0.0188679245283 0.0253537735849 0.0235849056604 0.0170990566038 0.0383254716981 0.0400943396226 0.00825471698113 0.251179245283 0.0188679245283 0.0253537735849 0.0353773584906 0.060141509434 0.0436320754717 0.0182783018868 0.00589622641509 0.0170990566038 0.143278301887
29 0.122641509434 0.0194575471698 0.0436320754717 0.0548349056604 0.030070754717 0.0259433962264 0.0147405660377 0.0737028301887 0.0471698113208 0.0660377358491 0.0176886792453 0.0206367924528 0.0235849056604 0.0430424528302 0.03125 0.0630896226415 0.0477594339623 0.0660377358491 0.00943396226415 0.033608490566 0.145636792453
30 0.0477594339623 0.0182783018868 0.030070754717 0.0571933962264 0.0141509433962 0.0259433962264 0.0159198113208 0.0365566037736 0.0931603773585 0.0583726415094 0.0117924528302 0.0200471698113 0.0507075471698 0.0737028301887 0.110259433962 0.0495283018868 0.0625 0.0589622641509 0.00530660377358 0.0165094339623 0.143278301887
31 0.033608490566 0.0112028301887 0.244693396226 0.0318396226415 0.0147405660377 0.0554245283019 0.0117924528302 0.0135613207547 0.0306603773585 0.0241745283019 0.00707547169811 0.145047169811 0.0176886792453 0.0200471698113 0.0241745283019 0.0619103773585 0.0518867924528 0.0176886792453 0.00412735849057 0.0206367924528 0.158018867925
32 0.0495283018868 0.0129716981132 0.0642688679245 0.0713443396226 0.0265330188679 0.0524764150943 0.0241745283019 0.032429245283 0.0807783018868 0.0371462264151 0.0117924528302 0.0725235849057 0.0371462264151 0.0371462264151 0.0477594339623 0.0890330188679 0.0359669811321 0.0277122641509 0.00707547169811 0.0271226415094 0.155070754717
33 0.0442216981132 0.0153301886792 0.10554245283 0.0595518867925 0.0430424528302 0.0400943396226 0.0294811320755 0.0283018867925 0.0465801886792 0.0454009433962 0.0153301886792 0.0866745283019 0.0129716981132 0.0406839622642 0.0418632075472 0.0766509433962 0.0318396226415 0.0235849056604 0.0153301886792 0.0507075471698 0.146816037736
34 0.0341981132075 0.00943396226415 0.0359669811321 0.03125 0.0229952830189 0.400353773585 0.0147405660377 0.0106132075472 0.0465801886792 0.0271226415094 0.0106132075472 0.0483490566038 0.0188679245283 0.0265330188679 0.0318396226415 0.0459905660377 0.0229952830189 0.0106132075472 0.00825471698113 0.0200471698113 0.122641509434
35 0.0318396226415 0.0159198113208 0.0459905660377 0.0795990566038 0.0265330188679 0.0454009433962 0.0206367924528 0.03125 0.060141509434 0.064858490566 0.0241745283019 0.0625 0.0135613207547 0.0518867924528 0.116155660377 0.0512971698113 0.0400943396226 0.0259433962264 0.0318396226415 0.0465801886792 0.113797169811
36 0.0448113207547 0.0117924528302 0.0188679245283 0.0165094339623 0.0112028301887 0.0259433962264 0.0100235849057 0.0229952830189 0.0170990566038 0.0353773584906 0.00471698113208 0.0577830188679 0.0359669811321 0.0129716981132 0.0212264150943 0.121462264151 0.38679245283 0.0188679245283 0.00117924528302 0.0129716981132 0.111438679245
37 0.203419811321 0.0206367924528 0.0106132075472 0.00884433962264 0.0100235849057 0.0153301886792 0.00530660377358 0.0430424528302 0.00825471698113 0.100825471698 0.0112028301887 0.00766509433962 0.337853773585 0.0064858490566 0.0100235849057 0.0218160377358 0.0206367924528 0.0430424528302 0.00412735849057 0.00825471698113 0.102594339623
38 0.0212264150943 0.00707547169811 0.00766509433962 0.0064858490566 0.0542452830189 0.00707547169811 0.00825471698113 0.0843160377358 0.00530660377358 0.530070754717 0.0271226415094 0.00707547169811 0.0100235849057 0.0106132075472 0.0147405660377 0.0176886792453 0.0112028301887 0.0465801886792 0.00294811320755 0.0165094339623 0.103773584906
39 0.0495283018868 0.0141509433962 0.0271226415094 0.028891509434 0.0471698113208 0.0141509433962 0.258844339623 0.0459905660377 0.0141509433962 0.0778301886792 0.0654481132075 0.0182783018868 0.00825471698113 0.0459905660377 0.0271226415094 0.0542452830189 0.030070754717 0.0247641509434 0.0100235849057 0.0353773584906 0.102594339623
40 0.139150943396 0.0241745283019 0.00943396226415 0.0294811320755 0.0365566037736 0.0106132075472 0.0294811320755 0.0849056603774 0.0206367924528 0.142688679245 0.0271226415094 0.0153301886792 0.00707547169811 0.0106132075472 0.0306603773585 0.0395047169811 0.03125 0.0790094339623 0.0448113207547 0.0778301886792 0.109669811321
41 0.290094339623 0.0672169811321 0.0106132075472 0.0117924528302 0.0165094339623 0.0112028301887 0.00235849056604 0.104952830189 0.00943396226415 0.0831367924528 0.0277122641509 0.00589622641509 0.00825471698113 0.00589622641509 0.0106132075472 0.0536556603774 0.0330188679245 0.125 0.00530660377358 0.00707547169811 0.110259433962
42 0.106132075472 0.0235849056604 0.0241745283019 0.0790094339623 0.0271226415094 0.0271226415094 0.0224056603774 0.0430424528302 0.0795990566038 0.0748820754717 0.0224056603774 0.0229952830189 0.0141509433962 0.0495283018868 0.0831367924528 0.0701650943396 0.0365566037736 0.0518867924528 0.00943396226415 0.033608490566 0.0990566037736
43 0.0642688679245 0.0271226415094 0.0247641509434 0.0548349056604 0.0383254716981 0.0359669811321 0.0365566037736 0.0271226415094 0.0619103773585 0.0754716981132 0.0165094339623 0.0896226415094 0.0176886792453 0.0412735849057 0.0654481132075 0.0854952830189 0.03125 0.0247641509434 0.00766509433962 0.0683962264151 0.10554245283
44 0.0371462264151 0.0129716981132 0.0566037735849 0.0318396226415 0.00943396226415 0.345518867925 0.0241745283019 0.0100235849057 0.0436320754717 0.0206367924528 0.00530660377358 0.102004716981 0.0176886792453 0.0306603773585 0.0548349056604 0.0524764150943 0.0147405660377 0.0153301886792 0.00589622641509 0.0106132075472 0.0984669811321
45 0.0253537735849 0.0212264150943 0.0872641509434 0.030070754717 0.0188679245283 0.0371462264151 0.11733490566 0.0106132075472 0.0501179245283 0.0377358490566 0.00943396226415 0.166273584906 0.0135613207547 0.0672169811321 0.0625 0.0825471698113 0.0212264150943 0.0117924528302 0.00825471698113 0.032429245283 0.0890330188679
46 0.0507075471698 0.0112028301887 0.0418632075472 0.0678066037736 0.0477594339623 0.0153301886792 0.030070754717 0.0854952830189 0.0430424528302 0.142688679245 0.0170990566038 0.0347877358491 0.0589622641509 0.0229952830189 0.0306603773585 0.0406839622642 0.0595518867925 0.0831367924528 0.0100235849057 0.0224056603774 0.0837264150943
47 0.0672169811321 0.00884433962264 0.159198113208 0.208136792453 0.00471698113208 0.0406839622642 0.0259433962264 0.0135613207547 0.061320754717 0.0271226415094 0.00707547169811 0.0365566037736 0.0395047169811 0.0495283018868 0.0454009433962 0.0507075471698 0.0418632075472 0.0176886792453 0.00176886792453 0.0135613207547 0.0795990566038
48 0.0819575471698 0.0436320754717 0.0117924528302 0.0188679245283 0.033608490566 0.0247641509434 0.00766509433962 0.170400943396 0.0135613207547 0.129716981132 0.0719339622642 0.0147405660377 0.00707547169811 0.0129716981132 0.0129716981132 0.0341981132075 0.0530660377358 0.150943396226 0.00471698113208 0.0135613207547 0.0878537735849
49 0.128537735849 0.028891509434 0.00294811320755 0.00884433962264 0.0454009433962 0.0100235849057 0.0 0.113797169811 0.0135613207547 0.137971698113 0.0430424528302 0.00471698113208 0.0112028301887 0.00412735849057 0.00766509433962 0.0218160377358 0.0406839622642 0.271226415094 0.00471698113208 0.0106132075472 0.0902122641509
50 0.0501179245283 0.0100235849057 0.060141509434 0.123820754717 0.00884433962264 0.0135613207547 0.0224056603774 0.0194575471698 0.162735849057 0.0383254716981 0.0100235849057 0.033608490566 0.00943396226415 0.0837264150943 0.14445754717 0.0554245283019 0.033608490566 0.0271226415094 0.00353773584906 0.00353773584906 0.0860849056604
51 0.0542452830189 0.0159198113208 0.0194575471698 0.0459905660377 0.0713443396226 0.00825471698113 0.0165094339623 0.0731132075472 0.0459905660377 0.217570754717 0.0395047169811 0.0112028301887 0.00766509433962 0.0241745283019 0.0442216981132 0.0229952830189 0.033608490566 0.0524764150943 0.0283018867925 0.0902122641509 0.0772405660377
52 0.0188679245283 0.0170990566038 0.00353773584906 0.00766509433962 0.064858490566 0.00471698113208 0.00176886792453 0.0896226415094 0.00943396226415 0.591391509434 0.03125 0.00294811320755 0.00235849056604 0.00707547169811 0.00766509433962 0.0100235849057 0.00589622641509 0.0271226415094 0.00294811320755 0.0117924528302 0.0819575471698
53 0.032429245283 0.0112028301887 0.00707547169811 0.0182783018868 0.028891509434 0.00766509433962 0.0141509433962 0.151533018868 0.0153301886792 0.39858490566 0.0271226415094 0.0064858490566 0.00884433962264 0.0182783018868 0.0159198113208 0.0229952830189 0.0170990566038 0.0884433962264 0.0064858490566 0.0112028301887 0.0919811320755
54 0.0625 0.00589622641509 0.109080188679 0.146226415094 0.00530660377358 0.0318396226415 0.0229952830189 0.0176886792453 0.0955188679245 0.0548349056604 0.0100235849057 0.0536556603774 0.0159198113208 0.060141509434 0.0489386792453 0.102594339623 0.033608490566 0.0153301886792 0.00235849056604 0.00707547169811 0.0984669811321
55 0.0884433962264 0.0165094339623 0.03125 0.0530660377358 0.0229952830189 0.0229952830189 0.0819575471698 0.0224056603774 0.102004716981 0.0701650943396 0.0100235849057 0.0784198113208 0.0182783018868 0.03125 0.092570754717 0.0501179245283 0.0277122641509 0.0235849056604 0.00530660377358 0.0436320754717 0.107311320755
56 0.0400943396226 0.0135613207547 0.0454009433962 0.0330188679245 0.0100235849057 0.40625 0.0241745283019 0.0129716981132 0.0512971698113 0.0224056603774 0.00825471698113 0.0418632075472 0.0265330188679 0.0188679245283 0.0400943396226 0.0365566037736 0.0129716981132 0.0194575471698 0.00412735849057 0.0176886792453 0.114386792453
57 0.283608490566 0.0318396226415 0.032429245283 0.0330188679245 0.0206367924528 0.0489386792453 0.0135613207547 0.0442216981132 0.030070754717 0.0406839622642 0.0123820754717 0.0153301886792 0.0560141509434 0.0123820754717 0.0229952830189 0.0548349056604 0.0224056603774 0.0754716981132 0.00412735849057 0.0147405660377 0.130306603774
58 0.0294811320755 0.00825471698113 0.244693396226 0.0577830188679 0.0188679245283 0.0218160377358 0.0159198113208 0.0235849056604 0.0483490566038 0.0448113207547 0.0064858490566 0.126768867925 0.0347877358491 0.0253537735849 0.028891509434 0.0801886792453 0.0277122641509 0.0259433962264 0.00294811320755 0.0100235849057 0.11733490566
59 0.0530660377358 0.00884433962264 0.0212264150943 0.0224056603774 0.0253537735849 0.0182783018868 0.0112028301887 0.124410377358 0.0294811320755 0.110259433962 0.0188679245283 0.0153301886792 0.150943396226 0.0141509433962 0.0188679245283 0.0347877358491 0.0412735849057 0.14445754717 0.00471698113208 0.0117924528302 0.120283018868
60 0.0418632075472 0.0141509433962 0.124410377358 0.0672169811321 0.0170990566038 0.0271226415094 0.0253537735849 0.0165094339623 0.0371462264151 0.0442216981132 0.0100235849057 0.23054245283 0.0147405660377 0.0212264150943 0.0294811320755 0.0577830188679 0.0430424528302 0.0153301886792 0.00471698113208 0.0212264150943 0.13679245283
61 0.11320754717 0.0159198113208 0.032429245283 0.0395047169811 0.0206367924528 0.0283018867925 0.0165094339623 0.0943396226415 0.0459905660377 0.112028301887 0.0182783018868 0.0277122641509 0.0206367924528 0.0330188679245 0.0341981132075 0.0695754716981 0.0512971698113 0.0654481132075 0.00707547169811 0.0229952830189 0.130896226415
62 0.0583726415094 0.0200471698113 0.0253537735849 0.0436320754717 0.0188679245283 0.0271226415094 0.0141509433962 0.0318396226415 0.0972877358491 0.0630896226415 0.0141509433962 0.028891509434 0.0536556603774 0.061320754717 0.103183962264 0.0477594339623 0.0672169811321 0.0725235849057 0.00353773584906 0.0153301886792 0.13266509434
63 0.0330188679245 0.0100235849057 0.260613207547 0.0424528301887 0.0117924528302 0.0548349056604 0.0129716981132 0.0188679245283 0.030070754717 0.0283018867925 0.00707547169811 0.123820754717 0.0235849056604 0.0182783018868 0.030070754717 0.064858490566 0.0583726415094 0.0188679245283 0.00707547169811 0.0153301886792 0.129716981132
64 0.0483490566038 0.0135613207547 0.0672169811321 0.0654481132075 0.0212264150943 0.0483490566038 0.030070754717 0.0400943396226 0.0884433962264 0.0371462264151 0.00707547169811 0.0713443396226 0.030070754717 0.0377358490566 0.0760613207547 0.0795990566038 0.0454009433962 0.0265330188679 0.00707547169811 0.032429245283 0.126768867925
65 0.033608490566 0.0112028301887 0.106721698113 0.0707547169811 0.0371462264151 0.0477594339623 0.0459905660377 0.033608490566 0.060141509434 0.0577830188679 0.0141509433962 0.0878537735849 0.0165094339623 0.033608490566 0.0448113207547 0.0719339622642 0.0448113207547 0.0176886792453 0.0141509433962 0.0353773584906 0.114386792453
66 0.0347877358491 0.00471698113208 0.0442216981132 0.0383254716981 0.0176886792453 0.402712264151 0.0147405660377 0.0188679245283 0.0406839622642 0.0330188679245 0.00943396226415 0.0436320754717 0.0176886792453 0.0253537735849 0.0353773584906 0.0501179245283 0.0241745283019 0.0206367924528 0.00707547169811 0.0159198113208 0.100825471698
67 0.0341981132075 0.0182783018868 0.0477594339623 0.0713443396226 0.0448113207547 0.0412735849057 0.0259433962264 0.0318396226415 0.0383254716981 0.064858490566 0.0341981132075 0.0731132075472 0.0200471698113 0.064858490566 0.100235849057 0.0554245283019 0.0241745283019 0.0283018867925 0.0418632075472 0.0430424528302 0.096108490566
68 0.0430424528302 0.0165094339623 0.0218160377358 0.0188679245283 0.0123820754717 0.0235849056604 0.0112028301887 0.0224056603774 0.0206367924528 0.0406839622642 0.0106132075472 0.0772405660377 0.03125 0.0206367924528 0.0224056603774 0.134433962264 0.345518867925 0.0188679245283 0.00176886792453 0.0135613207547 0.092570754717
69 0.19516509434 0.0206367924528 0.00766509433962 0.0176886792453 0.0147405660377 0.0153301886792 0.0117924528302 0.0518867924528 0.00884433962264 0.09375 0.0141509433962 0.00884433962264 0.313679245283 0.00943396226415 0.00766509433962 0.0318396226415 0.0247641509434 0.060141509434 0.00294811320755 0.0141509433962 0.0748820754717
70 0.0341981132075 0.00530660377358 0.00353773584906 0.00825471698113 0.0725235849057 0.00412735849057 0.0064858490566 0.0978773584906 0.00825471698113 0.520636792453 0.0318396226415 0.0064858490566 0.00707547169811 0.00707547169811 0.00884433962264 0.0170990566038 0.0117924528302 0.0518867924528 0.00884433962264 0.0147405660377 0.0731132075472
71 0.0371462264151 0.0206367924528 0.0241745283019 0.032429245283 0.0459905660377 0.0141509433962 0.321344339623 0.0442216981132 0.0129716981132 0.0666273584906 0.0465801886792 0.0159198113208 0.0106132075472 0.0365566037736 0.030070754717 0.0489386792453 0.03125 0.0353773584906 0.0106132075472 0.0371462264151 0.0772405660377
72 0.0701650943396 0.0259433962264 0.0224056603774 0.0471698113208 0.0483490566038 0.0141509433962 0.0412735849057 0.0849056603774 0.0318396226415 0.138561320755 0.0318396226415 0.0241745283019 0.0064858490566 0.0283018867925 0.0418632075472 0.028891509434 0.0277122641509 0.064858490566 0.0512971698113 0.092570754717 0.0772405660377
73 0.541273584906 0.0306603773585 0.00943396226415 0.0129716981132 0.0135613207547 0.0218160377358 0.00707547169811 0.0283018867925 0.0106132075472 0.0454009433962 0.0106132075472 0.00766509433962 0.0153301886792 0.00353773584906 0.0165094339623 0.0666273584906 0.0330188679245 0.0465801886792 0.00176886792453 0.0100235849057 0.0672169811321
74 0.252948113208 0.0860849056604 0.0153301886792 0.0147405660377 0.0123820754717 0.0212264150943 0.00530660377358 0.114386792453 0.00943396226415 0.0701650943396 0.0200471698113 0.00825471698113 0.00943396226415 0.0064858490566 0.0147405660377 0.0642688679245 0.0430424528302 0.147405660377 0.00530660377358 0.00943396226415 0.0695754716981
75 0.0819575471698 0.0123820754717 0.0412735849057 0.0837264150943 0.03125 0.0347877358491 0.0224056603774 0.0442216981132 0.0807783018868 0.0666273584906 0.0259433962264 0.030070754717 0.0159198113208 0.0672169811321 0.094929245283 0.0737028301887 0.0418632075472 0.0259433962264 0.0194575471698 0.0454009433962 0.060141509434
76 0.0630896226415 0.0277122641509 0.0294811320755 0.0448113207547 0.03125 0.0495283018868 0.0412735849057 0.0188679245283 0.0813679245283 0.0471698113208 0.0206367924528 0.106132075472 0.0200471698113 0.0395047169811 0.0778301886792 0.0860849056604 0.0424528301887 0.0353773584906 0.0117924528302 0.0577830188679 0.0678066037736
77 0.0359669811321 0.0112028301887 0.0642688679245 0.0400943396226 0.00943396226415 0.366745283019 0.0165094339623 0.0123820754717 0.0489386792453 0.0129716981132 0.00530660377358 0.107900943396 0.0170990566038 0.0283018867925 0.0483490566038 0.0542452830189 0.0182783018868 0.0147405660377 0.00530660377358 0.0106132075472 0.0713443396226
78 0.0359669811321 0.0194575471698 0.091391509434 0.0359669811321 0.0448113207547 0.0224056603774 0.11320754717 0.0147405660377 0.0436320754717 0.0512971698113 0.0129716981132 0.135023584906 0.0170990566038 0.0412735849057 0.0672169811321 0.0807783018868 0.0235849056604 0.0241745283019 0.0112028301887 0.0406839622642 0.0731132075472
79 0.0536556603774 0.00943396226415 0.0318396226415 0.063679245283 0.0389150943396 0.0224056603774 0.0135613207547 0.0955188679245 0.0406839622642 0.158608490566 0.0235849056604 0.032429245283 0.0448113207547 0.0200471698113 0.032429245283 0.0465801886792 0.0683962264151 0.0831367924528 0.0106132075472 0.0406839622642 0.0689858490566
80 0.0683962264151 0.00412735849057 0.166273584906 0.191037735849 0.0106132075472 0.0395047169811 0.0253537735849 0.0165094339623 0.0713443396226 0.0218160377358 0.00707547169811 0.0448113207547 0.0371462264151 0.0430424528302 0.0489386792453 0.0737028301887 0.028891509434 0.0206367924528 0.0064858490566 0.00884433962264 0.0654481132075
81 0.0825471698113 0.0548349056604 0.0141509433962 0.0141509433962 0.033608490566 0.0224056603774 0.00884433962264 0.185141509434 0.0176886792453 0.133844339623 0.0660377358491 0.0123820754717 0.0117924528302 0.0117924528302 0.0141509433962 0.0359669811321 0.0666273584906 0.137382075472 0.00294811320755 0.0176886792453 0.0560141509434
82 0.119103773585 0.0271226415094 0.00766509433962 0.0123820754717 0.0377358490566 0.00530660377358 0.00117924528302 0.139740566038 0.00766509433962 0.17570754717 0.0406839622642 0.00294811320755 0.00530660377358 0.00707547169811 0.00943396226415 0.0218160377358 0.0371462264151 0.270047169811 0.00235849056604 0.00707547169811 0.0625
83 0.0383254716981 0.00943396226415 0.0583726415094 0.143867924528 0.00294811320755 0.0206367924528 0.0194575471698 0.0206367924528 0.186320754717 0.0418632075472 0.00884433962264 0.0400943396226 0.0123820754717 0.0996462264151 0.134433962264 0.0454009433962 0.0283018867925 0.0235849056604 0.00176886792453 0.00530660377358 0.0583726415094
84 0.0518867924528 0.0176886792453 0.0170990566038 0.0477594339623 0.0760613207547 0.00766509433962 0.0188679245283 0.0660377358491 0.0465801886792 0.220518867925 0.0418632075472 0.0123820754717 0.0106132075472 0.0224056603774 0.0400943396226 0.03125 0.0418632075472 0.061320754717 0.0117924528302 0.0943396226415 0.0619103773585
85 0.0218160377358 0.0147405660377 0.00412735849057 0.00353773584906 0.0713443396226 0.00412735849057 0.00412735849057 0.0919811320755 0.0064858490566 0.591981132075 0.0442216981132 0.00294811320755 0.00294811320755 0.0064858490566 0.00589622641509 0.00825471698113 0.00766509433962 0.0400943396226 0.00176886792453 0.00766509433962 0.0577830188679
86 0.0324587264151 0.0135908018868 0.0100530660377 0.0141804245283 0.0212558962264 0.0100530660377 0.0141804245283 0.181043632075 0.0112323113208 0.390359669811 0.0312794811321 0.00592570754717 0.0106426886792 0.0147700471698 0.0212558962264 0.0177181603774 0.0153596698113 0.103803066038 0.00887382075472 0.0165389150943 0.0554245283019
87 0.064858490566 0.00766509433962 0.114386792453 0.166863207547 0.00825471698113 0.0271226415094 0.0247641509434 0.0117924528302 0.0966981132075 0.0247641509434 0.00884433962264 0.0524764150943 0.0206367924528 0.0660377358491 0.0772405660377 0.100235849057 0.0389150943396 0.0165094339623 0.00412735849057 0.00884433962264 0.0589622641509
88 0.0967275943396 0.0159492924528 0.025383254717 0.0383549528302 0.0324587264151 0.0301002358491 0.0908313679245 0.0218455188679 0.0973172169811 0.0560436320755 0.0171285377358 0.0778596698113 0.0236143867925 0.0413030660377 0.0749115566038 0.056633254717 0.0206662735849 0.0295106132075 0.00946344339623 0.0713738207547 0.0725235849057
89 0.0271521226415 0.024204009434 0.0495577830189 0.0430719339623 0.0177181603774 0.39389740566 0.0177181603774 0.0135908018868 0.0530955188679 0.0194870283019 0.00533608490566 0.0495577830189 0.0306898584906 0.0224351415094 0.0389445754717 0.0454304245283 0.0200766509434 0.0159492924528 0.00710495283019 0.0218455188679 0.0831367924528
90 0.287735849057 0.0306603773585 0.0341981132075 0.0383254716981 0.0165094339623 0.0418632075472 0.0141509433962 0.0530660377358 0.0341981132075 0.0512971698113 0.0100235849057 0.0147405660377 0.0477594339623 0.0170990566038 0.0271226415094 0.0560141509434 0.0330188679245 0.0801886792453 0.00471698113208 0.0200471698113 0.0872641509434
91 0.0336379716981 0.0112323113208 0.274793632075 0.055454009434 0.0171285377358 0.0301002358491 0.0212558962264 0.0194870283019 0.0418926886792 0.0448408018868 0.00474646226415 0.125619103774 0.0318691037736 0.0188974056604 0.0301002358491 0.0831662735849 0.027741745283 0.0283313679245 0.0017983490566 0.00887382075472 0.0890330188679
92 0.0477594339623 0.0112028301887 0.0170990566038 0.0218160377358 0.0194575471698 0.0141509433962 0.00825471698113 0.154481132075 0.0271226415094 0.153891509434 0.0212264150943 0.0123820754717 0.11733490566 0.0153301886792 0.0141509433962 0.028891509434 0.0347877358491 0.169811320755 0.0064858490566 0.00943396226415 0.094929245283
93 0.0389150943396 0.0135613207547 0.119103773585 0.0784198113208 0.0141509433962 0.0306603773585 0.0318396226415 0.0153301886792 0.0377358490566 0.0318396226415 0.0117924528302 0.278891509434 0.0106132075472 0.0224056603774 0.032429245283 0.0512971698113 0.0554245283019 0.0147405660377 0.00530660377358 0.0182783018868 0.0872641509434
94 0.123260613208 0.024204009434 0.0377653301887 0.0442511792453 0.0324587264151 0.028920990566 0.024204009434 0.0872936320755 0.0430719339623 0.0973172169811 0.0236143867925 0.0183077830189 0.0247936320755 0.0330483490566 0.0407134433962 0.0648879716981 0.0572228773585 0.0701945754717 0.0118219339623 0.0212558962264 0.091391509434
95 0.0530660377358 0.0153301886792 0.03125 0.0412735849057 0.0182783018868 0.0306603773585 0.0141509433962 0.0448113207547 0.107311320755 0.0560141509434 0.0135613207547 0.0188679245283 0.0560141509434 0.0825471698113 0.104952830189 0.0418632075472 0.0660377358491 0.0748820754717 0.00825471698113 0.0147405660377 0.106132075472
96 0.0341981132075 0.00766509433962 0.306014150943 0.0365566037736 0.0117924528302 0.0512971698113 0.0117924528302 0.0170990566038 0.0194575471698 0.0277122641509 0.00589622641509 0.146816037736 0.0194575471698 0.0112028301887 0.0259433962264 0.0566037735849 0.061320754717 0.0212264150943 0.00235849056604 0.0153301886792 0.110259433962
97 0.0577830188679 0.0165094339623 0.0642688679245 0.0607311320755 0.0188679245283 0.0518867924528 0.0235849056604 0.0389150943396 0.0990566037736 0.0377358490566 0.0147405660377 0.0784198113208 0.0383254716981 0.0306603773585 0.0766509433962 0.0795990566038 0.0359669811321 0.0359669811321 0.00589622641509 0.0271226415094 0.107311320755
98 0.0377358490566 0.0112028301887 0.119693396226 0.0872641509434 0.0383254716981 0.0377358490566 0.030070754717 0.0241745283019 0.0507075471698 0.0489386792453 0.0129716981132 0.0878537735849 0.0176886792453 0.033608490566 0.0483490566038 0.0825471698113 0.0389150943396 0.0218160377358 0.0147405660377 0.0471698113208 0.108490566038
99 0.0200471698113 0.0117924528302 0.0418632075472 0.0277122641509 0.0165094339623 0.452240566038 0.0200471698113 0.00884433962264 0.0448113207547 0.032429245283 0.00766509433962 0.0530660377358 0.0141509433962 0.0241745283019 0.0294811320755 0.0359669811321 0.0141509433962 0.0147405660377 0.00825471698113 0.0200471698113 0.102004716981
100 0.0418632075472 0.0182783018868 0.0571933962264 0.0849056603774 0.0247641509434 0.0377358490566 0.0218160377358 0.0265330188679 0.0548349056604 0.0607311320755 0.0395047169811 0.0966981132075 0.0106132075472 0.0589622641509 0.0955188679245 0.0512971698113 0.0253537735849 0.0283018867925 0.0412735849057 0.032429245283 0.091391509434
101 0.028920990566 0.0106426886792 0.0224351415094 0.0188974056604 0.0159492924528 0.0194870283019 0.00887382075472 0.0206662735849 0.024204009434 0.0442511792453 0.00710495283019 0.0530955188679 0.0230247641509 0.0135908018868 0.0194870283019 0.12797759434 0.415123820755 0.0165389150943 0.00474646226415 0.0130011792453 0.0919811320755
102 0.209345518868 0.0200766509434 0.00887382075472 0.0100530660377 0.0076945754717 0.0188974056604 0.0112323113208 0.0365860849057 0.00651533018868 0.0678360849057 0.00710495283019 0.0106426886792 0.365005896226 0.0076945754717 0.00651533018868 0.0348172169811 0.0224351415094 0.058991745283 0.00238797169811 0.00710495283019 0.0801886792453
103 0.0271226415094 0.00530660377358 0.0064858490566 0.0064858490566 0.0542452830189 0.00471698113208 0.00825471698113 0.0955188679245 0.00589622641509 0.555424528302 0.0229952830189 0.00235849056604 0.00766509433962 0.00412735849057 0.00766509433962 0.0117924528302 0.0123820754717 0.0625 0.00589622641509 0.0123820754717 0.0807783018868
104 0.028891509434 0.0123820754717 0.0395047169811 0.032429245283 0.0501179245283 0.0117924528302 0.322523584906 0.0489386792453 0.0165094339623 0.0725235849057 0.0566037735849 0.0206367924528 0.00766509433962 0.0465801886792 0.0235849056604 0.0424528301887 0.0235849056604 0.0212264150943 0.00825471698113 0.030070754717 0.0837264150943
105 0.0566037735849 0.0277122641509 0.0182783018868 0.0353773584906 0.0442216981132 0.0106132075472 0.032429245283 0.103773584906 0.0294811320755 0.153301886792 0.0318396226415 0.0194575471698 0.00884433962264 0.0229952830189 0.0365566037736 0.0277122641509 0.0400943396226 0.0784198113208 0.0418632075472 0.0972877358491 0.0831367924528
106 0.595518867925 0.032429245283 0.00707547169811 0.0100235849057 0.00943396226415 0.0212264150943 0.00530660377358 0.0241745283019 0.0064858490566 0.0330188679245 0.00825471698113 0.0135613207547 0.00943396226415 0.00707547169811 0.0100235849057 0.0577830188679 0.0200471698113 0.0389150943396 0.00235849056604 0.00353773584906 0.0843160377358
107 0.258844339623 0.0801886792453 0.00412735849057 0.0141509433962 0.0176886792453 0.0159198113208 0.00766509433962 0.112028301887 0.0123820754717 0.0642688679245 0.0176886792453 0.0100235849057 0.00825471698113 0.0112028301887 0.0153301886792 0.0595518867925 0.0483490566038 0.15625 0.00412735849057 0.00707547169811 0.0748820754717
108 0.0631191037736 0.0130011792453 0.0348172169811 0.0990860849057 0.0324587264151 0.028920990566 0.0212558962264 0.0359964622642 0.0861143867925 0.0678360849057 0.0365860849057 0.0295106132075 0.0076945754717 0.060170990566 0.110878537736 0.0713738207547 0.025383254717 0.0359964622642 0.0141804245283 0.0371757075472 0.0884433962264
109 0.058991745283 0.0177181603774 0.024204009434 0.0548643867925 0.0354068396226 0.0513266509434 0.0477889150943 0.0159492924528 0.0755011792453 0.0578125 0.0177181603774 0.110288915094 0.0177181603774 0.0395341981132 0.0808077830189 0.0772700471698 0.0383549528302 0.0200766509434 0.0159492924528 0.0572228773585 0.0854952830189
110 0.0389150943396 0.0212264150943 0.0560141509434 0.0377358490566 0.00943396226415 0.350235849057 0.0153301886792 0.00825471698113 0.061320754717 0.0200471698113 0.00825471698113 0.0984669811321 0.0176886792453 0.0283018867925 0.0571933962264 0.0477594339623 0.0165094339623 0.0106132075472 0.00471698113208 0.00884433962264 0.0831367924528
111 0.033608490566 0.0194575471698 0.096108490566 0.0318396226415 0.0259433962264 0.0159198113208 0.136202830189 0.0147405660377 0.0459905660377 0.032429245283 0.00825471698113 0.140919811321 0.0100235849057 0.0560141509434 0.0801886792453 0.0825471698113 0.0218160377358 0.0153301886792 0.0106132075472 0.0353773584906 0.0866745283019
112 0.0524764150943 0.0100235849057 0.0253537735849 0.0607311320755 0.0371462264151 0.0188679245283 0.0241745283019 0.0748820754717 0.0495283018868 0.150353773585 0.0253537735849 0.0235849056604 0.0536556603774 0.0229952830189 0.0341981132075 0.0465801886792 0.0619103773585 0.0919811320755 0.0100235849057 0.0465801886792 0.0795990566038
113 0.0714033018868 0.00536556603774 0.164563679245 0.192275943396 0.00890330188679 0.0383844339623 0.0171580188679 0.0124410377358 0.0625589622642 0.0265919811321 0.00713443396226 0.0572523584906 0.0318985849057 0.0442806603774 0.0525353773585 0.0572523584906 0.0366155660377 0.0212853773585 0.00418632075472 0.00772405660377 0.0801886792453
114 0.0813679245283 0.0371462264151 0.00943396226415 0.0106132075472 0.0347877358491 0.0153301886792 0.0100235849057 0.183372641509 0.0165094339623 0.140330188679 0.0713443396226 0.00943396226415 0.0112028301887 0.0123820754717 0.0112028301887 0.032429245283 0.0524764150943 0.164504716981 0.00353773584906 0.0100235849057 0.0825471698113
115 0.116155660377 0.0247641509434 0.0064858490566 0.0064858490566 0.0395047169811 0.00589622641509 0.0 0.140330188679 0.0064858490566 0.146226415094 0.0395047169811 0.00589622641509 0.00412735849057 0.00825471698113 0.00825471698113 0.0229952830189 0.0400943396226 0.286556603774 0.00235849056604 0.00766509433962 0.0819575471698
116 0.0471698113208 0.00530660377358 0.0630896226415 0.145636792453 0.00825471698113 0.0229952830189 0.0229952830189 0.0165094339623 0.182193396226 0.032429245283 0.00825471698113 0.0318396226415 0.0123820754717 0.0837264150943 0.124410377358 0.0477594339623 0.0330188679245 0.0159198113208 0.00589622641509 0.0129716981132 0.0772405660377
117 0.0607311320755 0.0212264150943 0.00766509433962 0.0454009433962 0.0854952830189 0.00471698113208 0.0159198113208 0.0742924528302 0.0341981132075 0.220518867925 0.0448113207547 0.0064858490566 0.00943396226415 0.0212264150943 0.030070754717 0.0265330188679 0.0330188679245 0.0595518867925 0.0147405660377 0.100825471698 0.0831367924528
118 0.0153301886792 0.0106132075472 0.00176886792453 0.00589622641509 0.0577830188679 0.00353773584906 0.00412735849057 0.0784198113208 0.00117924528302 0.629127358491 0.0330188679245 0.00294811320755 0.00176886792453 0.00530660377358 0.00412735849057 0.0123820754717 0.00589622641509 0.0259433962264 0.00766509433962 0.0100235849057 0.0831367924528
