POS A C D E F G H I K L M N P Q R S T V W Y -
1 0.00315457413249 0.000788643533123 0.0 0.00157728706625 0.0 0.00157728706625 0.00157728706625 0.00157728706625 0.0 0.0134069400631 0.0244479495268 0.000788643533123 0.01261829653 0.00315457413249 0.00157728706625 0.00394321766562 0.0118296529968 0.00236593059937 0.0 0.000788643533123 0.914826498423
2 0.0276025236593 0.0 0.0157728706625 0.0315457413249 0.00552050473186 0.00473186119874 0.00315457413249 0.00630914826498 0.00946372239748 0.0181388012618 0.0488958990536 0.0118296529968 0.00788643533123 0.0110410094637 0.00630914826498 0.0283911671924 0.0260252365931 0.00946372239748 0.0 0.0 0.727917981073
3 0.0457413249211 0.000788643533123 0.110410094637 0.032334384858 0.00236593059937 0.00867507886435 0.00473186119874 0.0157728706625 0.0149842271293 0.0141955835962 0.0244479495268 0.0141955835962 0.0197160883281 0.00788643533123 0.00394321766562 0.0457413249211 0.0504731861199 0.0110410094637 0.0 0.00157728706625 0.570977917981
4 0.0410094637224 0.00157728706625 0.0307570977918 0.0678233438486 0.00788643533123 0.00867507886435 0.0165615141956 0.0228706624606 0.0496845425868 0.0212933753943 0.0244479495268 0.0205047318612 0.0354889589905 0.0307570977918 0.0851735015773 0.0496845425868 0.0457413249211 0.0173501577287 0.00157728706625 0.00867507886435 0.412460567823
5 0.0764984227129 0.0 0.0552050473186 0.104100946372 0.00709779179811 0.00946372239748 0.0165615141956 0.0157728706625 0.0370662460568 0.0370662460568 0.0410094637224 0.0291798107256 0.032334384858 0.0630914826498 0.032334384858 0.0630914826498 0.0520504731861 0.0236593059937 0.00315457413249 0.00236593059937 0.298895899054
6 0.134858044164 0.00157728706625 0.0851735015773 0.112776025237 0.00709779179811 0.0165615141956 0.00788643533123 0.0212933753943 0.0473186119874 0.0220820189274 0.00709779179811 0.0347003154574 0.0307570977918 0.0615141955836 0.0299684542587 0.0607255520505 0.0796529968454 0.0236593059937 0.000788643533123 0.00394321766562 0.210567823344
7 0.0859621451104 0.01261829653 0.00946372239748 0.018927444795 0.0157728706625 0.0141955835962 0.0118296529968 0.165615141956 0.0260252365931 0.115930599369 0.018927444795 0.0764984227129 0.0567823343849 0.0236593059937 0.0268138801262 0.0220820189274 0.0465299684543 0.0804416403785 0.00236593059937 0.0118296529968 0.157728706625
8 0.0686119873817 0.00236593059937 0.0228706624606 0.108832807571 0.00788643533123 0.0157728706625 0.0173501577287 0.0441640378549 0.11356466877 0.0694006309148 0.018927444795 0.0228706624606 0.0181388012618 0.0709779179811 0.142744479495 0.0236593059937 0.0528391167192 0.044952681388 0.00315457413249 0.00552050473186 0.125394321767
9 0.17429022082 0.000788643533123 0.101735015773 0.173501577287 0.00236593059937 0.0244479495268 0.0134069400631 0.00946372239748 0.0646687697161 0.0102523659306 0.00473186119874 0.0362776025237 0.018927444795 0.11356466877 0.0615141955836 0.0591482649842 0.0410094637224 0.0118296529968 0.00236593059937 0.00315457413249 0.0725552050473
10 0.0843848580442 0.00394321766562 0.00630914826498 0.00473186119874 0.0528391167192 0.00867507886435 0.00709779179811 0.132492113565 0.0268138801262 0.238958990536 0.0157728706625 0.0141955835962 0.00552050473186 0.0181388012618 0.0331230283912 0.0149842271293 0.0828075709779 0.163249211356 0.0252365930599 0.00788643533123 0.0528391167192
11 0.124605678233 0.00788643533123 0.00394321766562 0.0134069400631 0.0370662460568 0.0102523659306 0.00394321766562 0.172712933754 0.00788643533123 0.16167192429 0.044952681388 0.0260252365931 0.00709779179811 0.00552050473186 0.00630914826498 0.00946372239748 0.0260252365931 0.256309148265 0.00552050473186 0.0276025236593 0.0417981072555
12 0.109621451104 0.00157728706625 0.104889589905 0.139589905363 0.00867507886435 0.0212933753943 0.0370662460568 0.0205047318612 0.0670347003155 0.0544164037855 0.00946372239748 0.0559936908517 0.00236593059937 0.0757097791798 0.106466876972 0.038643533123 0.0662460567823 0.0307570977918 0.000788643533123 0.01261829653 0.0362776025237
13 0.152996845426 0.000788643533123 0.0820189274448 0.096214511041 0.00867507886435 0.0378548895899 0.0149842271293 0.00867507886435 0.0780757097792 0.0402208201893 0.00630914826498 0.0370662460568 0.00394321766562 0.0875394321767 0.181388012618 0.057570977918 0.0488958990536 0.0118296529968 0.00315457413249 0.00552050473186 0.0362776025237
14 0.0433753943218 0.00709779179811 0.00236593059937 0.00315457413249 0.211356466877 0.00473186119874 0.0410094637224 0.0307570977918 0.00315457413249 0.11119873817 0.0394321766562 0.00394321766562 0.0 0.0141955835962 0.00630914826498 0.00946372239748 0.00552050473186 0.0433753943218 0.102523659306 0.290220820189 0.0268138801262
15 0.0867507886435 0.0260252365931 0.0197160883281 0.0339116719243 0.132492113565 0.0149842271293 0.0299684542587 0.104889589905 0.0134069400631 0.137223974763 0.0410094637224 0.0268138801262 0.00552050473186 0.0205047318612 0.0220820189274 0.0236593059937 0.0347003154574 0.0796529968454 0.0212933753943 0.104100946372 0.0212933753943
16 0.160883280757 0.00236593059937 0.152996845426 0.140378548896 0.00473186119874 0.018927444795 0.0197160883281 0.0102523659306 0.0630914826498 0.0252365930599 0.00236593059937 0.0457413249211 0.00552050473186 0.0686119873817 0.0985804416404 0.051261829653 0.0646687697161 0.018927444795 0.00709779179811 0.0134069400631 0.0252365930599
17 0.429810725552 0.032334384858 0.0197160883281 0.0110410094637 0.0212933753943 0.0820189274448 0.0165615141956 0.0315457413249 0.0102523659306 0.0906940063091 0.0157728706625 0.0173501577287 0.00315457413249 0.00788643533123 0.0181388012618 0.0694006309148 0.0331230283912 0.0473186119874 0.000788643533123 0.0236593059937 0.0181388012618
18 0.0283911671924 0.0236593059937 0.00473186119874 0.01261829653 0.165615141956 0.00946372239748 0.00552050473186 0.0954258675079 0.000788643533123 0.185331230284 0.0473186119874 0.00394321766562 0.000788643533123 0.0110410094637 0.0173501577287 0.0205047318612 0.0173501577287 0.0851735015773 0.175078864353 0.0701892744479 0.0197160883281
19 0.0843848580442 0.00552050473186 0.148264984227 0.0946372239748 0.00709779179811 0.0457413249211 0.0149842271293 0.0141955835962 0.0268138801262 0.0252365930599 0.00788643533123 0.256309148265 0.00552050473186 0.0339116719243 0.0441640378549 0.0764984227129 0.0394321766562 0.0307570977918 0.00236593059937 0.00788643533123 0.0283911671924
20 0.17665615142 0.00394321766562 0.0662460567823 0.0772870662461 0.00394321766562 0.0417981072555 0.018927444795 0.00552050473186 0.0701892744479 0.0181388012618 0.00473186119874 0.0662460567823 0.00946372239748 0.0599369085174 0.0851735015773 0.128548895899 0.108044164038 0.0181388012618 0.00157728706625 0.00630914826498 0.0291798107256
21 0.0481072555205 0.0102523659306 0.0260252365931 0.0315457413249 0.0118296529968 0.272082018927 0.0843848580442 0.00236593059937 0.108044164038 0.0347003154574 0.00867507886435 0.0583596214511 0.0157728706625 0.0591482649842 0.13880126183 0.0354889589905 0.0165615141956 0.00788643533123 0.00315457413249 0.01261829653 0.0141955835962
22 0.0315457413249 0.00394321766562 0.556782334385 0.0402208201893 0.0 0.0228706624606 0.00788643533123 0.00157728706625 0.0339116719243 0.00867507886435 0.00394321766562 0.130126182965 0.0102523659306 0.0331230283912 0.0378548895899 0.0362776025237 0.0157728706625 0.00630914826498 0.00236593059937 0.00157728706625 0.0149842271293
23 0.089905362776 0.00236593059937 0.01261829653 0.0236593059937 0.0993690851735 0.0276025236593 0.0157728706625 0.104100946372 0.0197160883281 0.13880126183 0.0307570977918 0.00473186119874 0.0867507886435 0.0102523659306 0.0268138801262 0.0252365930599 0.0496845425868 0.104100946372 0.0701892744479 0.0425867507886 0.0149842271293
24 0.128548895899 0.0 0.256309148265 0.241324921136 0.00157728706625 0.0465299684543 0.0102523659306 0.00394321766562 0.0354889589905 0.0110410094637 0.00315457413249 0.0370662460568 0.0260252365931 0.0425867507886 0.0173501577287 0.0615141955836 0.0441640378549 0.0197160883281 0.0 0.00236593059937 0.0110410094637
25 0.213722397476 0.00630914826498 0.0378548895899 0.0780757097792 0.00788643533123 0.118296529968 0.0110410094637 0.0276025236593 0.0678233438486 0.0757097791798 0.0118296529968 0.0291798107256 0.018927444795 0.0378548895899 0.0938485804416 0.0410094637224 0.0709779179811 0.0331230283912 0.00236593059937 0.00946372239748 0.00709779179811
26 0.105678233438 0.00709779179811 0.00473186119874 0.00236593059937 0.112776025237 0.00315457413249 0.00394321766562 0.141955835962 0.00236593059937 0.280757097792 0.0757097791798 0.00552050473186 0.00236593059937 0.00946372239748 0.00236593059937 0.00552050473186 0.0197160883281 0.126971608833 0.0370662460568 0.0433753943218 0.00709779179811
27 0.162460567823 0.00709779179811 0.0686119873817 0.0741324921136 0.0236593059937 0.0559936908517 0.0165615141956 0.0354889589905 0.0402208201893 0.13880126183 0.0701892744479 0.0220820189274 0.0173501577287 0.0173501577287 0.0749211356467 0.0496845425868 0.0354889589905 0.0701892744479 0.00236593059937 0.0118296529968 0.00552050473186
28 0.194006309148 0.000788643533123 0.122239747634 0.149842271293 0.0 0.0354889589905 0.00788643533123 0.00157728706625 0.0701892744479 0.0110410094637 0.00394321766562 0.0433753943218 0.0307570977918 0.0599369085174 0.0567823343849 0.13880126183 0.0607255520505 0.00630914826498 0.0 0.000788643533123 0.00552050473186
29 0.0417981072555 0.057570977918 0.0110410094637 0.00236593059937 0.100157728707 0.00867507886435 0.0425867507886 0.0678233438486 0.00315457413249 0.339905362776 0.0433753943218 0.01261829653 0.00709779179811 0.0118296529968 0.0118296529968 0.0220820189274 0.0402208201893 0.083596214511 0.0102523659306 0.0749211356467 0.00709779179811
30 0.0110410094637 0.0315457413249 0.00157728706625 0.000788643533123 0.315457413249 0.00236593059937 0.00709779179811 0.032334384858 0.00157728706625 0.190851735016 0.0481072555205 0.00157728706625 0.0 0.00315457413249 0.00473186119874 0.00788643533123 0.0181388012618 0.0678233438486 0.0441640378549 0.205047318612 0.00473186119874
31 0.308359621451 0.00552050473186 0.0922712933754 0.0197160883281 0.000788643533123 0.0291798107256 0.106466876972 0.00709779179811 0.00630914826498 0.00946372239748 0.00552050473186 0.0134069400631 0.00473186119874 0.00709779179811 0.01261829653 0.145899053628 0.196372239748 0.018927444795 0.00867507886435 0.000788643533123 0.000788643533123
32 0.0646687697161 0.000788643533123 0.245268138801 0.254731861199 0.00630914826498 0.00630914826498 0.00394321766562 0.00394321766562 0.032334384858 0.00709779179811 0.000788643533123 0.0181388012618 0.238170347003 0.038643533123 0.0165615141956 0.032334384858 0.0157728706625 0.00946372239748 0.0 0.00157728706625 0.00315457413249
33 0.0268138801262 0.0 0.518138801262 0.105678233438 0.0 0.0425867507886 0.018927444795 0.000788643533123 0.0228706624606 0.00236593059937 0.0 0.115930599369 0.00946372239748 0.0205047318612 0.018927444795 0.0425867507886 0.0465299684543 0.00315457413249 0.0 0.00315457413249 0.00157728706625
34 0.278391167192 0.0678233438486 0.00157728706625 0.00315457413249 0.105678233438 0.0812302839117 0.00473186119874 0.0993690851735 0.000788643533123 0.0488958990536 0.0149842271293 0.00236593059937 0.0110410094637 0.00157728706625 0.000788643533123 0.0315457413249 0.0228706624606 0.185331230284 0.00788643533123 0.0276025236593 0.00236593059937
35 0.0315457413249 0.0102523659306 0.0236593059937 0.0930599369085 0.01261829653 0.00867507886435 0.0228706624606 0.10094637224 0.0433753943218 0.0425867507886 0.00867507886435 0.0118296529968 0.00473186119874 0.0402208201893 0.0812302839117 0.0559936908517 0.150630914826 0.238170347003 0.00315457413249 0.0141955835962 0.00157728706625
36 0.0283911671924 0.0118296529968 0.0149842271293 0.00788643533123 0.183753943218 0.0141955835962 0.0260252365931 0.0883280757098 0.00157728706625 0.132492113565 0.0465299684543 0.00867507886435 0.0 0.0228706624606 0.0157728706625 0.0212933753943 0.0157728706625 0.0985804416404 0.118296529968 0.141955835962 0.000788643533123
37 0.0260252365931 0.00946372239748 0.0607255520505 0.104100946372 0.0433753943218 0.00946372239748 0.106466876972 0.0796529968454 0.0291798107256 0.038643533123 0.0181388012618 0.0354889589905 0.00709779179811 0.0394321766562 0.0749211356467 0.051261829653 0.0922712933754 0.0914826498423 0.0331230283912 0.0481072555205 0.00157728706625
38 0.0465299684543 0.00630914826498 0.167981072555 0.0481072555205 0.0678233438486 0.0733438485804 0.0347003154574 0.0567823343849 0.00788643533123 0.0591482649842 0.0220820189274 0.0599369085174 0.0141955835962 0.0228706624606 0.0228706624606 0.0820189274448 0.0488958990536 0.0528391167192 0.0181388012618 0.0347003154574 0.0528391167192
39 0.0804416403785 0.00788643533123 0.0228706624606 0.0268138801262 0.0291798107256 0.0646687697161 0.0299684542587 0.0244479495268 0.0236593059937 0.0370662460568 0.0173501577287 0.0378548895899 0.298895899054 0.0291798107256 0.0276025236593 0.0749211356467 0.0630914826498 0.0591482649842 0.00473186119874 0.0205047318612 0.0197160883281
40 0.0662460567823 0.00552050473186 0.0528391167192 0.038643533123 0.0488958990536 0.154574132492 0.0244479495268 0.0315457413249 0.0236593059937 0.0615141955836 0.0228706624606 0.0662460567823 0.0867507886435 0.0220820189274 0.0212933753943 0.0441640378549 0.0354889589905 0.0583596214511 0.00709779179811 0.0252365930599 0.102523659306
41 0.0843848580442 0.00473186119874 0.0552050473186 0.0299684542587 0.0307570977918 0.229495268139 0.0252365930599 0.01261829653 0.0181388012618 0.0315457413249 0.018927444795 0.0465299684543 0.038643533123 0.0276025236593 0.0291798107256 0.083596214511 0.0473186119874 0.0283911671924 0.00552050473186 0.0252365930599 0.126971608833
42 0.0536277602524 0.00473186119874 0.0552050473186 0.032334384858 0.0252365930599 0.112776025237 0.01261829653 0.00709779179811 0.0157728706625 0.0299684542587 0.00946372239748 0.0331230283912 0.0749211356467 0.0268138801262 0.0244479495268 0.0591482649842 0.0362776025237 0.0228706624606 0.00630914826498 0.0134069400631 0.343848580442
43 0.0504731861199 0.00236593059937 0.0488958990536 0.0733438485804 0.0110410094637 0.16403785489 0.0149842271293 0.0197160883281 0.0559936908517 0.032334384858 0.0181388012618 0.0299684542587 0.0883280757098 0.0441640378549 0.0457413249211 0.0417981072555 0.0536277602524 0.0347003154574 0.00473186119874 0.00946372239748 0.156151419558
44 0.0654574132492 0.00552050473186 0.0378548895899 0.0725552050473 0.0228706624606 0.0173501577287 0.0181388012618 0.0488958990536 0.0394321766562 0.0567823343849 0.00946372239748 0.0212933753943 0.134858044164 0.0394321766562 0.0867507886435 0.0315457413249 0.106466876972 0.0954258675079 0.0157728706625 0.0149842271293 0.0591482649842
45 0.0780757097792 0.0110410094637 0.0102523659306 0.0228706624606 0.0843848580442 0.0228706624606 0.0402208201893 0.119873817035 0.0181388012618 0.133280757098 0.0236593059937 0.01261829653 0.0220820189274 0.0141955835962 0.051261829653 0.0354889589905 0.051261829653 0.128548895899 0.0220820189274 0.0749211356467 0.0228706624606
46 0.0425867507886 0.00788643533123 0.0583596214511 0.0694006309148 0.0134069400631 0.0134069400631 0.0536277602524 0.0457413249211 0.0780757097792 0.0410094637224 0.0149842271293 0.0354889589905 0.00946372239748 0.0646687697161 0.143533123028 0.0670347003155 0.0867507886435 0.0906940063091 0.00157728706625 0.0291798107256 0.0331230283912
47 0.00946372239748 0.00157728706625 0.0662460567823 0.00394321766562 0.0 0.700315457413 0.00709779179811 0.00157728706625 0.00630914826498 0.00315457413249 0.0 0.0410094637224 0.0173501577287 0.000788643533123 0.0141955835962 0.0615141955836 0.0528391167192 0.00394321766562 0.0 0.000788643533123 0.00788643533123
48 0.0623028391167 0.00157728706625 0.00867507886435 0.0110410094637 0.0134069400631 0.0118296529968 0.0583596214511 0.0567823343849 0.187697160883 0.0796529968454 0.00709779179811 0.0118296529968 0.0812302839117 0.0212933753943 0.25 0.0236593059937 0.0173501577287 0.0441640378549 0.0244479495268 0.0181388012618 0.00946372239748
49 0.155362776025 0.000788643533123 0.210567823344 0.255520504732 0.00236593059937 0.0291798107256 0.01261829653 0.00946372239748 0.0528391167192 0.00630914826498 0.00315457413249 0.0212933753943 0.0283911671924 0.0670347003155 0.0362776025237 0.051261829653 0.0354889589905 0.00946372239748 0.000788643533123 0.00236593059937 0.00946372239748
50 0.278391167192 0.00157728706625 0.0694006309148 0.173501577287 0.00473186119874 0.110410094637 0.01261829653 0.00552050473186 0.0291798107256 0.00867507886435 0.00788643533123 0.0481072555205 0.0134069400631 0.0891167192429 0.0260252365931 0.0520504731861 0.0378548895899 0.0173501577287 0.00236593059937 0.00315457413249 0.00867507886435
51 0.0567823343849 0.00552050473186 0.00236593059937 0.00315457413249 0.111987381703 0.00552050473186 0.00630914826498 0.27523659306 0.00157728706625 0.185331230284 0.0433753943218 0.00709779179811 0.00473186119874 0.00236593059937 0.00630914826498 0.00709779179811 0.0228706624606 0.165615141956 0.0173501577287 0.0607255520505 0.00867507886435
52 0.120662460568 0.01261829653 0.0181388012618 0.0694006309148 0.0118296529968 0.0252365930599 0.0149842271293 0.0749211356467 0.0985804416404 0.104889589905 0.0236593059937 0.0149842271293 0.00315457413249 0.0370662460568 0.188485804416 0.0252365930599 0.0331230283912 0.0946372239748 0.00630914826498 0.0118296529968 0.0102523659306
53 0.195583596215 0.00315457413249 0.112776025237 0.15141955836 0.00315457413249 0.0654574132492 0.0134069400631 0.0102523659306 0.0749211356467 0.01261829653 0.00867507886435 0.0465299684543 0.0141955835962 0.0780757097792 0.0772870662461 0.0552050473186 0.0481072555205 0.0141955835962 0.00157728706625 0.00236593059937 0.0110410094637
54 0.0891167192429 0.00157728706625 0.0157728706625 0.0260252365931 0.190063091483 0.0417981072555 0.0520504731861 0.0299684542587 0.018927444795 0.0867507886435 0.051261829653 0.0244479495268 0.000788643533123 0.0228706624606 0.0441640378549 0.0331230283912 0.0354889589905 0.0504731861199 0.0536277602524 0.119873817035 0.0118296529968
55 0.0441640378549 0.0118296529968 0.00552050473186 0.00867507886435 0.191640378549 0.00552050473186 0.0283911671924 0.0796529968454 0.00709779179811 0.194794952681 0.0646687697161 0.0165615141956 0.00157728706625 0.00552050473186 0.0181388012618 0.0141955835962 0.0212933753943 0.0922712933754 0.0954258675079 0.083596214511 0.00946372239748
56 0.144321766562 0.000788643533123 0.0599369085174 0.130126182965 0.00157728706625 0.0607255520505 0.0197160883281 0.0149842271293 0.103312302839 0.038643533123 0.0149842271293 0.0331230283912 0.00709779179811 0.0646687697161 0.1238170347 0.0591482649842 0.0630914826498 0.0362776025237 0.00236593059937 0.0102523659306 0.0110410094637
57 0.124605678233 0.000788643533123 0.0654574132492 0.0883280757098 0.0165615141956 0.120662460568 0.0252365930599 0.0149842271293 0.0717665615142 0.0205047318612 0.0205047318612 0.0559936908517 0.0252365930599 0.0662460567823 0.109621451104 0.063880126183 0.0402208201893 0.0220820189274 0.0244479495268 0.00788643533123 0.0149842271293
58 0.0733438485804 0.01261829653 0.0260252365931 0.0181388012618 0.123028391167 0.0347003154574 0.0102523659306 0.0694006309148 0.0157728706625 0.171924290221 0.057570977918 0.0173501577287 0.0102523659306 0.0244479495268 0.0607255520505 0.0347003154574 0.0417981072555 0.0804416403785 0.0465299684543 0.0481072555205 0.0228706624606
59 0.0820189274448 0.0134069400631 0.0197160883281 0.0228706624606 0.160094637224 0.0465299684543 0.0378548895899 0.044952681388 0.0354889589905 0.111987381703 0.0481072555205 0.0228706624606 0.0457413249211 0.032334384858 0.0646687697161 0.0362776025237 0.0339116719243 0.0504731861199 0.0339116719243 0.0370662460568 0.0197160883281
60 0.146687697161 0.00236593059937 0.0859621451104 0.107255520505 0.00788643533123 0.0851735015773 0.01261829653 0.00788643533123 0.0883280757098 0.0212933753943 0.00709779179811 0.0410094637224 0.044952681388 0.0583596214511 0.0694006309148 0.101735015773 0.0599369085174 0.0244479495268 0.00315457413249 0.00236593059937 0.0220820189274
61 0.0867507886435 0.00709779179811 0.0354889589905 0.032334384858 0.0906940063091 0.0741324921136 0.0173501577287 0.0441640378549 0.044952681388 0.0733438485804 0.038643533123 0.051261829653 0.0402208201893 0.0544164037855 0.0583596214511 0.0670347003155 0.0473186119874 0.057570977918 0.00709779179811 0.0347003154574 0.0370662460568
62 0.0567823343849 0.00867507886435 0.0212933753943 0.0228706624606 0.0946372239748 0.105678233438 0.0181388012618 0.051261829653 0.0291798107256 0.0749211356467 0.0260252365931 0.0307570977918 0.163249211356 0.0157728706625 0.0299684542587 0.044952681388 0.0441640378549 0.0607255520505 0.0165615141956 0.0394321766562 0.044952681388
63 0.0307570977918 0.0 0.162460567823 0.0504731861199 0.0110410094637 0.0670347003155 0.0118296529968 0.00788643533123 0.0291798107256 0.00867507886435 0.00315457413249 0.0559936908517 0.0268138801262 0.0260252365931 0.0268138801262 0.0331230283912 0.0244479495268 0.0110410094637 0.00157728706625 0.00552050473186 0.406151419558
64 0.0875394321767 0.00552050473186 0.0378548895899 0.0481072555205 0.0465299684543 0.0544164037855 0.0173501577287 0.0615141955836 0.0465299684543 0.104100946372 0.0299684542587 0.0197160883281 0.0630914826498 0.0362776025237 0.0630914826498 0.0615141955836 0.0583596214511 0.0686119873817 0.0205047318612 0.0236593059937 0.0457413249211
65 0.0496845425868 0.00630914826498 0.0646687697161 0.0875394321767 0.0102523659306 0.0496845425868 0.0607255520505 0.018927444795 0.0883280757098 0.0134069400631 0.00867507886435 0.0481072555205 0.0181388012618 0.0623028391167 0.111987381703 0.0946372239748 0.11356466877 0.0536277602524 0.000788643533123 0.018927444795 0.0197160883281
66 0.0425867507886 0.0118296529968 0.00552050473186 0.01261829653 0.186119873817 0.01261829653 0.0701892744479 0.118296529968 0.00867507886435 0.129337539432 0.0425867507886 0.00946372239748 0.0102523659306 0.0118296529968 0.0291798107256 0.0228706624606 0.0268138801262 0.11119873817 0.0520504731861 0.0686119873817 0.0173501577287
67 0.0339116719243 0.00394321766562 0.0709779179811 0.183753943218 0.00946372239748 0.0149842271293 0.089905362776 0.0181388012618 0.083596214511 0.018927444795 0.00630914826498 0.038643533123 0.00394321766562 0.044952681388 0.0930599369085 0.0670347003155 0.138012618297 0.0528391167192 0.00394321766562 0.00709779179811 0.0165615141956
68 0.038643533123 0.00788643533123 0.00709779179811 0.0197160883281 0.0891167192429 0.01261829653 0.0307570977918 0.215299684543 0.0149842271293 0.135646687697 0.0283911671924 0.0149842271293 0.057570977918 0.0118296529968 0.0205047318612 0.0181388012618 0.0291798107256 0.177444794953 0.0110410094637 0.0433753943218 0.0157728706625
69 0.0339116719243 0.00788643533123 0.0623028391167 0.109621451104 0.0141955835962 0.0205047318612 0.0457413249211 0.0670347003155 0.0488958990536 0.0930599369085 0.00946372239748 0.0276025236593 0.00788643533123 0.0299684542587 0.0654574132492 0.0504731861199 0.107255520505 0.0946372239748 0.00473186119874 0.0134069400631 0.0859621451104
70 0.0567823343849 0.00473186119874 0.111987381703 0.0946372239748 0.00709779179811 0.0694006309148 0.0552050473186 0.0291798107256 0.0552050473186 0.0378548895899 0.00630914826498 0.0678233438486 0.0118296529968 0.0504731861199 0.0804416403785 0.0946372239748 0.0591482649842 0.0473186119874 0.00630914826498 0.018927444795 0.0347003154574
71 0.0504731861199 0.00394321766562 0.0425867507886 0.111987381703 0.0205047318612 0.0212933753943 0.0315457413249 0.0402208201893 0.0236593059937 0.0417981072555 0.00946372239748 0.0583596214511 0.0646687697161 0.0457413249211 0.0465299684543 0.0481072555205 0.0378548895899 0.0623028391167 0.00236593059937 0.00709779179811 0.229495268139
72 0.0441640378549 0.0165615141956 0.0134069400631 0.0181388012618 0.0694006309148 0.0110410094637 0.0228706624606 0.172712933754 0.00867507886435 0.124605678233 0.0378548895899 0.0110410094637 0.0228706624606 0.0118296529968 0.0228706624606 0.0315457413249 0.0607255520505 0.205047318612 0.0205047318612 0.0362776025237 0.0378548895899
73 0.0394321766562 0.0102523659306 0.038643533123 0.0520504731861 0.0536277602524 0.0118296529968 0.0410094637224 0.0930599369085 0.0205047318612 0.0559936908517 0.00867507886435 0.01261829653 0.00473186119874 0.0236593059937 0.0646687697161 0.032334384858 0.0591482649842 0.0946372239748 0.0197160883281 0.0528391167192 0.210567823344
74 0.11119873817 0.00867507886435 0.0347003154574 0.0583596214511 0.0362776025237 0.0473186119874 0.0118296529968 0.11119873817 0.01261829653 0.0772870662461 0.0244479495268 0.0157728706625 0.0268138801262 0.0173501577287 0.0220820189274 0.063880126183 0.0654574132492 0.16403785489 0.00630914826498 0.01261829653 0.0717665615142
75 0.107255520505 0.0165615141956 0.0465299684543 0.0820189274448 0.0220820189274 0.044952681388 0.0433753943218 0.0457413249211 0.01261829653 0.0559936908517 0.00709779179811 0.0205047318612 0.0149842271293 0.0347003154574 0.0181388012618 0.0678233438486 0.0488958990536 0.0970031545741 0.00788643533123 0.0205047318612 0.185331230284
76 0.0394321766562 0.00315457413249 0.196372239748 0.106466876972 0.00315457413249 0.0749211356467 0.0141955835962 0.00236593059937 0.0118296529968 0.00709779179811 0.00473186119874 0.0788643533123 0.00552050473186 0.0276025236593 0.0212933753943 0.0733438485804 0.0370662460568 0.0102523659306 0.00394321766562 0.00315457413249 0.27523659306
77 0.0599369085174 0.00236593059937 0.111987381703 0.083596214511 0.00157728706625 0.432965299685 0.0260252365931 0.00157728706625 0.0197160883281 0.0110410094637 0.00630914826498 0.0410094637224 0.0607255520505 0.0220820189274 0.0157728706625 0.0339116719243 0.0252365930599 0.0110410094637 0.0 0.00630914826498 0.0268138801262
78 0.0283911671924 0.00394321766562 0.326498422713 0.083596214511 0.00315457413249 0.0709779179811 0.0181388012618 0.000788643533123 0.0291798107256 0.01261829653 0.00473186119874 0.14905362776 0.0268138801262 0.038643533123 0.0441640378549 0.0536277602524 0.057570977918 0.00946372239748 0.00236593059937 0.00552050473186 0.0307570977918
79 0.0433753943218 0.0149842271293 0.0339116719243 0.051261829653 0.0425867507886 0.0291798107256 0.0394321766562 0.0370662460568 0.0552050473186 0.0623028391167 0.0236593059937 0.0118296529968 0.0197160883281 0.0433753943218 0.125394321767 0.0559936908517 0.142744479495 0.0772870662461 0.0276025236593 0.0339116719243 0.0291798107256
80 0.298895899054 0.01261829653 0.00315457413249 0.00630914826498 0.0291798107256 0.0607255520505 0.00473186119874 0.0859621451104 0.00315457413249 0.0694006309148 0.00946372239748 0.00315457413249 0.00315457413249 0.00236593059937 0.00394321766562 0.0283911671924 0.0268138801262 0.295741324921 0.00946372239748 0.0157728706625 0.0276025236593
81 0.156151419558 0.0173501577287 0.00552050473186 0.0205047318612 0.0749211356467 0.0141955835962 0.00552050473186 0.111987381703 0.0118296529968 0.0922712933754 0.0354889589905 0.00552050473186 0.00157728706625 0.0102523659306 0.0307570977918 0.0473186119874 0.0717665615142 0.201892744479 0.0252365930599 0.0417981072555 0.0181388012618
82 0.156151419558 0.0354889589905 0.00788643533123 0.0141955835962 0.0410094637224 0.0362776025237 0.0102523659306 0.0970031545741 0.00157728706625 0.119085173502 0.0354889589905 0.00394321766562 0.00157728706625 0.0149842271293 0.00946372239748 0.044952681388 0.0473186119874 0.278391167192 0.00473186119874 0.0228706624606 0.0173501577287
83 0.0347003154574 0.00552050473186 0.0291798107256 0.195583596215 0.0244479495268 0.00709779179811 0.0749211356467 0.0410094637224 0.0339116719243 0.0607255520505 0.0173501577287 0.0283911671924 0.00788643533123 0.0559936908517 0.149842271293 0.0433753943218 0.0591482649842 0.0599369085174 0.0228706624606 0.0276025236593 0.0205047318612
84 0.0851735015773 0.0299684542587 0.00394321766562 0.0181388012618 0.0993690851735 0.130126182965 0.018927444795 0.0268138801262 0.000788643533123 0.0583596214511 0.0244479495268 0.00788643533123 0.000788643533123 0.0134069400631 0.0149842271293 0.0315457413249 0.0362776025237 0.0662460567823 0.200315457413 0.110410094637 0.0220820189274
85 0.0504731861199 0.00473186119874 0.0520504731861 0.0891167192429 0.0134069400631 0.01261829653 0.0764984227129 0.0552050473186 0.0536277602524 0.0378548895899 0.00473186119874 0.0291798107256 0.00709779179811 0.0378548895899 0.127760252366 0.0717665615142 0.137223974763 0.0615141955836 0.00709779179811 0.0488958990536 0.0212933753943
86 0.0977917981073 0.0252365930599 0.0165615141956 0.0173501577287 0.0796529968454 0.0670347003155 0.0134069400631 0.0764984227129 0.00552050473186 0.124605678233 0.0733438485804 0.0260252365931 0.00552050473186 0.0197160883281 0.0220820189274 0.0552050473186 0.0402208201893 0.115930599369 0.0425867507886 0.0473186119874 0.0283911671924
87 0.0488958990536 0.00630914826498 0.063880126183 0.0954258675079 0.0165615141956 0.0291798107256 0.0457413249211 0.0291798107256 0.0504731861199 0.0276025236593 0.0102523659306 0.032334384858 0.0102523659306 0.0362776025237 0.112776025237 0.103312302839 0.149842271293 0.0701892744479 0.00552050473186 0.0244479495268 0.0315457413249
88 0.0970031545741 0.0149842271293 0.0283911671924 0.0157728706625 0.0552050473186 0.228706624606 0.0149842271293 0.0488958990536 0.0102523659306 0.0607255520505 0.0339116719243 0.0165615141956 0.0236593059937 0.0181388012618 0.0260252365931 0.044952681388 0.0402208201893 0.0859621451104 0.0347003154574 0.0488958990536 0.0520504731861
89 0.0528391167192 0.00157728706625 0.0670347003155 0.0630914826498 0.0110410094637 0.0465299684543 0.032334384858 0.0276025236593 0.0780757097792 0.0347003154574 0.00946372239748 0.0197160883281 0.0559936908517 0.0402208201893 0.0764984227129 0.0417981072555 0.17429022082 0.0520504731861 0.00630914826498 0.0141955835962 0.0946372239748
90 0.127760252366 0.00236593059937 0.0347003154574 0.0370662460568 0.0181388012618 0.0481072555205 0.0157728706625 0.0165615141956 0.0780757097792 0.0370662460568 0.00394321766562 0.0236593059937 0.141167192429 0.0181388012618 0.0457413249211 0.0607255520505 0.0362776025237 0.0315457413249 0.00236593059937 0.00946372239748 0.211356466877
91 0.0583596214511 0.00157728706625 0.139589905363 0.0410094637224 0.00946372239748 0.0694006309148 0.0134069400631 0.00394321766562 0.0433753943218 0.00709779179811 0.000788643533123 0.0591482649842 0.032334384858 0.0291798107256 0.0181388012618 0.0796529968454 0.167192429022 0.0141955835962 0.00236593059937 0.00394321766562 0.205835962145
92 0.0236593059937 0.00157728706625 0.0567823343849 0.0354889589905 0.00394321766562 0.478706624606 0.0110410094637 0.00630914826498 0.0457413249211 0.0157728706625 0.00157728706625 0.057570977918 0.0205047318612 0.018927444795 0.0205047318612 0.032334384858 0.0244479495268 0.0118296529968 0.00394321766562 0.00157728706625 0.127760252366
93 0.047358044164 0.00792586750789 0.0481466876972 0.0812697160883 0.0102917981073 0.0994085173502 0.0142350157729 0.0110804416404 0.141206624606 0.021332807571 0.0118690851735 0.0434148264984 0.0371056782334 0.0591876971609 0.114392744479 0.0607649842271 0.053667192429 0.0339511041009 0.0016167192429 0.00319400630915 0.0985804416404
94 0.0567823343849 0.00236593059937 0.0465299684543 0.0678233438486 0.0149842271293 0.0473186119874 0.0299684542587 0.0362776025237 0.0646687697161 0.0433753943218 0.00867507886435 0.0157728706625 0.141167192429 0.0504731861199 0.0678233438486 0.0559936908517 0.0859621451104 0.0662460567823 0.00946372239748 0.0110410094637 0.0772870662461
95 0.0662460567823 0.00788643533123 0.0149842271293 0.0331230283912 0.0985804416404 0.0228706624606 0.01261829653 0.106466876972 0.0252365930599 0.101735015773 0.0402208201893 0.0134069400631 0.0149842271293 0.0276025236593 0.0260252365931 0.038643533123 0.0339116719243 0.15141955836 0.0173501577287 0.0772870662461 0.0694006309148
96 0.0764984227129 0.00552050473186 0.0843848580442 0.106466876972 0.01261829653 0.0299684542587 0.0394321766562 0.0362776025237 0.057570977918 0.0354889589905 0.0110410094637 0.0370662460568 0.0276025236593 0.0331230283912 0.0717665615142 0.0812302839117 0.0922712933754 0.0607255520505 0.0165615141956 0.0157728706625 0.0686119873817
97 0.0662460567823 0.0141955835962 0.0141955835962 0.0212933753943 0.0977917981073 0.0859621451104 0.0118296529968 0.102523659306 0.00788643533123 0.108832807571 0.0544164037855 0.0504731861199 0.00709779179811 0.0268138801262 0.018927444795 0.0402208201893 0.0457413249211 0.1261829653 0.0205047318612 0.0291798107256 0.0496845425868
98 0.0567823343849 0.00552050473186 0.0906940063091 0.0891167192429 0.0181388012618 0.0260252365931 0.0504731861199 0.0228706624606 0.0441640378549 0.032334384858 0.00946372239748 0.0370662460568 0.0757097791798 0.0347003154574 0.164826498423 0.0607255520505 0.0646687697161 0.0276025236593 0.0141955835962 0.0291798107256 0.0457413249211
99 0.089905362776 0.0212933753943 0.00946372239748 0.0339116719243 0.096214511041 0.228706624606 0.0134069400631 0.0362776025237 0.00157728706625 0.0552050473186 0.0252365930599 0.0228706624606 0.000788643533123 0.0173501577287 0.00473186119874 0.0441640378549 0.0339116719243 0.0804416403785 0.018927444795 0.122239747634 0.0433753943218
100 0.109621451104 0.0599369085174 0.0165615141956 0.0110410094637 0.044952681388 0.0165615141956 0.038643533123 0.108044164038 0.0110410094637 0.0930599369085 0.0630914826498 0.0118296529968 0.00157728706625 0.0118296529968 0.0197160883281 0.0410094637224 0.116719242902 0.16403785489 0.00394321766562 0.0134069400631 0.0433753943218
101 0.0883280757098 0.0102523659306 0.184542586751 0.0843848580442 0.0441640378549 0.0299684542587 0.0457413249211 0.0354889589905 0.000788643533123 0.0536277602524 0.0315457413249 0.0291798107256 0.00236593059937 0.0362776025237 0.00867507886435 0.096214511041 0.0725552050473 0.0441640378549 0.0268138801262 0.0307570977918 0.0441640378549
102 0.0299684542587 0.00552050473186 0.00867507886435 0.0228706624606 0.0891167192429 0.00552050473186 0.0236593059937 0.160883280757 0.0102523659306 0.132492113565 0.0252365930599 0.00867507886435 0.0 0.0141955835962 0.0520504731861 0.0268138801262 0.0646687697161 0.240536277603 0.0181388012618 0.0212933753943 0.0394321766562
103 0.0536277602524 0.0110410094637 0.00552050473186 0.00157728706625 0.248422712934 0.00867507886435 0.018927444795 0.0906940063091 0.00157728706625 0.165615141956 0.051261829653 0.00157728706625 0.0 0.0118296529968 0.00709779179811 0.00394321766562 0.0102523659306 0.0772870662461 0.0733438485804 0.119085173502 0.038643533123
104 0.0244479495268 0.00473186119874 0.0331230283912 0.133280757098 0.00552050473186 0.0102523659306 0.0536277602524 0.0197160883281 0.0938485804416 0.0220820189274 0.00473186119874 0.0110410094637 0.000788643533123 0.044952681388 0.235804416404 0.0268138801262 0.139589905363 0.0772870662461 0.00867507886435 0.0110410094637 0.038643533123
105 0.0141955835962 0.01261829653 0.00394321766562 0.00552050473186 0.23738170347 0.00236593059937 0.00236593059937 0.0970031545741 0.0552050473186 0.159305993691 0.0228706624606 0.00867507886435 0.00552050473186 0.0118296529968 0.0851735015773 0.00630914826498 0.0212933753943 0.160094637224 0.0299684542587 0.0181388012618 0.0402208201893
106 0.0496845425868 0.00157728706625 0.147476340694 0.130126182965 0.00236593059937 0.0402208201893 0.0118296529968 0.0165615141956 0.0607255520505 0.00552050473186 0.00394321766562 0.0820189274448 0.00394321766562 0.0504731861199 0.127760252366 0.0496845425868 0.063880126183 0.0528391167192 0.000788643533123 0.00473186119874 0.0938485804416
107 0.063880126183 0.0 0.104100946372 0.10094637224 0.000788643533123 0.0504731861199 0.00315457413249 0.00236593059937 0.0276025236593 0.00236593059937 0.00394321766562 0.0291798107256 0.0481072555205 0.0220820189274 0.0165615141956 0.0362776025237 0.0118296529968 0.00788643533123 0.00157728706625 0.00236593059937 0.464511041009
108 0.0488958990536 0.00157728706625 0.33832807571 0.107255520505 0.000788643533123 0.135646687697 0.0197160883281 0.00236593059937 0.0268138801262 0.00315457413249 0.0 0.0977917981073 0.00867507886435 0.0402208201893 0.0141955835962 0.0402208201893 0.0212933753943 0.00236593059937 0.00473186119874 0.000788643533123 0.0851735015773
109 0.0276025236593 0.000788643533123 0.0946372239748 0.0520504731861 0.00552050473186 0.586750788644 0.0141955835962 0.00157728706625 0.0157728706625 0.00552050473186 0.00157728706625 0.0402208201893 0.00552050473186 0.018927444795 0.0315457413249 0.0141955835962 0.00867507886435 0.00473186119874 0.0157728706625 0.00630914826498 0.0481072555205
110 0.0110410094637 0.00630914826498 0.00157728706625 0.0212933753943 0.00552050473186 0.0102523659306 0.01261829653 0.00709779179811 0.35094637224 0.154574132492 0.0110410094637 0.00552050473186 0.00157728706625 0.0686119873817 0.211356466877 0.018927444795 0.0102523659306 0.0173501577287 0.00157728706625 0.00867507886435 0.063880126183
111 0.0181388012618 0.0118296529968 0.0 0.0 0.0394321766562 0.000788643533123 0.0 0.546529968454 0.0 0.0930599369085 0.0228706624606 0.000788643533123 0.00157728706625 0.000788643533123 0.000788643533123 0.00315457413249 0.00394321766562 0.157728706625 0.00630914826498 0.00473186119874 0.0875394321767
112 0.118296529968 0.018927444795 0.0283911671924 0.0244479495268 0.00709779179811 0.00473186119874 0.01261829653 0.0828075709779 0.0646687697161 0.0362776025237 0.00709779179811 0.00788643533123 0.000788643533123 0.0354889589905 0.0536277602524 0.0764984227129 0.132492113565 0.171924290221 0.0102523659306 0.0173501577287 0.0883280757098
113 0.0544164037855 0.00788643533123 0.0370662460568 0.188485804416 0.0157728706625 0.0236593059937 0.0717665615142 0.00867507886435 0.0528391167192 0.0315457413249 0.00473186119874 0.0228706624606 0.000788643533123 0.0347003154574 0.153785488959 0.108044164038 0.0260252365931 0.0173501577287 0.00473186119874 0.0347003154574 0.100157728707
114 0.0339116719243 0.0110410094637 0.0110410094637 0.063880126183 0.0433753943218 0.0165615141956 0.0670347003155 0.105678233438 0.0149842271293 0.118296529968 0.0488958990536 0.0157728706625 0.0 0.0433753943218 0.0465299684543 0.0181388012618 0.0181388012618 0.101735015773 0.0402208201893 0.0481072555205 0.133280757098
115 0.0260252365931 0.00473186119874 0.0362776025237 0.063880126183 0.0197160883281 0.00552050473186 0.0623028391167 0.0236593059937 0.0528391167192 0.0260252365931 0.00394321766562 0.0181388012618 0.00236593059937 0.044952681388 0.178233438486 0.0370662460568 0.0725552050473 0.0488958990536 0.0875394321767 0.0228706624606 0.162460567823
116 0.0875394321767 0.00552050473186 0.107255520505 0.117507886435 0.0220820189274 0.0354889589905 0.0141955835962 0.0536277602524 0.000788643533123 0.0394321766562 0.0157728706625 0.0173501577287 0.0118296529968 0.0236593059937 0.0110410094637 0.0528391167192 0.051261829653 0.0906940063091 0.00709779179811 0.0149842271293 0.220031545741
117 0.0236593059937 0.00788643533123 0.00630914826498 0.00946372239748 0.13643533123 0.00709779179811 0.0276025236593 0.0465299684543 0.00552050473186 0.0425867507886 0.018927444795 0.0118296529968 0.0 0.00867507886435 0.0102523659306 0.0228706624606 0.0212933753943 0.0457413249211 0.0236593059937 0.251577287066 0.272082018927
118 0.0354889589905 0.00867507886435 0.00709779179811 0.0236593059937 0.105678233438 0.0220820189274 0.00946372239748 0.0410094637224 0.00788643533123 0.0615141955836 0.0228706624606 0.0110410094637 0.0228706624606 0.00473186119874 0.018927444795 0.0236593059937 0.0205047318612 0.0678233438486 0.089905362776 0.0788643533123 0.316246056782
