POS A C D E F G H I K L M N P Q R S T V W Y -
1 0.00180668473351 0.0 0.000903342366757 0.000903342366757 0.0 0.00180668473351 0.0 0.00271002710027 0.00451671183379 0.00813008130081 0.0207768744354 0.0180668473351 0.00542005420054 0.00180668473351 0.0 0.00180668473351 0.0 0.00271002710027 0.0 0.0 0.928635953026
2 0.0162601626016 0.0 0.0307136404697 0.0352303523035 0.000903342366757 0.0117434507678 0.00993676603433 0.0117434507678 0.0180668473351 0.00903342366757 0.0325203252033 0.0162601626016 0.0505871725384 0.0153568202349 0.0126467931346 0.0397470641373 0.0162601626016 0.0063233965673 0.0 0.000903342366757 0.6657633243
3 0.0171635049684 0.000903342366757 0.0686540198735 0.0415537488708 0.0063233965673 0.13369467028 0.0135501355014 0.00722673893406 0.0316169828365 0.0126467931346 0.0162601626016 0.0442637759711 0.0424570912376 0.0189701897019 0.0271002710027 0.0424570912376 0.0307136404697 0.00542005420054 0.00180668473351 0.0126467931346 0.424570912376
4 0.0479223125565 0.0154019873532 0.0578590785908 0.0488256549232 0.0307588075881 0.0244354110208 0.023532068654 0.0154019873532 0.0361788617886 0.0217253839205 0.0217253839205 0.027145438121 0.0361788617886 0.0262420957543 0.0289521228546 0.0524390243902 0.0786359530262 0.0289521228546 0.0551490514905 0.0226287262873 0.299909665763
5 0.0316621499548 0.0172086720867 0.00365853658537 0.00636856368564 0.0388888888889 0.00636856368564 0.00907859078591 0.134643179765 0.00998193315266 0.165356820235 0.0298554652213 0.0117886178862 0.0144986449864 0.00817524841915 0.0144986449864 0.0126919602529 0.0434056007227 0.139159891599 0.0370822041554 0.04972899729 0.215898825655
6 0.0289069557362 0.0108401084011 0.0153568202349 0.0325203252033 0.00813008130081 0.00451671183379 0.0415537488708 0.0876242095754 0.163504968383 0.0415537488708 0.00722673893406 0.0243902439024 0.0063233965673 0.0252935862692 0.0487804878049 0.0352303523035 0.0957542908762 0.13098464318 0.0063233965673 0.0216802168022 0.163504968383
7 0.0605691056911 0.0623757904246 4.51671183379e-05 0.00275519421861 0.056955736224 0.00817524841915 0.000948509485095 0.239430894309 0.00185185185185 0.156323396567 0.0154019873532 0.00456187895212 0.00185185185185 4.51671183379e-05 0.00365853658537 0.00275519421861 0.00546522131888 0.201490514905 0.0144986449864 0.0172086720867 0.143631436314
8 0.0451671183379 0.00722673893406 0.00361336946703 0.00903342366757 0.16982836495 0.00361336946703 0.0207768744354 0.0207768744354 0.00813008130081 0.00993676603433 0.00542005420054 0.141824751581 0.00271002710027 0.0108401084011 0.0117434507678 0.0198735320687 0.0216802168022 0.0117434507678 0.0379403794038 0.302619692864 0.135501355014
9 0.0316169828365 0.0487804878049 0.00542005420054 0.0063233965673 0.0677506775068 0.00993676603433 0.0 0.0785907859079 0.00361336946703 0.0271002710027 0.0117434507678 0.000903342366757 0.00542005420054 0.00180668473351 0.00271002710027 0.0731707317073 0.3369467028 0.149051490515 0.000903342366757 0.00542005420054 0.132791327913
10 0.023532068654 0.00907859078591 0.698328816621 0.0144986449864 0.000948509485095 0.019918699187 0.0154019873532 0.00546522131888 0.00907859078591 0.00365853658537 0.00456187895212 0.0208220415537 0.00275519421861 0.00185185185185 0.00998193315266 0.0172086720867 0.00817524841915 0.00275519421861 4.51671183379e-05 0.00185185185185 0.130081300813
11 0.213188798555 0.00451671183379 0.00542005420054 0.00722673893406 0.000903342366757 0.517615176152 0.00271002710027 0.00180668473351 0.00180668473351 0.00451671183379 0.00180668473351 0.0108401084011 0.00180668473351 0.00180668473351 0.0108401084011 0.0361336946703 0.0207768744354 0.0207768744354 0.0 0.00361336946703 0.131887985547
12 0.157181571816 0.0171635049684 0.00361336946703 0.00361336946703 0.00903342366757 0.0532971996387 0.00451671183379 0.0108401084011 0.00451671183379 0.0108401084011 0.00271002710027 0.00722673893406 0.00722673893406 0.00451671183379 0.00993676603433 0.49864498645 0.0289069557362 0.0234869015357 0.00271002710027 0.0063233965673 0.13369467028
13 0.0614724480578 0.103026196929 0.0135953026197 0.00817524841915 0.0858626919603 0.0244354110208 0.01630532972 0.019918699187 0.0614724480578 0.0370822041554 0.0190153568202 0.00275519421861 0.00636856368564 0.00817524841915 0.0443089430894 0.0876693766938 0.0397922312556 0.0686991869919 0.0614724480578 0.0605691056911 0.16982836495
14 0.0244354110208 0.0144986449864 0.0587624209575 0.0262420957543 0.0307588075881 0.0172086720867 0.0406955736224 0.0560523938573 0.086766034327 0.079539295393 0.00998193315266 0.0614724480578 0.0126919602529 0.0280487804878 0.107542908762 0.0623757904246 0.0443089430894 0.0307588075881 0.000948509485095 0.0289521228546 0.177958446251
15 0.0452122854562 0.00817524841915 0.0352755194219 0.056955736224 0.00636856368564 0.102122854562 0.0334688346883 0.0190153568202 0.0777326106594 0.0226287262873 0.00727190605239 0.0686991869919 0.08315266486 0.0370822041554 0.0434056007227 0.0768292682927 0.0307588075881 0.0361788617886 0.00907859078591 0.0181120144535 0.182475158085
16 0.0352755194219 0.00636856368564 0.0714092140921 0.0587624209575 0.00817524841915 0.0668925022584 0.023532068654 0.0135953026197 0.0542457091238 0.0208220415537 0.00365853658537 0.153613369467 0.023532068654 0.0397922312556 0.0307588075881 0.0723125564589 0.0325654923216 0.0208220415537 0.00546522131888 0.0126919602529 0.245709123758
17 0.0424570912376 0.00451671183379 0.0379403794038 0.0352303523035 0.0063233965673 0.129177958446 0.0144534778681 0.00361336946703 0.0442637759711 0.0189701897019 0.00271002710027 0.0451671183379 0.0803974706414 0.0343270099368 0.0397470641373 0.0722673893406 0.0749774164408 0.00903342366757 0.00451671183379 0.00722673893406 0.292682926829
18 0.03342366757 0.00903342366757 0.037037037037 0.0243902439024 0.00722673893406 0.211382113821 0.0198735320687 0.0108401084011 0.0614272809395 0.0189701897019 0.00903342366757 0.0523938572719 0.0162601626016 0.0252935862692 0.0641373080397 0.0505871725384 0.0271002710027 0.0135501355014 0.00542005420054 0.00722673893406 0.29539295393
19 0.0623306233062 0.0171635049684 0.0180668473351 0.0379403794038 0.0162601626016 0.0478771454381 0.0225835591689 0.0424570912376 0.0858175248419 0.0406504065041 0.0063233965673 0.0252935862692 0.0578139114724 0.0316169828365 0.0776874435411 0.0551038843722 0.0388437217706 0.0551038843722 0.00451671183379 0.0135501355014 0.242999096658
20 0.199638663053 0.0225835591689 0.0126467931346 0.0153568202349 0.0144534778681 0.176151761518 0.00813008130081 0.0379403794038 0.0216802168022 0.0198735320687 0.0234869015357 0.0162601626016 0.0063233965673 0.00361336946703 0.0243902439024 0.0903342366757 0.0569105691057 0.0650406504065 0.00271002710027 0.0144534778681 0.168021680217
21 0.13369467028 0.0153568202349 0.00542005420054 0.00903342366757 0.00542005420054 0.481481481481 0.00451671183379 0.00903342366757 0.0171635049684 0.0063233965673 0.00180668473351 0.0144534778681 0.00361336946703 0.00903342366757 0.0189701897019 0.0677506775068 0.029810298103 0.0234869015357 0.00722673893406 0.00813008130081 0.128274616079
22 0.145438121048 0.0542005420054 0.00180668473351 0.00361336946703 0.0641373080397 0.0280036133695 0.00903342366757 0.115627822945 0.0135501355014 0.0551038843722 0.0225835591689 0.00451671183379 0.00180668473351 0.00813008130081 0.0108401084011 0.0442637759711 0.0252935862692 0.0803974706414 0.096657633243 0.0840108401084 0.13098464318
23 0.229448961156 0.00993676603433 0.00451671183379 0.00722673893406 0.00361336946703 0.488708220416 0.000903342366757 0.00813008130081 0.00271002710027 0.00451671183379 0.00361336946703 0.00271002710027 0.00722673893406 0.0063233965673 0.0225835591689 0.0469738030714 0.0126467931346 0.0144534778681 0.00180668473351 0.00271002710027 0.119241192412
24 0.125564588979 0.03342366757 0.00180668473351 0.00180668473351 0.0840108401084 0.111111111111 0.0 0.093044263776 0.00180668473351 0.0361336946703 0.0126467931346 0.00180668473351 0.00361336946703 0.000903342366757 0.00722673893406 0.029810298103 0.0144534778681 0.180668473351 0.0758807588076 0.06684733514 0.117434507678
25 0.10027100271 0.0189701897019 0.000903342366757 0.00361336946703 0.0505871725384 0.00813008130081 0.0126467931346 0.130081300813 0.00903342366757 0.0758807588076 0.0153568202349 0.00361336946703 0.0 0.00451671183379 0.00542005420054 0.026196928636 0.037037037037 0.280939476061 0.0271002710027 0.0659439927733 0.123757904246
26 0.0686540198735 0.0352303523035 0.0117434507678 0.00722673893406 0.070460704607 0.0487804878049 0.0117434507678 0.175248419151 0.0063233965673 0.144534778681 0.0144534778681 0.00361336946703 0.00271002710027 0.0063233965673 0.0189701897019 0.0352303523035 0.0198735320687 0.135501355014 0.0280036133695 0.037037037037 0.118337850045
27 0.0243902439024 0.0180668473351 0.0117434507678 0.0478771454381 0.0397470641373 0.0388437217706 0.0234869015357 0.0415537488708 0.0551038843722 0.0478771454381 0.0108401084011 0.0144534778681 0.0496838301716 0.0325203252033 0.185185185185 0.0415537488708 0.0451671183379 0.0912375790425 0.0144534778681 0.0569105691057 0.109304426378
28 0.0379403794038 0.0108401084011 0.179765130985 0.0379403794038 0.0271002710027 0.0406504065041 0.0316169828365 0.0289069557362 0.0289069557362 0.0325203252033 0.00271002710027 0.093044263776 0.0379403794038 0.0252935862692 0.0406504065041 0.0803974706414 0.0424570912376 0.0216802168022 0.0189701897019 0.0542005420054 0.126467931346
29 0.0307136404697 0.00451671183379 0.096657633243 0.0659439927733 0.00993676603433 0.185185185185 0.0271002710027 0.0108401084011 0.037037037037 0.0271002710027 0.00451671183379 0.0993676603433 0.0605239385727 0.0252935862692 0.0343270099368 0.0641373080397 0.0460704607046 0.0189701897019 0.00271002710027 0.00813008130081 0.140921409214
30 0.0343270099368 0.00722673893406 0.0749774164408 0.0614272809395 0.00813008130081 0.259259259259 0.0325203252033 0.0108401084011 0.0532971996387 0.0207768744354 0.00542005420054 0.059620596206 0.0271002710027 0.0352303523035 0.0361336946703 0.0532971996387 0.03342366757 0.0198735320687 0.00361336946703 0.00722673893406 0.156278229449
31 0.0343270099368 0.0144534778681 0.0505871725384 0.0722673893406 0.0478771454381 0.0406504065041 0.0406504065041 0.0379403794038 0.0496838301716 0.0442637759711 0.0171635049684 0.0243902439024 0.0225835591689 0.0460704607046 0.0532971996387 0.0623306233062 0.0442637759711 0.0713640469738 0.0424570912376 0.0171635049684 0.166214995483
32 0.0388437217706 0.0180668473351 0.0207768744354 0.0713640469738 0.0379403794038 0.0216802168022 0.0216802168022 0.0939476061427 0.037037037037 0.0731707317073 0.0144534778681 0.0289069557362 0.0605239385727 0.0361336946703 0.0523938572719 0.0379403794038 0.0325203252033 0.108401084011 0.0252935862692 0.0243902439024 0.144534778681
33 0.0514905149051 0.0144534778681 0.0198735320687 0.0451671183379 0.0352303523035 0.0451671183379 0.0325203252033 0.0822041553749 0.0686540198735 0.10298102981 0.0180668473351 0.0252935862692 0.00903342366757 0.03342366757 0.0677506775068 0.0469738030714 0.0424570912376 0.0560072267389 0.0234869015357 0.0469738030714 0.132791327913
34 0.0993676603433 0.0108401084011 0.0307136404697 0.0695573622403 0.0207768744354 0.0758807588076 0.0343270099368 0.0316169828365 0.0424570912376 0.059620596206 0.0162601626016 0.0731707317073 0.0207768744354 0.0496838301716 0.0560072267389 0.0749774164408 0.0505871725384 0.0379403794038 0.0135501355014 0.0108401084011 0.121047877145
35 0.0840108401084 0.0252935862692 0.0117434507678 0.0307136404697 0.118337850045 0.0442637759711 0.0225835591689 0.0767841011743 0.0307136404697 0.0903342366757 0.0243902439024 0.0153568202349 0.0108401084011 0.0207768744354 0.0343270099368 0.0560072267389 0.0406504065041 0.0587172538392 0.0307136404697 0.059620596206 0.113821138211
36 0.118337850045 0.0234869015357 0.0135501355014 0.0316169828365 0.0307136404697 0.0867208672087 0.0216802168022 0.0225835591689 0.0587172538392 0.0397470641373 0.00993676603433 0.0198735320687 0.0171635049684 0.0234869015357 0.0514905149051 0.196928635953 0.0406504065041 0.0280036133695 0.00903342366757 0.0469738030714 0.109304426378
37 0.0569105691057 0.0180668473351 0.0234869015357 0.0469738030714 0.0325203252033 0.149954832882 0.0135501355014 0.0352303523035 0.0650406504065 0.0740740740741 0.00903342366757 0.026196928636 0.0523938572719 0.0252935862692 0.0803974706414 0.0614272809395 0.0316169828365 0.0478771454381 0.0135501355014 0.026196928636 0.110207768744
38 0.0496838301716 0.0216802168022 0.029810298103 0.0325203252033 0.03342366757 0.0749774164408 0.0198735320687 0.0505871725384 0.059620596206 0.105691056911 0.0207768744354 0.0352303523035 0.0740740740741 0.0225835591689 0.0451671183379 0.0686540198735 0.0460704607046 0.0478771454381 0.00271002710027 0.0343270099368 0.124661246612
39 0.0388437217706 0.026196928636 0.0424570912376 0.0794941282746 0.0415537488708 0.0614272809395 0.0243902439024 0.0623306233062 0.037037037037 0.124661246612 0.00903342366757 0.029810298103 0.0641373080397 0.0216802168022 0.0496838301716 0.0496838301716 0.0487804878049 0.06684733514 0.00542005420054 0.0198735320687 0.096657633243
40 0.0487804878049 0.0117434507678 0.0505871725384 0.0578139114724 0.0325203252033 0.159891598916 0.0415537488708 0.0225835591689 0.0542005420054 0.0361336946703 0.00451671183379 0.0451671183379 0.093044263776 0.0388437217706 0.0442637759711 0.0542005420054 0.0478771454381 0.0234869015357 0.00361336946703 0.0135501355014 0.115627822945
41 0.0605239385727 0.0352303523035 0.0569105691057 0.059620596206 0.0243902439024 0.0578139114724 0.0388437217706 0.0542005420054 0.0542005420054 0.0478771454381 0.0135501355014 0.0587172538392 0.0424570912376 0.026196928636 0.0505871725384 0.0523938572719 0.0469738030714 0.0641373080397 0.00903342366757 0.0271002710027 0.119241192412
42 0.107497741644 0.0496838301716 0.0180668473351 0.0243902439024 0.0135501355014 0.0551038843722 0.0388437217706 0.0289069557362 0.0289069557362 0.0623306233062 0.0180668473351 0.0280036133695 0.0523938572719 0.0686540198735 0.0379403794038 0.096657633243 0.106594399277 0.0460704607046 0.0135501355014 0.0198735320687 0.0849141824752
43 0.0162601626016 0.0108401084011 0.0921409214092 0.0271002710027 0.0063233965673 0.0243902439024 0.0189701897019 0.0108401084011 0.0153568202349 0.0171635049684 0.0063233965673 0.0686540198735 0.0171635049684 0.0117434507678 0.0189701897019 0.274616079494 0.26738934056 0.0063233965673 0.00361336946703 0.00813008130081 0.0776874435411
44 0.116531165312 0.00271002710027 0.00361336946703 0.0189701897019 0.0063233965673 0.0135501355014 0.00993676603433 0.101174345077 0.0117434507678 0.0171635049684 0.00180668473351 0.191508581752 0.0767841011743 0.0144534778681 0.0180668473351 0.16169828365 0.0280036133695 0.121047877145 0.0 0.00722673893406 0.0776874435411
45 0.0388437217706 0.00361336946703 0.0271002710027 0.026196928636 0.0939476061427 0.0234869015357 0.0352303523035 0.0397470641373 0.0153568202349 0.111111111111 0.0117434507678 0.186088527552 0.0153568202349 0.0822041553749 0.0189701897019 0.0343270099368 0.0605239385727 0.0325203252033 0.00180668473351 0.0650406504065 0.0767841011743
46 0.0695573622403 0.00722673893406 0.0614272809395 0.115627822945 0.0189701897019 0.0207768744354 0.03342366757 0.0496838301716 0.0343270099368 0.0460704607046 0.026196928636 0.0144534778681 0.00813008130081 0.0813008130081 0.115627822945 0.0289069557362 0.0776874435411 0.0740740740741 0.0135501355014 0.029810298103 0.0731707317073
47 0.531165311653 0.0234869015357 0.00361336946703 0.00542005420054 0.0063233965673 0.0876242095754 0.00271002710027 0.0144534778681 0.0126467931346 0.0551038843722 0.0388437217706 0.00271002710027 0.00813008130081 0.00542005420054 0.0144534778681 0.0496838301716 0.0379403794038 0.0388437217706 0.0 0.00361336946703 0.0578139114724
48 0.0117886178862 0.000948509485095 0.0172086720867 0.794083107498 4.51671183379e-05 0.0117886178862 0.00275519421861 0.00727190605239 0.027145438121 0.00998193315266 0.00185185185185 0.00636856368564 0.00275519421861 0.0135953026197 0.00546522131888 0.00546522131888 0.0117886178862 0.00817524841915 0.000948509485095 0.00365853658537 0.0569105691057
49 0.124661246612 0.0171635049684 0.000903342366757 0.0126467931346 0.0379403794038 0.0108401084011 0.00180668473351 0.108401084011 0.00271002710027 0.378500451671 0.0496838301716 0.00180668473351 0.00361336946703 0.00722673893406 0.00451671183379 0.0144534778681 0.0325203252033 0.0505871725384 0.0108401084011 0.0758807588076 0.0532971996387
50 0.0822041553749 0.0198735320687 0.00542005420054 0.0885275519422 0.03342366757 0.0135501355014 0.029810298103 0.0532971996387 0.03342366757 0.182475158085 0.0713640469738 0.0135501355014 0.00271002710027 0.0560072267389 0.0496838301716 0.03342366757 0.0469738030714 0.0605239385727 0.0225835591689 0.0542005420054 0.0469738030714
51 0.675700090334 0.00993676603433 0.0063233965673 0.00542005420054 0.00271002710027 0.140921409214 0.00180668473351 0.00271002710027 0.00180668473351 0.00361336946703 0.00361336946703 0.000903342366757 0.00542005420054 0.00361336946703 0.00271002710027 0.0424570912376 0.026196928636 0.0189701897019 0.00180668473351 0.000903342366757 0.0424570912376
52 0.103884372177 0.0433604336043 0.00180668473351 0.00451671183379 0.03342366757 0.00451671183379 0.00180668473351 0.311653116531 0.0 0.229448961156 0.037037037037 0.00361336946703 0.00180668473351 0.00271002710027 0.00180668473351 0.00722673893406 0.0126467931346 0.151761517615 0.00180668473351 0.00361336946703 0.0415537488708
53 0.0686540198735 0.0171635049684 0.0117434507678 0.0307136404697 0.029810298103 0.0162601626016 0.0180668473351 0.149051490515 0.0551038843722 0.23396567299 0.0171635049684 0.0180668473351 0.00271002710027 0.0252935862692 0.0767841011743 0.0216802168022 0.037037037037 0.059620596206 0.0180668473351 0.0514905149051 0.0415537488708
54 0.0894308943089 0.00903342366757 0.03342366757 0.128274616079 0.0316169828365 0.0117434507678 0.0551038843722 0.0307136404697 0.0894308943089 0.115627822945 0.0424570912376 0.0352303523035 0.00451671183379 0.0514905149051 0.0677506775068 0.0352303523035 0.0343270099368 0.0234869015357 0.03342366757 0.0388437217706 0.0388437217706
55 0.527551942186 0.0189701897019 0.00542005420054 0.00542005420054 0.00451671183379 0.232158988257 0.000903342366757 0.00722673893406 0.000903342366757 0.0243902439024 0.00271002710027 0.00451671183379 0.00271002710027 0.00271002710027 0.00542005420054 0.0397470641373 0.0234869015357 0.0478771454381 0.00180668473351 0.00180668473351 0.0397470641373
56 0.0361336946703 0.0135501355014 0.000903342366757 0.00451671183379 0.0379403794038 0.0 0.0063233965673 0.138211382114 0.00361336946703 0.520325203252 0.0514905149051 0.0 0.00180668473351 0.00180668473351 0.00180668473351 0.0063233965673 0.0153568202349 0.112014453478 0.0 0.0063233965673 0.0415537488708
57 0.0252935862692 0.0117434507678 0.0514905149051 0.181571815718 0.00542005420054 0.0153568202349 0.026196928636 0.0225835591689 0.13369467028 0.0713640469738 0.0126467931346 0.037037037037 0.00361336946703 0.105691056911 0.130081300813 0.063233965673 0.0252935862692 0.0189701897019 0.00451671183379 0.0135501355014 0.0406504065041
58 0.0803974706414 0.0171635049684 0.0243902439024 0.0216802168022 0.0415537488708 0.00903342366757 0.0514905149051 0.0894308943089 0.0415537488708 0.156278229449 0.03342366757 0.0189701897019 0.0 0.0406504065041 0.059620596206 0.059620596206 0.0451671183379 0.0496838301716 0.059620596206 0.0560072267389 0.0442637759711
59 0.332475158085 0.0361788617886 0.00546522131888 0.00365853658537 0.0506323396567 0.0226287262873 0.0154019873532 0.103026196929 0.00185185185185 0.159033423668 0.027145438121 0.00727190605239 0.00365853658537 0.00365853658537 0.0117886178862 0.0244354110208 0.0325654923216 0.0930894308943 0.00817524841915 0.0108852755194 0.0469738030714
60 0.0695573622403 0.0153568202349 0.0252935862692 0.0569105691057 0.0144534778681 0.0252935862692 0.0243902439024 0.0686540198735 0.0948509485095 0.116531165312 0.0171635049684 0.0352303523035 0.0731707317073 0.0460704607046 0.0641373080397 0.0460704607046 0.0352303523035 0.0560072267389 0.0379403794038 0.0162601626016 0.0614272809395
61 0.0451671183379 0.0126467931346 0.0560072267389 0.0758807588076 0.00993676603433 0.177958446251 0.0216802168022 0.0153568202349 0.0849141824752 0.0352303523035 0.00722673893406 0.0767841011743 0.0505871725384 0.0442637759711 0.0722673893406 0.0650406504065 0.029810298103 0.0162601626016 0.00542005420054 0.0135501355014 0.0840108401084
62 0.0551038843722 0.0189701897019 0.0813008130081 0.0280036133695 0.0794941282746 0.0677506775068 0.0243902439024 0.0740740740741 0.0307136404697 0.0767841011743 0.0135501355014 0.0560072267389 0.0614272809395 0.0144534778681 0.0406504065041 0.0397470641373 0.0352303523035 0.0614272809395 0.0180668473351 0.0505871725384 0.0722673893406
63 0.0496838301716 0.0280036133695 0.059620596206 0.0623306233062 0.0144534778681 0.0433604336043 0.0352303523035 0.0144534778681 0.108401084011 0.0280036133695 0.0162601626016 0.0433604336043 0.026196928636 0.0677506775068 0.122854561879 0.0849141824752 0.0948509485095 0.0307136404697 0.00271002710027 0.00722673893406 0.059620596206
64 0.0252935862692 0.0135501355014 0.0560072267389 0.0731707317073 0.00451671183379 0.0216802168022 0.063233965673 0.0180668473351 0.121047877145 0.0108401084011 0.00722673893406 0.0975609756098 0.0975609756098 0.0397470641373 0.13098464318 0.0885275519422 0.0542005420054 0.029810298103 0.00451671183379 0.00813008130081 0.0343270099368
65 0.0569105691057 0.0135501355014 0.00542005420054 0.00271002710027 0.0388437217706 0.00993676603433 0.00361336946703 0.23667570009 0.00451671183379 0.226738934056 0.0144534778681 0.00271002710027 0.00361336946703 0.00451671183379 0.00542005420054 0.00993676603433 0.0280036133695 0.271906052394 0.0063233965673 0.0198735320687 0.0343270099368
66 0.0388437217706 0.0198735320687 0.0243902439024 0.06684733514 0.0280036133695 0.000903342366757 0.0478771454381 0.158988256549 0.0316169828365 0.0921409214092 0.0117434507678 0.0469738030714 0.00722673893406 0.0316169828365 0.03342366757 0.026196928636 0.106594399277 0.152664859982 0.0198735320687 0.0216802168022 0.0325203252033
67 0.0144534778681 0.0225835591689 0.000903342366757 0.00271002710027 0.0794941282746 0.000903342366757 0.00180668473351 0.440831074977 0.00361336946703 0.148148148148 0.0144534778681 0.00180668473351 0.00361336946703 0.00361336946703 0.00361336946703 0.00542005420054 0.00542005420054 0.207768744354 0.000903342366757 0.0063233965673 0.0316169828365
68 0.0388437217706 0.0289069557362 0.00542005420054 0.156278229449 0.147244805781 0.0126467931346 0.0388437217706 0.0424570912376 0.0397470641373 0.0921409214092 0.0135501355014 0.0180668473351 0.00271002710027 0.0207768744354 0.0605239385727 0.0117434507678 0.0063233965673 0.063233965673 0.0171635049684 0.150858175248 0.0325203252033
69 0.0271002710027 0.0433604336043 0.000903342366757 0.00451671183379 0.00542005420054 0.0722673893406 0.00993676603433 0.0316169828365 0.00451671183379 0.0325203252033 0.0198735320687 0.00993676603433 0.00180668473351 0.00271002710027 0.0063233965673 0.283649503162 0.360433604336 0.0352303523035 0.00451671183379 0.0108401084011 0.0325203252033
70 0.00993676603433 0.00271002710027 0.775971093044 0.0180668473351 0.000903342366757 0.00903342366757 0.00993676603433 0.00361336946703 0.00722673893406 0.00271002710027 0.00180668473351 0.0379403794038 0.00542005420054 0.00180668473351 0.0153568202349 0.0307136404697 0.0153568202349 0.00542005420054 0.0 0.00722673893406 0.0388437217706
71 0.03342366757 0.124661246612 0.0162601626016 0.00903342366757 0.0108401084011 0.00361336946703 0.00722673893406 0.00451671183379 0.000903342366757 0.0162601626016 0.00271002710027 0.122854561879 0.00542005420054 0.00451671183379 0.00361336946703 0.547425474255 0.00542005420054 0.00542005420054 0.000903342366757 0.0180668473351 0.0569105691057
72 0.0514905149051 0.00542005420054 0.0316169828365 0.0758807588076 0.00903342366757 0.0126467931346 0.00993676603433 0.0252935862692 0.13369467028 0.121047877145 0.0325203252033 0.0271002710027 0.0117434507678 0.182475158085 0.0776874435411 0.059620596206 0.0496838301716 0.0153568202349 0.00361336946703 0.00722673893406 0.0569105691057
73 0.111111111111 0.00180668473351 0.0379403794038 0.0361336946703 0.0415537488708 0.0316169828365 0.0135501355014 0.0289069557362 0.0153568202349 0.0903342366757 0.0144534778681 0.0487804878049 0.0225835591689 0.029810298103 0.0180668473351 0.13098464318 0.0695573622403 0.0415537488708 0.0108401084011 0.143631436314 0.0614272809395
74 0.242999096658 0.0207768744354 0.00271002710027 0.00361336946703 0.00813008130081 0.0108401084011 0.0 0.070460704607 0.0 0.181571815718 0.0198735320687 0.0063233965673 0.00180668473351 0.0 0.00271002710027 0.0487804878049 0.0406504065041 0.27009936766 0.000903342366757 0.00271002710027 0.0650406504065
75 0.0587172538392 0.0225835591689 0.00361336946703 0.0117434507678 0.0271002710027 0.00451671183379 0.00271002710027 0.259259259259 0.0162601626016 0.191508581752 0.0234869015357 0.00542005420054 0.00180668473351 0.0153568202349 0.0126467931346 0.0216802168022 0.0189701897019 0.232158988257 0.00361336946703 0.0243902439024 0.0424570912376
76 0.0569105691057 0.00451671183379 0.0984643179765 0.0749774164408 0.00903342366757 0.0478771454381 0.0271002710027 0.0144534778681 0.112917795845 0.0289069557362 0.0207768744354 0.112917795845 0.00451671183379 0.105691056911 0.0849141824752 0.0767841011743 0.0388437217706 0.0117434507678 0.00271002710027 0.0189701897019 0.0469738030714
77 0.168021680217 0.0505871725384 0.0153568202349 0.0162601626016 0.0216802168022 0.0803974706414 0.0252935862692 0.0478771454381 0.0271002710027 0.0831074977416 0.0352303523035 0.0316169828365 0.000903342366757 0.0731707317073 0.0307136404697 0.0876242095754 0.0569105691057 0.0424570912376 0.0198735320687 0.0207768744354 0.0650406504065
78 0.0433604336043 0.0153568202349 0.000903342366757 0.00361336946703 0.063233965673 0.00451671183379 0.00361336946703 0.232158988257 0.00271002710027 0.321589882565 0.0514905149051 0.00271002710027 0.0063233965673 0.00361336946703 0.00542005420054 0.0126467931346 0.0171635049684 0.122854561879 0.00722673893406 0.0171635049684 0.0623306233062
79 0.0605239385727 0.0144534778681 0.0352303523035 0.0406504065041 0.0135501355014 0.0280036133695 0.0289069557362 0.0135501355014 0.0858175248419 0.0478771454381 0.00813008130081 0.142728093948 0.00993676603433 0.0885275519422 0.0731707317073 0.0803974706414 0.113821138211 0.0234869015357 0.00361336946703 0.0117434507678 0.0758807588076
80 0.0361336946703 0.00903342366757 0.059620596206 0.0532971996387 0.00722673893406 0.108401084011 0.0271002710027 0.0153568202349 0.108401084011 0.0180668473351 0.00722673893406 0.102077687444 0.00722673893406 0.0325203252033 0.070460704607 0.106594399277 0.0433604336043 0.0126467931346 0.000903342366757 0.0144534778681 0.159891598916
81 0.0180668473351 0.00903342366757 0.0207768744354 0.0108401084011 0.0198735320687 0.0243902439024 0.0189701897019 0.0108401084011 0.0234869015357 0.037037037037 0.00451671183379 0.0189701897019 0.0280036133695 0.0126467931346 0.0415537488708 0.0189701897019 0.0126467931346 0.00993676603433 0.116531165312 0.0252935862692 0.517615176152
82 0.026196928636 0.0108401084011 0.00993676603433 0.00813008130081 0.00993676603433 0.0171635049684 0.00722673893406 0.0623306233062 0.0207768744354 0.093044263776 0.0225835591689 0.00361336946703 0.0153568202349 0.00722673893406 0.0252935862692 0.0189701897019 0.0135501355014 0.0325203252033 0.000903342366757 0.0189701897019 0.575429087624
83 0.026196928636 0.00361336946703 0.0280036133695 0.0469738030714 0.00993676603433 0.0144534778681 0.0216802168022 0.0063233965673 0.029810298103 0.0144534778681 0.00361336946703 0.0243902439024 0.0478771454381 0.0189701897019 0.0207768744354 0.029810298103 0.0307136404697 0.0162601626016 0.00813008130081 0.0117434507678 0.586269196025
84 0.0198735320687 0.000903342366757 0.0189701897019 0.0271002710027 0.00271002710027 0.0569105691057 0.00813008130081 0.0108401084011 0.0641373080397 0.0144534778681 0.00361336946703 0.029810298103 0.0216802168022 0.0135501355014 0.0343270099368 0.0289069557362 0.0271002710027 0.0144534778681 0.00451671183379 0.0063233965673 0.591689250226
85 0.00542005420054 0.00542005420054 0.0063233965673 0.0063233965673 0.0135501355014 0.0063233965673 0.0126467931346 0.0126467931346 0.00993676603433 0.0117434507678 0.00361336946703 0.00903342366757 0.0117434507678 0.00542005420054 0.0126467931346 0.00993676603433 0.00451671183379 0.00542005420054 0.186088527552 0.0126467931346 0.648599819332
86 0.0289069557362 0.00451671183379 0.0108401084011 0.0442637759711 0.00542005420054 0.00542005420054 0.00903342366757 0.0135501355014 0.063233965673 0.0144534778681 0.00903342366757 0.00993676603433 0.00542005420054 0.0225835591689 0.0352303523035 0.0225835591689 0.00813008130081 0.0126467931346 0.0 0.00271002710027 0.672086720867
87 0.0271002710027 0.00180668473351 0.0343270099368 0.0180668473351 0.00451671183379 0.00542005420054 0.00993676603433 0.00722673893406 0.0478771454381 0.0144534778681 0.0063233965673 0.0144534778681 0.0108401084011 0.0225835591689 0.0551038843722 0.0198735320687 0.0180668473351 0.00451671183379 0.00180668473351 0.00542005420054 0.670280036134
88 0.0180668473351 0.000903342366757 0.00993676603433 0.0144534778681 0.00271002710027 0.0207768744354 0.00722673893406 0.00903342366757 0.0325203252033 0.00813008130081 0.000903342366757 0.0957542908762 0.00361336946703 0.0144534778681 0.0487804878049 0.0225835591689 0.0135501355014 0.00993676603433 0.00180668473351 0.00361336946703 0.661246612466
89 0.0252935862692 0.00361336946703 0.0542005420054 0.0505871725384 0.00361336946703 0.168925022584 0.00722673893406 0.00542005420054 0.0280036133695 0.0126467931346 0.00271002710027 0.0469738030714 0.0316169828365 0.0171635049684 0.03342366757 0.0388437217706 0.0189701897019 0.0153568202349 0.00271002710027 0.00361336946703 0.42908762421
90 0.0180668473351 0.00542005420054 0.00722673893406 0.00722673893406 0.0587172538392 0.0117434507678 0.00361336946703 0.0135501355014 0.0126467931346 0.0189701897019 0.0108401084011 0.00903342366757 0.0207768744354 0.0108401084011 0.0171635049684 0.0216802168022 0.0180668473351 0.00361336946703 0.218608852755 0.0569105691057 0.455284552846
91 0.0343270099368 0.0063233965673 0.0189701897019 0.0406504065041 0.00180668473351 0.026196928636 0.00813008130081 0.0406504065041 0.104787714544 0.0560072267389 0.0189701897019 0.0144534778681 0.029810298103 0.0307136404697 0.107497741644 0.026196928636 0.0424570912376 0.0379403794038 0.00180668473351 0.00451671183379 0.347786811201
92 0.03342366757 0.0153568202349 0.0280036133695 0.0162601626016 0.00542005420054 0.0198735320687 0.00722673893406 0.0162601626016 0.0677506775068 0.0153568202349 0.00542005420054 0.0523938572719 0.0216802168022 0.0198735320687 0.0442637759711 0.0469738030714 0.0939476061427 0.0153568202349 0.000903342366757 0.00542005420054 0.468834688347
93 0.0758807588076 0.00361336946703 0.0108401084011 0.0153568202349 0.00722673893406 0.0289069557362 0.00993676603433 0.0162601626016 0.0578139114724 0.0243902439024 0.00722673893406 0.0307136404697 0.0397470641373 0.0280036133695 0.0469738030714 0.0957542908762 0.0243902439024 0.0153568202349 0.0 0.00993676603433 0.451671183379
94 0.0343270099368 0.0063233965673 0.0713640469738 0.0234869015357 0.00361336946703 0.0361336946703 0.0126467931346 0.00903342366757 0.0514905149051 0.0162601626016 0.000903342366757 0.0415537488708 0.0280036133695 0.0216802168022 0.0523938572719 0.0849141824752 0.0406504065041 0.00993676603433 0.00180668473351 0.0063233965673 0.447154471545
95 0.0225835591689 0.00813008130081 0.0234869015357 0.0361336946703 0.00903342366757 0.180668473351 0.0144534778681 0.0153568202349 0.0424570912376 0.0225835591689 0.00361336946703 0.0379403794038 0.0216802168022 0.0189701897019 0.0316169828365 0.0352303523035 0.0189701897019 0.0117434507678 0.0 0.0063233965673 0.439024390244
96 0.0280036133695 0.0 0.0198735320687 0.059620596206 0.00903342366757 0.0469738030714 0.0198735320687 0.0171635049684 0.0858175248419 0.0216802168022 0.00451671183379 0.0361336946703 0.0135501355014 0.0532971996387 0.0487804878049 0.0641373080397 0.0469738030714 0.0234869015357 0.00451671183379 0.0126467931346 0.383920505872
97 0.0307136404697 0.0063233965673 0.0442637759711 0.0442637759711 0.0153568202349 0.0487804878049 0.0243902439024 0.0316169828365 0.0361336946703 0.0532971996387 0.0108401084011 0.0225835591689 0.155374887082 0.0207768744354 0.0343270099368 0.0532971996387 0.0252935862692 0.029810298103 0.00271002710027 0.0379403794038 0.271906052394
98 0.0505871725384 0.0234869015357 0.0144534778681 0.026196928636 0.00993676603433 0.0189701897019 0.0388437217706 0.105691056911 0.0216802168022 0.0840108401084 0.00542005420054 0.00993676603433 0.0316169828365 0.0189701897019 0.0325203252033 0.0433604336043 0.0487804878049 0.160794941283 0.0117434507678 0.0153568202349 0.227642276423
99 0.0858175248419 0.00542005420054 0.0234869015357 0.0605239385727 0.00361336946703 0.026196928636 0.0171635049684 0.0325203252033 0.104787714544 0.0496838301716 0.00813008130081 0.0234869015357 0.063233965673 0.0415537488708 0.0713640469738 0.0505871725384 0.0379403794038 0.0560072267389 0.00542005420054 0.0162601626016 0.216802168022
100 0.029810298103 0.0108401084011 0.0325203252033 0.0252935862692 0.037037037037 0.0289069557362 0.0740740740741 0.0442637759711 0.0117434507678 0.0731707317073 0.0216802168022 0.194218608853 0.00813008130081 0.0108401084011 0.0189701897019 0.0677506775068 0.0352303523035 0.0243902439024 0.00813008130081 0.0551038843722 0.187895212285
101 0.0813008130081 0.00722673893406 0.0216802168022 0.0234869015357 0.0180668473351 0.0469738030714 0.0316169828365 0.029810298103 0.06684733514 0.0569105691057 0.00993676603433 0.037037037037 0.0460704607046 0.0731707317073 0.107497741644 0.059620596206 0.037037037037 0.029810298103 0.00722673893406 0.0252935862692 0.183378500452
102 0.06684733514 0.00722673893406 0.141824751581 0.130081300813 0.0126467931346 0.0361336946703 0.03342366757 0.029810298103 0.0551038843722 0.0415537488708 0.0180668473351 0.0460704607046 0.0614272809395 0.0406504065041 0.0587172538392 0.0758807588076 0.0379403794038 0.0225835591689 0.0063233965673 0.00993676603433 0.0677506775068
103 0.037037037037 0.0135501355014 0.0144534778681 0.0406504065041 0.0478771454381 0.00903342366757 0.00722673893406 0.172538392051 0.0207768744354 0.305329719964 0.0207768744354 0.00722673893406 0.0063233965673 0.029810298103 0.0180668473351 0.0144534778681 0.0316169828365 0.0713640469738 0.0108401084011 0.0542005420054 0.06684733514
104 0.0505871725384 0.0162601626016 0.00361336946703 0.0063233965673 0.0767841011743 0.00271002710027 0.0153568202349 0.144534778681 0.0225835591689 0.162601626016 0.0352303523035 0.0063233965673 0.00271002710027 0.0126467931346 0.03342366757 0.026196928636 0.0207768744354 0.111111111111 0.130081300813 0.0542005420054 0.0659439927733
105 0.0641373080397 0.00993676603433 0.0650406504065 0.117434507678 0.0126467931346 0.0153568202349 0.0289069557362 0.0234869015357 0.113821138211 0.0523938572719 0.0216802168022 0.0406504065041 0.00813008130081 0.112917795845 0.127371273713 0.0569105691057 0.0325203252033 0.0198735320687 0.00451671183379 0.0126467931346 0.059620596206
106 0.0912375790425 0.0135501355014 0.0885275519422 0.149051490515 0.0189701897019 0.0135501355014 0.0144534778681 0.0433604336043 0.0912375790425 0.0623306233062 0.0153568202349 0.0307136404697 0.00993676603433 0.0650406504065 0.0831074977416 0.0578139114724 0.0343270099368 0.0243902439024 0.00722673893406 0.0216802168022 0.0641373080397
107 0.0785907859079 0.037037037037 0.00451671183379 0.00451671183379 0.0361336946703 0.00451671183379 0.00451671183379 0.317073170732 0.00180668473351 0.235772357724 0.026196928636 0.00813008130081 0.00361336946703 0.00451671183379 0.0162601626016 0.0108401084011 0.0316169828365 0.0894308943089 0.00903342366757 0.0189701897019 0.0569105691057
108 0.059620596206 0.0126467931346 0.059620596206 0.0523938572719 0.0234869015357 0.0135501355014 0.0460704607046 0.0650406504065 0.0903342366757 0.104787714544 0.0207768744354 0.0307136404697 0.00813008130081 0.0659439927733 0.109304426378 0.0406504065041 0.026196928636 0.0514905149051 0.0307136404697 0.0252935862692 0.063233965673
109 0.0984643179765 0.0126467931346 0.0813008130081 0.144534778681 0.0225835591689 0.0289069557362 0.0307136404697 0.0198735320687 0.0921409214092 0.0415537488708 0.0126467931346 0.0469738030714 0.0063233965673 0.0496838301716 0.0867208672087 0.0695573622403 0.0478771454381 0.0180668473351 0.00993676603433 0.0108401084011 0.0686540198735
110 0.059620596206 0.0234869015357 0.00993676603433 0.0379403794038 0.0415537488708 0.0117434507678 0.0189701897019 0.093044263776 0.0325203252033 0.320686540199 0.0361336946703 0.0153568202349 0.00451671183379 0.03342366757 0.0487804878049 0.0280036133695 0.0271002710027 0.0460704607046 0.0189701897019 0.0234869015357 0.0686540198735
111 0.0822041553749 0.0316169828365 0.0108401084011 0.0316169828365 0.029810298103 0.0144534778681 0.0144534778681 0.0921409214092 0.0496838301716 0.240289069557 0.0496838301716 0.0207768744354 0.00813008130081 0.0325203252033 0.0469738030714 0.0532971996387 0.03342366757 0.0560072267389 0.00903342366757 0.0207768744354 0.0722673893406
112 0.0623306233062 0.0117434507678 0.0713640469738 0.0948509485095 0.0063233965673 0.03342366757 0.026196928636 0.0153568202349 0.106594399277 0.0433604336043 0.0135501355014 0.0677506775068 0.0243902439024 0.0623306233062 0.134598012647 0.0822041553749 0.0316169828365 0.0216802168022 0.00361336946703 0.0126467931346 0.0740740740741
113 0.0415537488708 0.0126467931346 0.0523938572719 0.0885275519422 0.0108401084011 0.0767841011743 0.0252935862692 0.0180668473351 0.0984643179765 0.0542005420054 0.0180668473351 0.059620596206 0.0216802168022 0.0731707317073 0.104787714544 0.0858175248419 0.037037037037 0.0171635049684 0.00451671183379 0.0180668473351 0.0813008130081
114 0.0280036133695 0.0198735320687 0.0144534778681 0.0234869015357 0.137308039747 0.0352303523035 0.0514905149051 0.070460704607 0.0388437217706 0.132791327913 0.0207768744354 0.037037037037 0.0153568202349 0.0153568202349 0.0903342366757 0.026196928636 0.0271002710027 0.0523938572719 0.0289069557362 0.0325203252033 0.102077687444
115 0.03342366757 0.0144534778681 0.0722673893406 0.0957542908762 0.0135501355014 0.0397470641373 0.0361336946703 0.0189701897019 0.0885275519422 0.037037037037 0.00451671183379 0.0867208672087 0.0496838301716 0.0469738030714 0.0740740740741 0.102077687444 0.0605239385727 0.0316169828365 0.00451671183379 0.0153568202349 0.0740740740741
116 0.0216802168022 0.0424570912376 0.00542005420054 0.00542005420054 0.0587172538392 0.00451671183379 0.0117434507678 0.187895212285 0.0126467931346 0.123757904246 0.00903342366757 0.00361336946703 0.0153568202349 0.00361336946703 0.0144534778681 0.0225835591689 0.0542005420054 0.290876242096 0.0207768744354 0.0225835591689 0.0686540198735
117 0.029810298103 0.0171635049684 0.0388437217706 0.0957542908762 0.0289069557362 0.0126467931346 0.0433604336043 0.0343270099368 0.0858175248419 0.0406504065041 0.00813008130081 0.0325203252033 0.00180668473351 0.0505871725384 0.0975609756098 0.120144534779 0.112014453478 0.0523938572719 0.00722673893406 0.0234869015357 0.06684733514
118 0.0171635049684 0.0108401084011 0.00361336946703 0.00451671183379 0.252032520325 0.00903342366757 0.00180668473351 0.158084914182 0.00271002710027 0.196928635953 0.0189701897019 0.000903342366757 0.0063233965673 0.00271002710027 0.00451671183379 0.0108401084011 0.0135501355014 0.144534778681 0.0415537488708 0.0234869015357 0.0758807588076
