POS A C D E F G H I K L M N P Q R S T V W Y -
1 0.00647548566142 0.000925069380204 0.00277520814061 0.00370027752081 0.00370027752081 0.000925069380204 0.0 0.00277520814061 0.00832562442183 0.00555041628122 0.0231267345051 0.0138760407031 0.00277520814061 0.00555041628122 0.0 0.00277520814061 0.0 0.00277520814061 0.0 0.000925069380204 0.913043478261
2 0.0148011100833 0.000925069380204 0.0314523589269 0.0333024976873 0.000925069380204 0.00740055504163 0.00925069380204 0.00925069380204 0.0148011100833 0.00832562442183 0.0351526364477 0.0240518038853 0.0462534690102 0.0148011100833 0.00832562442183 0.0342275670675 0.0157261794635 0.00370027752081 0.0 0.00277520814061 0.684551341351
3 0.0175763182239 0.0 0.0712303422757 0.0360777058279 0.00555041628122 0.126734505088 0.0111008325624 0.00555041628122 0.0323774283071 0.0111008325624 0.0194264569843 0.0573543015726 0.0444033302498 0.0129509713228 0.0305272895467 0.0397779833488 0.0305272895467 0.00555041628122 0.00185013876041 0.0111008325624 0.429232192414
4 0.05 0.0176225716929 0.0537002775208 0.0435245143386 0.0277983348751 0.0213228492137 0.0231729879741 0.0176225716929 0.0388991674376 0.0194727104533 0.0240980573543 0.0231729879741 0.0342738205365 0.0259481961147 0.0351988899167 0.05 0.0675763182239 0.0370490286772 0.0462997224792 0.0250231267345 0.31822386679
5 0.0296022201665 0.0129509713228 0.00277520814061 0.0101757631822 0.0397779833488 0.00647548566142 0.00647548566142 0.138760407031 0.00925069380204 0.172987974098 0.0286771507863 0.0111008325624 0.0148011100833 0.00925069380204 0.0148011100833 0.0111008325624 0.0425531914894 0.131359851989 0.0379278445883 0.0471785383904 0.222016651249
6 0.0314523589269 0.0101757631822 0.0148011100833 0.0314523589269 0.0120259019426 0.00370027752081 0.0370027752081 0.0980573543016 0.154486586494 0.0481036077706 0.00740055504163 0.0296022201665 0.00647548566142 0.0231267345051 0.0462534690102 0.0240518038853 0.0971322849214 0.131359851989 0.00555041628122 0.0212765957447 0.166512488437
7 0.0620259019426 0.0611008325624 4.62534690102e-05 0.00189639222942 0.059250693802 0.0102220166512 0.000971322849214 0.229463459759 4.62534690102e-05 0.154532839963 0.0148473635523 0.00467160037003 0.00282146160962 0.00189639222942 0.00374653098982 0.00282146160962 0.00652173913043 0.208186864015 0.0129972247919 0.0139222941721 0.148011100833
8 0.0434782608696 0.00555041628122 0.00555041628122 0.00832562442183 0.167437557817 0.00555041628122 0.0166512488437 0.0249768732655 0.00832562442183 0.00832562442183 0.00740055504163 0.132284921369 0.00277520814061 0.0138760407031 0.0129509713228 0.0259019426457 0.0212765957447 0.00740055504163 0.0379278445883 0.304347826087 0.139685476411
9 0.0323774283071 0.04532839963 0.00462534690102 0.00555041628122 0.0730804810361 0.00740055504163 0.0 0.0804810360777 0.00370027752081 0.0212765957447 0.0129509713228 0.000925069380204 0.00555041628122 0.00277520814061 0.00462534690102 0.0693802035153 0.337650323774 0.149861239593 0.000925069380204 0.00740055504163 0.13413506013
10 0.0259481961147 0.00837187789084 0.693848288622 0.0166975023127 0.000971322849214 0.0203977798335 0.0139222941721 0.00467160037003 0.00929694727105 0.00374653098982 0.00282146160962 0.0176225716929 0.00467160037003 0.00189639222942 0.0102220166512 0.0194727104533 0.00929694727105 0.00282146160962 4.62534690102e-05 0.00282146160962 0.130434782609
11 0.209065679926 0.00277520814061 0.00647548566142 0.00647548566142 0.000925069380204 0.523589269195 0.00370027752081 0.00185013876041 0.00185013876041 0.00370027752081 0.00647548566142 0.00925069380204 0.00370027752081 0.00185013876041 0.0157261794635 0.0296022201665 0.0194264569843 0.0194264569843 0.0 0.00277520814061 0.131359851989
12 0.163737280296 0.0194264569843 0.00370027752081 0.00370027752081 0.00647548566142 0.0582793709528 0.00647548566142 0.0111008325624 0.00555041628122 0.0157261794635 0.000925069380204 0.00740055504163 0.00832562442183 0.00555041628122 0.00740055504163 0.483811285846 0.0305272895467 0.0222016651249 0.00277520814061 0.00647548566142 0.130434782609
13 0.059250693802 0.106429232192 0.0157724329325 0.0102220166512 0.0879278445883 0.0231729879741 0.0185476410731 0.0259481961147 0.054625346901 0.040749306198 0.0194727104533 0.00744680851064 0.00467160037003 0.00744680851064 0.0416743755782 0.0916281221092 0.0324236817761 0.0675763182239 0.059250693802 0.059250693802 0.166512488437
14 0.0231267345051 0.0175763182239 0.0536540240518 0.0296022201665 0.0296022201665 0.0129509713228 0.0360777058279 0.0601295097132 0.0915818686401 0.0795559666975 0.00925069380204 0.0573543015726 0.0148011100833 0.0296022201665 0.112858464385 0.063829787234 0.0416281221092 0.0323774283071 0.00185013876041 0.0268270120259 0.175763182239
15 0.0471785383904 0.0101757631822 0.0333024976873 0.0536540240518 0.00462534690102 0.106382978723 0.0314523589269 0.0166512488437 0.0804810360777 0.0240518038853 0.00555041628122 0.0814061054579 0.0888066604995 0.0388529139685 0.0351526364477 0.0730804810361 0.0277520814061 0.0333024976873 0.00740055504163 0.0185013876041 0.1822386679
16 0.0351526364477 0.00555041628122 0.0656799259944 0.049953746531 0.0101757631822 0.0656799259944 0.0259019426457 0.00925069380204 0.0610545790934 0.0185013876041 0.00555041628122 0.166512488437 0.0231267345051 0.0360777058279 0.0388529139685 0.0786308973173 0.0342275670675 0.0212765957447 0.00555041628122 0.0111008325624 0.232192414431
17 0.0388529139685 0.00462534690102 0.0379278445883 0.0370027752081 0.00740055504163 0.142460684551 0.0148011100833 0.00555041628122 0.0397779833488 0.0148011100833 0.00185013876041 0.0518038852914 0.0804810360777 0.0351526364477 0.0444033302498 0.0740055504163 0.0730804810361 0.00832562442183 0.00277520814061 0.00647548566142 0.278445883441
18 0.0351526364477 0.00647548566142 0.0379278445883 0.0268270120259 0.0101757631822 0.222016651249 0.0166512488437 0.0101757631822 0.0619796484736 0.0185013876041 0.00832562442183 0.0508788159112 0.0157261794635 0.0296022201665 0.0573543015726 0.0527289546716 0.0333024976873 0.0101757631822 0.00462534690102 0.0101757631822 0.281221091582
19 0.063829787234 0.0129509713228 0.0166512488437 0.0351526364477 0.0129509713228 0.0508788159112 0.0231267345051 0.0425531914894 0.0925069380204 0.040703052729 0.00832562442183 0.0268270120259 0.059204440333 0.0286771507863 0.0758556891767 0.0601295097132 0.0370027752081 0.0610545790934 0.00647548566142 0.0120259019426 0.233117483811
20 0.205365402405 0.0203515263645 0.0120259019426 0.0157261794635 0.0120259019426 0.171137835338 0.00832562442183 0.0388529139685 0.0194264569843 0.0185013876041 0.0259019426457 0.0212765957447 0.00647548566142 0.00555041628122 0.0231267345051 0.0832562442183 0.059204440333 0.0730804810361 0.00185013876041 0.0185013876041 0.160037002775
21 0.131359851989 0.0157261794635 0.00647548566142 0.0120259019426 0.00462534690102 0.477335800185 0.00462534690102 0.00740055504163 0.0203515263645 0.00832562442183 0.00277520814061 0.0148011100833 0.00555041628122 0.00925069380204 0.0194264569843 0.0777058279371 0.0268270120259 0.0231267345051 0.00647548566142 0.00370027752081 0.122109158187
22 0.146160962072 0.0564292321924 0.00277520814061 0.00370027752081 0.0656799259944 0.0231267345051 0.00925069380204 0.110083256244 0.0120259019426 0.0666049953747 0.0212765957447 0.00185013876041 0.00277520814061 0.00462534690102 0.0111008325624 0.0490286771508 0.0286771507863 0.0786308973173 0.099907493062 0.0841813135985 0.122109158187
23 0.222941720629 0.0101757631822 0.00555041628122 0.00832562442183 0.00370027752081 0.495837187789 0.0 0.00740055504163 0.00462534690102 0.00555041628122 0.00462534690102 0.00277520814061 0.00555041628122 0.00832562442183 0.0185013876041 0.0518038852914 0.0120259019426 0.0166512488437 0.00185013876041 0.00277520814061 0.111008325624
24 0.139685476411 0.0296022201665 0.000925069380204 0.00277520814061 0.0888066604995 0.101757631822 0.0 0.0971322849214 0.0 0.0388529139685 0.0138760407031 0.00185013876041 0.00277520814061 0.0 0.00647548566142 0.0360777058279 0.0111008325624 0.169287696577 0.0823311748381 0.0675300647549 0.109158186864
25 0.111933395005 0.0175763182239 0.000925069380204 0.00462534690102 0.0481036077706 0.0111008325624 0.00925069380204 0.13413506013 0.00925069380204 0.0804810360777 0.0138760407031 0.00462534690102 0.0 0.00555041628122 0.00370027752081 0.0231267345051 0.0323774283071 0.280296022202 0.0268270120259 0.0656799259944 0.116558741906
26 0.0758556891767 0.0333024976873 0.00832562442183 0.00740055504163 0.0767807585569 0.0527289546716 0.0101757631822 0.167437557817 0.00740055504163 0.141535615171 0.0175763182239 0.00555041628122 0.00462534690102 0.00647548566142 0.0194264569843 0.0323774283071 0.0166512488437 0.133209990749 0.0305272895467 0.0342275670675 0.118408880666
27 0.0240518038853 0.0166512488437 0.0120259019426 0.0508788159112 0.0351526364477 0.0314523589269 0.0185013876041 0.0508788159112 0.0573543015726 0.0508788159112 0.0129509713228 0.0185013876041 0.0490286771508 0.0314523589269 0.1822386679 0.0425531914894 0.0397779833488 0.095282146161 0.0157261794635 0.059204440333 0.105457909343
28 0.0370027752081 0.0148011100833 0.172987974098 0.0333024976873 0.0249768732655 0.0416281221092 0.0342275670675 0.0314523589269 0.0277520814061 0.0388529139685 0.0 0.0971322849214 0.0379278445883 0.0277520814061 0.0388529139685 0.0841813135985 0.0370027752081 0.0277520814061 0.0157261794635 0.0555041628122 0.121184088807
29 0.0305272895467 0.00555041628122 0.104532839963 0.0629047178538 0.0111008325624 0.170212765957 0.0351526364477 0.00925069380204 0.0397779833488 0.0277520814061 0.00370027752081 0.0906567992599 0.0675300647549 0.0305272895467 0.0397779833488 0.0629047178538 0.0462534690102 0.0166512488437 0.00370027752081 0.00555041628122 0.13598519889
30 0.0259019426457 0.00555041628122 0.0721554116559 0.0712303422757 0.00647548566142 0.270120259019 0.0240518038853 0.0101757631822 0.0518038852914 0.0166512488437 0.00370027752081 0.0573543015726 0.0296022201665 0.0333024976873 0.0379278445883 0.0601295097132 0.0314523589269 0.0203515263645 0.00277520814061 0.00740055504163 0.161887141536
31 0.0360777058279 0.0148011100833 0.054579093432 0.0749306197965 0.0508788159112 0.0397779833488 0.0397779833488 0.0397779833488 0.0555041628122 0.0351526364477 0.0203515263645 0.0240518038853 0.0249768732655 0.0471785383904 0.0527289546716 0.0536540240518 0.04532839963 0.0675300647549 0.0416281221092 0.0120259019426 0.169287696577
32 0.0314523589269 0.0185013876041 0.0222016651249 0.0619796484736 0.0333024976873 0.0212765957447 0.0222016651249 0.0980573543016 0.0416281221092 0.0721554116559 0.0111008325624 0.0305272895467 0.0582793709528 0.0360777058279 0.0527289546716 0.040703052729 0.0379278445883 0.113783533765 0.0249768732655 0.0259019426457 0.145235892692
33 0.0481036077706 0.0111008325624 0.0194264569843 0.0416281221092 0.0342275670675 0.0444033302498 0.0268270120259 0.0814061054579 0.0647548566142 0.106382978723 0.0231267345051 0.0222016651249 0.0111008325624 0.0314523589269 0.0712303422757 0.0462534690102 0.0434782608696 0.0555041628122 0.0231267345051 0.0508788159112 0.143385753932
34 0.0795559666975 0.0129509713228 0.0342275670675 0.0851063829787 0.0194264569843 0.0767807585569 0.0342275670675 0.0379278445883 0.0397779833488 0.0508788159112 0.0175763182239 0.0758556891767 0.0203515263645 0.0425531914894 0.0490286771508 0.0703052728955 0.0518038852914 0.0462534690102 0.0111008325624 0.0166512488437 0.127659574468
35 0.0841813135985 0.0212765957447 0.0129509713228 0.0286771507863 0.123959296947 0.0434782608696 0.0240518038853 0.0758556891767 0.0379278445883 0.0943570767808 0.0212765957447 0.0157261794635 0.0101757631822 0.0175763182239 0.0370027752081 0.049953746531 0.040703052729 0.0536540240518 0.0333024976873 0.0518038852914 0.122109158187
36 0.114708603145 0.0148011100833 0.0166512488437 0.0268270120259 0.0434782608696 0.0786308973173 0.0277520814061 0.0175763182239 0.0536540240518 0.0342275670675 0.00647548566142 0.0148011100833 0.0148011100833 0.040703052729 0.0536540240518 0.207215541166 0.040703052729 0.0277520814061 0.00925069380204 0.0462534690102 0.110083256244
37 0.0536540240518 0.0249768732655 0.0194264569843 0.0425531914894 0.0333024976873 0.167437557817 0.0120259019426 0.0351526364477 0.0730804810361 0.0712303422757 0.00832562442183 0.0259019426457 0.0527289546716 0.0249768732655 0.0777058279371 0.0582793709528 0.0323774283071 0.0462534690102 0.0166512488437 0.0185013876041 0.105457909343
38 0.0536540240518 0.0203515263645 0.0323774283071 0.0333024976873 0.0379278445883 0.0684551341351 0.0185013876041 0.0619796484736 0.0536540240518 0.0980573543016 0.0222016651249 0.0286771507863 0.0693802035153 0.0203515263645 0.040703052729 0.0869565217391 0.0462534690102 0.0388529139685 0.00185013876041 0.0388529139685 0.127659574468
39 0.040703052729 0.0259019426457 0.0425531914894 0.0740055504163 0.0416281221092 0.0629047178538 0.0212765957447 0.0555041628122 0.0323774283071 0.120259019426 0.0129509713228 0.0333024976873 0.0666049953747 0.0212765957447 0.0518038852914 0.0693802035153 0.0471785383904 0.0601295097132 0.00555041628122 0.0194264569843 0.095282146161
40 0.0537002775208 0.0129972247919 0.0537002775208 0.0537002775208 0.0277983348751 0.169333950046 0.0388991674376 0.0240980573543 0.0574005550416 0.0379740980574 0.00467160037003 0.0379740980574 0.0805272895467 0.0333487511563 0.0537002775208 0.0490749306198 0.0518501387604 0.0259481961147 0.00189639222942 0.0148473635523 0.116558741906
41 0.0582793709528 0.0342275670675 0.054579093432 0.054579093432 0.0249768732655 0.0481036077706 0.0444033302498 0.0508788159112 0.054579093432 0.049953746531 0.0129509713228 0.0647548566142 0.04532839963 0.0351526364477 0.0518038852914 0.0527289546716 0.0481036077706 0.0582793709528 0.00925069380204 0.0286771507863 0.118408880666
42 0.103607770583 0.0462534690102 0.0175763182239 0.0185013876041 0.0166512488437 0.0573543015726 0.0351526364477 0.0240518038853 0.0296022201665 0.0582793709528 0.0194264569843 0.0314523589269 0.0518038852914 0.0721554116559 0.0314523589269 0.103607770583 0.108233117484 0.0490286771508 0.0157261794635 0.0240518038853 0.0860314523589
43 0.0166512488437 0.00832562442183 0.0869565217391 0.0286771507863 0.00647548566142 0.0286771507863 0.0175763182239 0.00740055504163 0.0148011100833 0.0175763182239 0.00647548566142 0.0684551341351 0.0166512488437 0.00925069380204 0.0185013876041 0.27289546716 0.278445883441 0.00462534690102 0.00370027752081 0.00832562442183 0.0795559666975
44 0.117483811286 0.00185013876041 0.00370027752081 0.0212765957447 0.00555041628122 0.0148011100833 0.0101757631822 0.095282146161 0.0138760407031 0.0203515263645 0.00462534690102 0.200740055504 0.0740055504163 0.0166512488437 0.0203515263645 0.147086031452 0.0305272895467 0.116558741906 0.0 0.00647548566142 0.0786308973173
45 0.0342275670675 0.00555041628122 0.0277520814061 0.0314523589269 0.0878815911193 0.0203515263645 0.0333024976873 0.04532839963 0.0129509713228 0.100832562442 0.0166512488437 0.198889916744 0.0138760407031 0.0823311748381 0.0175763182239 0.0333024976873 0.0555041628122 0.0351526364477 0.00277520814061 0.063829787234 0.0804810360777
46 0.0582793709528 0.00740055504163 0.0684551341351 0.116558741906 0.0222016651249 0.0203515263645 0.0305272895467 0.0555041628122 0.0333024976873 0.0416281221092 0.0240518038853 0.0148011100833 0.00647548566142 0.0823311748381 0.122109158187 0.0360777058279 0.0684551341351 0.0721554116559 0.0111008325624 0.0305272895467 0.0777058279371
47 0.530064754857 0.0240518038853 0.00370027752081 0.00462534690102 0.00462534690102 0.0934320074006 0.00185013876041 0.0120259019426 0.0120259019426 0.054579093432 0.0379278445883 0.00462534690102 0.00925069380204 0.00277520814061 0.0148011100833 0.0490286771508 0.0342275670675 0.040703052729 0.0 0.00370027752081 0.0619796484736
48 0.0139222941721 0.000971322849214 0.0185476410731 0.785430157262 0.000971322849214 0.0129972247919 0.00559666975023 0.00374653098982 0.0314986123959 0.00929694727105 0.00189639222942 0.00374653098982 0.00282146160962 0.0139222941721 0.00374653098982 0.00744680851064 0.0102220166512 0.00929694727105 0.000971322849214 0.00282146160962 0.0601295097132
49 0.123034227567 0.0157261794635 0.000925069380204 0.0120259019426 0.0444033302498 0.00832562442183 0.00185013876041 0.111933395005 0.00370027752081 0.378353376503 0.0444033302498 0.000925069380204 0.00185013876041 0.00832562442183 0.00370027752081 0.0157261794635 0.0286771507863 0.0462534690102 0.0101757631822 0.0841813135985 0.0555041628122
50 0.0823311748381 0.0185013876041 0.00555041628122 0.095282146161 0.0314523589269 0.0138760407031 0.0323774283071 0.0536540240518 0.0360777058279 0.172062904718 0.0675300647549 0.0157261794635 0.00277520814061 0.0518038852914 0.0610545790934 0.0379278445883 0.0397779833488 0.0610545790934 0.0231267345051 0.049953746531 0.0481036077706
51 0.68085106383 0.0101757631822 0.00277520814061 0.00555041628122 0.00277520814061 0.146160962072 0.00185013876041 0.00462534690102 0.00185013876041 0.00370027752081 0.00370027752081 0.000925069380204 0.00277520814061 0.00277520814061 0.00185013876041 0.0397779833488 0.0231267345051 0.0175763182239 0.000925069380204 0.000925069380204 0.04532839963
52 0.103607770583 0.0444033302498 0.000925069380204 0.00462534690102 0.0333024976873 0.00555041628122 0.00185013876041 0.307123034228 0.000925069380204 0.22664199815 0.0397779833488 0.00370027752081 0.00185013876041 0.00185013876041 0.00185013876041 0.00832562442183 0.00925069380204 0.157261794635 0.000925069380204 0.00277520814061 0.0434782608696
53 0.0666049953747 0.0194264569843 0.0120259019426 0.0277520814061 0.0342275670675 0.0148011100833 0.0175763182239 0.149861239593 0.0601295097132 0.22571692877 0.0175763182239 0.0222016651249 0.00185013876041 0.0249768732655 0.0730804810361 0.0286771507863 0.0370027752081 0.0601295097132 0.0138760407031 0.0508788159112 0.0416281221092
54 0.0841813135985 0.0129509713228 0.0314523589269 0.13598519889 0.0268270120259 0.0111008325624 0.0490286771508 0.0379278445883 0.0878815911193 0.116558741906 0.0434782608696 0.0351526364477 0.00555041628122 0.049953746531 0.0712303422757 0.0296022201665 0.0296022201665 0.0240518038853 0.0323774283071 0.0471785383904 0.0379278445883
55 0.535615171138 0.0231267345051 0.00647548566142 0.00555041628122 0.00370027752081 0.220166512488 0.00185013876041 0.00832562442183 0.000925069380204 0.0231267345051 0.00185013876041 0.00555041628122 0.00185013876041 0.00277520814061 0.00555041628122 0.0425531914894 0.0231267345051 0.0471785383904 0.00185013876041 0.000925069380204 0.0379278445883
56 0.0323774283071 0.0120259019426 0.000925069380204 0.00462534690102 0.0342275670675 0.0 0.00647548566142 0.148936170213 0.00462534690102 0.519888991674 0.0490286771508 0.0 0.00277520814061 0.00185013876041 0.00277520814061 0.00555041628122 0.0157261794635 0.114708603145 0.0 0.00555041628122 0.0379278445883
57 0.0268270120259 0.0111008325624 0.054579093432 0.18408880666 0.00555041628122 0.0157261794635 0.0249768732655 0.0231267345051 0.138760407031 0.0647548566142 0.00555041628122 0.0333024976873 0.00370027752081 0.103607770583 0.129509713228 0.0703052728955 0.0231267345051 0.0203515263645 0.00462534690102 0.0185013876041 0.0379278445883
58 0.0758556891767 0.0175763182239 0.0249768732655 0.0231267345051 0.0481036077706 0.00832562442183 0.0527289546716 0.0860314523589 0.0397779833488 0.147086031452 0.0388529139685 0.0175763182239 0.000925069380204 0.0370027752081 0.0703052728955 0.0564292321924 0.0471785383904 0.0471785383904 0.0647548566142 0.0536540240518 0.0425531914894
59 0.314569842738 0.040749306198 0.00652173913043 0.00559666975023 0.05 0.0176225716929 0.0139222941721 0.110129509713 0.00189639222942 0.159158186864 0.0240980573543 0.00467160037003 0.00374653098982 0.00374653098982 0.0157724329325 0.0296484736355 0.0379740980574 0.0971785383904 0.00374653098982 0.0111470860315 0.0481036077706
60 0.0619796484736 0.0157261794635 0.0231267345051 0.0582793709528 0.0175763182239 0.0231267345051 0.0212765957447 0.0703052728955 0.0897317298797 0.121184088807 0.0194264569843 0.0351526364477 0.0703052728955 0.0462534690102 0.0703052728955 0.049953746531 0.0314523589269 0.0490286771508 0.0379278445883 0.0175763182239 0.0703052728955
61 0.0425531914894 0.0111008325624 0.054579093432 0.0684551341351 0.0138760407031 0.185938945421 0.0194264569843 0.0138760407031 0.0795559666975 0.0351526364477 0.00555041628122 0.0814061054579 0.0527289546716 0.0434782608696 0.0777058279371 0.059204440333 0.0370027752081 0.0185013876041 0.00462534690102 0.0138760407031 0.0814061054579
62 0.0508788159112 0.0240518038853 0.0767807585569 0.0259019426457 0.0786308973173 0.0656799259944 0.0231267345051 0.0703052728955 0.0351526364477 0.0712303422757 0.0157261794635 0.0508788159112 0.0629047178538 0.0203515263645 0.0425531914894 0.0434782608696 0.0388529139685 0.059204440333 0.0222016651249 0.0527289546716 0.0693802035153
63 0.04532839963 0.0296022201665 0.0536540240518 0.0601295097132 0.0148011100833 0.0416281221092 0.0342275670675 0.0101757631822 0.102682701203 0.0351526364477 0.0148011100833 0.04532839963 0.0259019426457 0.0656799259944 0.123034227567 0.0934320074006 0.0943570767808 0.0333024976873 0.00370027752081 0.00925069380204 0.063829787234
64 0.0268270120259 0.0111008325624 0.0573543015726 0.0758556891767 0.00740055504163 0.0249768732655 0.0675300647549 0.0185013876041 0.125809435708 0.0111008325624 0.00462534690102 0.0869565217391 0.0943570767808 0.040703052729 0.128584643848 0.0851063829787 0.0555041628122 0.0268270120259 0.00555041628122 0.00740055504163 0.0379278445883
65 0.0619796484736 0.00925069380204 0.00462534690102 0.00185013876041 0.0351526364477 0.0101757631822 0.00462534690102 0.236817761332 0.00462534690102 0.222941720629 0.0129509713228 0.00370027752081 0.00277520814061 0.00370027752081 0.00555041628122 0.00832562442183 0.0231267345051 0.281221091582 0.00740055504163 0.0203515263645 0.0388529139685
66 0.0370027752081 0.0231267345051 0.0240518038853 0.0758556891767 0.0203515263645 0.0 0.0518038852914 0.146160962072 0.0351526364477 0.0888066604995 0.0129509713228 0.0425531914894 0.00740055504163 0.0323774283071 0.0370027752081 0.0296022201665 0.107308048104 0.149861239593 0.0203515263645 0.0222016651249 0.0360777058279
67 0.0111008325624 0.0222016651249 0.00277520814061 0.00277520814061 0.0823311748381 0.000925069380204 0.00185013876041 0.450508788159 0.00370027752081 0.13691026827 0.0148011100833 0.00185013876041 0.00370027752081 0.00277520814061 0.00462534690102 0.00462534690102 0.00462534690102 0.205365402405 0.000925069380204 0.00647548566142 0.0351526364477
68 0.0416281221092 0.0323774283071 0.00555041628122 0.157261794635 0.143385753932 0.00925069380204 0.0388529139685 0.0434782608696 0.0370027752081 0.0915818686401 0.0129509713228 0.0166512488437 0.00277520814061 0.0240518038853 0.063829787234 0.0101757631822 0.00277520814061 0.0666049953747 0.0129509713228 0.149861239593 0.0370027752081
69 0.0286771507863 0.040703052729 0.000925069380204 0.00462534690102 0.00462534690102 0.0786308973173 0.0101757631822 0.0286771507863 0.00277520814061 0.0370027752081 0.0231267345051 0.00925069380204 0.00185013876041 0.00277520814061 0.00555041628122 0.27382053654 0.359851988899 0.0323774283071 0.00462534690102 0.0129509713228 0.0370027752081
70 0.00647548566142 0.00277520814061 0.778908418131 0.0148011100833 0.0 0.00925069380204 0.0138760407031 0.00370027752081 0.00925069380204 0.00277520814061 0.00185013876041 0.0342275670675 0.00647548566142 0.00185013876041 0.0148011100833 0.0360777058279 0.0129509713228 0.00462534690102 0.0 0.00462534690102 0.040703052729
71 0.0360777058279 0.115633672525 0.0166512488437 0.0101757631822 0.0120259019426 0.00277520814061 0.00555041628122 0.00370027752081 0.00277520814061 0.0148011100833 0.00185013876041 0.118408880666 0.00555041628122 0.00370027752081 0.00370027752081 0.549491211841 0.00647548566142 0.00832562442183 0.000925069380204 0.0203515263645 0.0610545790934
72 0.0527289546716 0.00647548566142 0.0323774283071 0.0721554116559 0.00925069380204 0.0111008325624 0.00925069380204 0.0305272895467 0.133209990749 0.117483811286 0.0268270120259 0.0277520814061 0.00832562442183 0.185938945421 0.0823311748381 0.0656799259944 0.0444033302498 0.0120259019426 0.00370027752081 0.00740055504163 0.0610545790934
73 0.109158186864 0.000925069380204 0.0333024976873 0.040703052729 0.0416281221092 0.0277520814061 0.0129509713228 0.0277520814061 0.0175763182239 0.0943570767808 0.0111008325624 0.049953746531 0.0222016651249 0.0314523589269 0.0185013876041 0.122109158187 0.063829787234 0.0481036077706 0.0138760407031 0.146160962072 0.0666049953747
74 0.233117483811 0.0185013876041 0.00277520814061 0.00462534690102 0.00832562442183 0.00832562442183 0.0 0.0851063829787 0.0 0.177613320999 0.0166512488437 0.00647548566142 0.00185013876041 0.000925069380204 0.00370027752081 0.0536540240518 0.0360777058279 0.269195189639 0.000925069380204 0.00277520814061 0.0693802035153
75 0.0619796484736 0.0222016651249 0.00370027752081 0.00647548566142 0.0259019426457 0.00647548566142 0.00277520814061 0.242368177613 0.0175763182239 0.186864014801 0.0296022201665 0.00740055504163 0.00277520814061 0.0120259019426 0.0120259019426 0.0194264569843 0.0185013876041 0.243293246994 0.00555041628122 0.0249768732655 0.0481036077706
76 0.0481036077706 0.00370027752081 0.108233117484 0.0666049953747 0.00647548566142 0.049953746531 0.0249768732655 0.0157261794635 0.118408880666 0.0259019426457 0.0166512488437 0.114708603145 0.00462534690102 0.099907493062 0.095282146161 0.0795559666975 0.0388529139685 0.0111008325624 0.00462534690102 0.0166512488437 0.049953746531
77 0.155411655874 0.0471785383904 0.0166512488437 0.0157261794635 0.0212765957447 0.0786308973173 0.0277520814061 0.0518038852914 0.0240518038853 0.0860314523589 0.0351526364477 0.0351526364477 0.00370027752081 0.0777058279371 0.0342275670675 0.0906567992599 0.049953746531 0.0425531914894 0.0148011100833 0.0212765957447 0.0703052728955
78 0.0444033302498 0.0138760407031 0.000925069380204 0.00370027752081 0.0601295097132 0.00647548566142 0.00185013876041 0.22756706753 0.00185013876041 0.324699352451 0.0518038852914 0.00370027752081 0.00555041628122 0.00370027752081 0.00555041628122 0.0129509713228 0.0129509713228 0.122109158187 0.0120259019426 0.0166512488437 0.0675300647549
79 0.054579093432 0.0166512488437 0.0323774283071 0.0425531914894 0.0157261794635 0.0314523589269 0.0277520814061 0.0120259019426 0.0804810360777 0.0490286771508 0.0101757631822 0.130434782609 0.0101757631822 0.0906567992599 0.0749306197965 0.0804810360777 0.118408880666 0.0212765957447 0.00462534690102 0.0138760407031 0.0823311748381
80 0.0342275670675 0.00925069380204 0.0536540240518 0.059204440333 0.00555041628122 0.113783533765 0.0249768732655 0.0120259019426 0.118408880666 0.0129509713228 0.00185013876041 0.0943570767808 0.00555041628122 0.0416281221092 0.0777058279371 0.105457909343 0.0471785383904 0.0120259019426 0.000925069380204 0.0120259019426 0.157261794635
81 0.0148011100833 0.00740055504163 0.0231267345051 0.0129509713228 0.0203515263645 0.0259019426457 0.0194264569843 0.0111008325624 0.0240518038853 0.0268270120259 0.00462534690102 0.0185013876041 0.0157261794635 0.0138760407031 0.0388529139685 0.0240518038853 0.0138760407031 0.0101757631822 0.117483811286 0.0286771507863 0.528214616096
82 0.0286771507863 0.0111008325624 0.0111008325624 0.0111008325624 0.00925069380204 0.0138760407031 0.00740055504163 0.0629047178538 0.0166512488437 0.106382978723 0.0222016651249 0.00370027752081 0.0148011100833 0.0101757631822 0.0277520814061 0.0175763182239 0.00925069380204 0.0333024976873 0.000925069380204 0.0166512488437 0.565217391304
83 0.0240518038853 0.00277520814061 0.0323774283071 0.0490286771508 0.0120259019426 0.0185013876041 0.0222016651249 0.00925069380204 0.0379278445883 0.0166512488437 0.00277520814061 0.0185013876041 0.0508788159112 0.0194264569843 0.0286771507863 0.0342275670675 0.0249768732655 0.0111008325624 0.0101757631822 0.0101757631822 0.564292321924
84 0.0175763182239 0.0 0.0194264569843 0.0323774283071 0.00277520814061 0.063829787234 0.00832562442183 0.0157261794635 0.0666049953747 0.0166512488437 0.00277520814061 0.0333024976873 0.0157261794635 0.0120259019426 0.0323774283071 0.0305272895467 0.0231267345051 0.0185013876041 0.00277520814061 0.00740055504163 0.578168362627
85 0.00555041628122 0.00555041628122 0.00555041628122 0.00555041628122 0.0129509713228 0.00832562442183 0.0111008325624 0.0120259019426 0.00555041628122 0.0111008325624 0.00185013876041 0.00832562442183 0.0101757631822 0.00555041628122 0.0166512488437 0.0129509713228 0.00370027752081 0.00832562442183 0.193339500463 0.0138760407031 0.641998149861
86 0.0305272895467 0.00370027752081 0.00925069380204 0.0434782608696 0.00740055504163 0.00647548566142 0.0101757631822 0.00647548566142 0.0601295097132 0.0212765957447 0.00832562442183 0.00925069380204 0.00647548566142 0.0240518038853 0.0370027752081 0.0231267345051 0.00925069380204 0.0148011100833 0.0 0.00277520814061 0.666049953747
87 0.0277520814061 0.00185013876041 0.0360777058279 0.0185013876041 0.00277520814061 0.00740055504163 0.0111008325624 0.00555041628122 0.0444033302498 0.0148011100833 0.00740055504163 0.0175763182239 0.0111008325624 0.0277520814061 0.0536540240518 0.0203515263645 0.0148011100833 0.00647548566142 0.00277520814061 0.00555041628122 0.662349676226
88 0.0194264569843 0.00277520814061 0.0101757631822 0.0157261794635 0.00277520814061 0.0222016651249 0.00925069380204 0.00925069380204 0.0314523589269 0.00832562442183 0.00185013876041 0.0925069380204 0.00740055504163 0.0157261794635 0.0508788159112 0.0212765957447 0.0148011100833 0.00925069380204 0.00370027752081 0.00277520814061 0.648473635523
89 0.0222016651249 0.00462534690102 0.0555041628122 0.0481036077706 0.00462534690102 0.173913043478 0.0101757631822 0.00647548566142 0.0277520814061 0.00925069380204 0.00370027752081 0.0508788159112 0.0416281221092 0.0148011100833 0.0314523589269 0.0342275670675 0.0231267345051 0.0138760407031 0.00185013876041 0.00555041628122 0.416281221092
90 0.0157261794635 0.00555041628122 0.00740055504163 0.00832562442183 0.0629047178538 0.0138760407031 0.00370027752081 0.0120259019426 0.0138760407031 0.0212765957447 0.0129509713228 0.00740055504163 0.0259019426457 0.0111008325624 0.0138760407031 0.0240518038853 0.0175763182239 0.00740055504163 0.215541165587 0.0582793709528 0.441258094357
91 0.0314523589269 0.00740055504163 0.0157261794635 0.0370027752081 0.00555041628122 0.0138760407031 0.0101757631822 0.0462534690102 0.0971322849214 0.0555041628122 0.0240518038853 0.0120259019426 0.0240518038853 0.0388529139685 0.0962072155412 0.0240518038853 0.0462534690102 0.0323774283071 0.00185013876041 0.00832562442183 0.371877890842
92 0.0360777058279 0.0120259019426 0.0231267345051 0.0222016651249 0.00555041628122 0.0185013876041 0.00462534690102 0.0185013876041 0.0582793709528 0.0138760407031 0.00462534690102 0.0564292321924 0.0268270120259 0.0212765957447 0.0388529139685 0.0388529139685 0.099907493062 0.0203515263645 0.00185013876041 0.00462534690102 0.473635522664
93 0.0684551341351 0.00832562442183 0.0138760407031 0.0166512488437 0.00555041628122 0.0259019426457 0.00832562442183 0.0175763182239 0.063829787234 0.0249768732655 0.00832562442183 0.0333024976873 0.0333024976873 0.0286771507863 0.0555041628122 0.0888066604995 0.0249768732655 0.0138760407031 0.0 0.00462534690102 0.45513413506
94 0.0314523589269 0.00555041628122 0.0693802035153 0.0268270120259 0.00555041628122 0.0388529139685 0.0111008325624 0.00832562442183 0.04532839963 0.0194264569843 0.00185013876041 0.040703052729 0.0249768732655 0.0222016651249 0.054579093432 0.0869565217391 0.0370027752081 0.0120259019426 0.00277520814061 0.00462534690102 0.450508788159
95 0.0277520814061 0.0101757631822 0.0194264569843 0.0277520814061 0.0111008325624 0.177613320999 0.0148011100833 0.0129509713228 0.0434782608696 0.0175763182239 0.00462534690102 0.0342275670675 0.0277520814061 0.0222016651249 0.0342275670675 0.0351526364477 0.0231267345051 0.0120259019426 0.000925069380204 0.00462534690102 0.438482886216
96 0.0240518038853 0.00185013876041 0.0212765957447 0.0666049953747 0.00832562442183 0.0490286771508 0.0231267345051 0.0157261794635 0.0777058279371 0.0249768732655 0.00462534690102 0.0360777058279 0.0166512488437 0.04532839963 0.049953746531 0.0582793709528 0.04532839963 0.0222016651249 0.00462534690102 0.0138760407031 0.390379278446
97 0.0305272895467 0.00740055504163 0.0462534690102 0.0434782608696 0.0166512488437 0.0508788159112 0.0222016651249 0.0277520814061 0.0397779833488 0.0573543015726 0.0157261794635 0.0259019426457 0.149861239593 0.0240518038853 0.0425531914894 0.0582793709528 0.0268270120259 0.0296022201665 0.00185013876041 0.0296022201665 0.253469010176
98 0.0518038852914 0.0240518038853 0.0166512488437 0.0185013876041 0.0148011100833 0.0194264569843 0.0370027752081 0.102682701203 0.0259019426457 0.0841813135985 0.00555041628122 0.0129509713228 0.0388529139685 0.0212765957447 0.0351526364477 0.054579093432 0.04532839963 0.152636447734 0.0120259019426 0.0120259019426 0.214616096207
99 0.0878815911193 0.00647548566142 0.0212765957447 0.0629047178538 0.00647548566142 0.0277520814061 0.0166512488437 0.0305272895467 0.104532839963 0.049953746531 0.00647548566142 0.0231267345051 0.0703052728955 0.0425531914894 0.0666049953747 0.0619796484736 0.0360777058279 0.0490286771508 0.00370027752081 0.0194264569843 0.206290471785
100 0.0305272895467 0.0138760407031 0.0314523589269 0.0351526364477 0.0351526364477 0.0342275670675 0.0684551341351 0.0416281221092 0.0101757631822 0.0721554116559 0.0249768732655 0.190564292322 0.00740055504163 0.0129509713228 0.0203515263645 0.0619796484736 0.0351526364477 0.0305272895467 0.00555041628122 0.0564292321924 0.18131359852
101 0.0989824236818 0.00832562442183 0.0222016651249 0.0296022201665 0.0148011100833 0.040703052729 0.0370027752081 0.0323774283071 0.0712303422757 0.0629047178538 0.00832562442183 0.0277520814061 0.0425531914894 0.0730804810361 0.0962072155412 0.0629047178538 0.0379278445883 0.0277520814061 0.00925069380204 0.0240518038853 0.172062904718
102 0.063829787234 0.00925069380204 0.153561517114 0.129509713228 0.0157261794635 0.0360777058279 0.0259019426457 0.0360777058279 0.0582793709528 0.0370027752081 0.0166512488437 0.0490286771508 0.0582793709528 0.0434782608696 0.0555041628122 0.0730804810361 0.0342275670675 0.0240518038853 0.00555041628122 0.0129509713228 0.0619796484736
103 0.0388529139685 0.0148011100833 0.00925069380204 0.0360777058279 0.0481036077706 0.00555041628122 0.0138760407031 0.173913043478 0.0203515263645 0.32007400555 0.0212765957447 0.00832562442183 0.00740055504163 0.0296022201665 0.0231267345051 0.0120259019426 0.0240518038853 0.0601295097132 0.0101757631822 0.054579093432 0.0684551341351
104 0.0518038852914 0.0129509713228 0.00462534690102 0.00832562442183 0.0712303422757 0.00277520814061 0.0120259019426 0.13506012951 0.0277520814061 0.154486586494 0.0379278445883 0.00370027752081 0.000925069380204 0.0166512488437 0.040703052729 0.0286771507863 0.0194264569843 0.112858464385 0.13598519889 0.0555041628122 0.0666049953747
105 0.0582793709528 0.00925069380204 0.0601295097132 0.111933395005 0.0138760407031 0.0148011100833 0.0305272895467 0.0212765957447 0.117483811286 0.0536540240518 0.0185013876041 0.0508788159112 0.00925069380204 0.106382978723 0.13783533765 0.0610545790934 0.0259019426457 0.0194264569843 0.00370027752081 0.0111008325624 0.0647548566142
106 0.0962072155412 0.0129509713228 0.0851063829787 0.13598519889 0.0185013876041 0.00647548566142 0.0194264569843 0.0370027752081 0.0906567992599 0.0666049953747 0.0138760407031 0.0314523589269 0.0120259019426 0.0693802035153 0.0934320074006 0.059204440333 0.0314523589269 0.0222016651249 0.00740055504163 0.0222016651249 0.0684551341351
107 0.0814061054579 0.040703052729 0.00277520814061 0.00370027752081 0.04532839963 0.00462534690102 0.00555041628122 0.297872340426 0.000925069380204 0.224791859389 0.0342275670675 0.00740055504163 0.00277520814061 0.00555041628122 0.0157261794635 0.0166512488437 0.0314523589269 0.0925069380204 0.00647548566142 0.0222016651249 0.0573543015726
108 0.059204440333 0.0148011100833 0.0610545790934 0.0444033302498 0.0249768732655 0.0166512488437 0.0444033302498 0.0666049953747 0.0851063829787 0.101757631822 0.0203515263645 0.0296022201665 0.00832562442183 0.0564292321924 0.117483811286 0.04532839963 0.0259019426457 0.0573543015726 0.0305272895467 0.0296022201665 0.0601295097132
109 0.0897317298797 0.0120259019426 0.0841813135985 0.149861239593 0.0166512488437 0.0314523589269 0.0370027752081 0.0148011100833 0.0906567992599 0.0416281221092 0.0101757631822 0.0481036077706 0.00647548566142 0.0573543015726 0.0851063829787 0.0693802035153 0.0462534690102 0.0185013876041 0.00647548566142 0.0138760407031 0.0703052728955
110 0.0730804810361 0.0277520814061 0.0101757631822 0.0416281221092 0.0416281221092 0.0148011100833 0.0185013876041 0.0832562442183 0.0333024976873 0.308048103608 0.0370027752081 0.0148011100833 0.00462534690102 0.0323774283071 0.0471785383904 0.0296022201665 0.0249768732655 0.0370027752081 0.0231267345051 0.0277520814061 0.0693802035153
111 0.0767807585569 0.0314523589269 0.0111008325624 0.0333024976873 0.0249768732655 0.0157261794635 0.0129509713228 0.099907493062 0.049953746531 0.242368177613 0.0518038852914 0.0148011100833 0.00740055504163 0.0323774283071 0.0508788159112 0.0508788159112 0.0314523589269 0.0508788159112 0.0120259019426 0.0240518038853 0.0749306197965
112 0.0601295097132 0.00555041628122 0.0693802035153 0.0962072155412 0.00740055504163 0.0333024976873 0.0203515263645 0.0175763182239 0.111008325624 0.0379278445883 0.0148011100833 0.0693802035153 0.0185013876041 0.0693802035153 0.138760407031 0.0841813135985 0.0305272895467 0.0231267345051 0.00462534690102 0.00925069380204 0.0786308973173
113 0.0425531914894 0.0129509713228 0.0518038852914 0.0851063829787 0.00925069380204 0.0749306197965 0.0296022201665 0.0203515263645 0.107308048104 0.0536540240518 0.0166512488437 0.0610545790934 0.0203515263645 0.0712303422757 0.0906567992599 0.0878815911193 0.0388529139685 0.0203515263645 0.00462534690102 0.0148011100833 0.0860314523589
114 0.0268732654949 0.0176225716929 0.0176225716929 0.0213228492137 0.130481036078 0.0398242368178 0.0620259019426 0.0777520814061 0.0388991674376 0.118455134135 0.0222479185939 0.0379740980574 0.0166975023127 0.0148473635523 0.090703052729 0.0213228492137 0.0240980573543 0.0583256244218 0.0287234042553 0.0259481961147 0.108233117484
115 0.0342275670675 0.0148011100833 0.0693802035153 0.0897317298797 0.0138760407031 0.0370027752081 0.0351526364477 0.0185013876041 0.0878815911193 0.0379278445883 0.00462534690102 0.0869565217391 0.0573543015726 0.0462534690102 0.0841813135985 0.095282146161 0.059204440333 0.0342275670675 0.00462534690102 0.0120259019426 0.0767807585569
116 0.0222016651249 0.0444033302498 0.00647548566142 0.00647548566142 0.059204440333 0.00462534690102 0.0138760407031 0.186864014801 0.0138760407031 0.116558741906 0.0138760407031 0.00277520814061 0.0148011100833 0.00277520814061 0.0101757631822 0.0231267345051 0.0527289546716 0.289546716004 0.0212765957447 0.0240518038853 0.0703052728955
117 0.0314523589269 0.00925069380204 0.0397779833488 0.0980573543016 0.0277520814061 0.0138760407031 0.040703052729 0.0277520814061 0.0860314523589 0.0388529139685 0.0101757631822 0.0342275670675 0.00277520814061 0.0508788159112 0.109158186864 0.112858464385 0.116558741906 0.0508788159112 0.00555041628122 0.0231267345051 0.0703052728955
118 0.0203515263645 0.0111008325624 0.00462534690102 0.00370027752081 0.244218316374 0.00925069380204 0.00277520814061 0.164662349676 0.00277520814061 0.209990749306 0.0194264569843 0.00185013876041 0.00370027752081 0.000925069380204 0.00462534690102 0.0111008325624 0.00832562442183 0.142460684551 0.0379278445883 0.0203515263645 0.0758556891767
