POS A C D E F G H I K L M N P Q R S T V W Y -
1 0.000833333333333 0.0 0.000833333333333 0.000833333333333 0.0025 0.00166666666667 0.0 0.00416666666667 0.00583333333333 0.01 0.02 0.01 0.005 0.000833333333333 0.0 0.0025 0.0 0.0025 0.0 0.000833333333333 0.931666666667
2 0.0166666666667 0.000833333333333 0.0316666666667 0.0325 0.000833333333333 0.0075 0.00666666666667 0.0075 0.0108333333333 0.00916666666667 0.0333333333333 0.0183333333333 0.0508333333333 0.015 0.0116666666667 0.035 0.0191666666667 0.00666666666667 0.0 0.00166666666667 0.684166666667
3 0.0191666666667 0.0 0.0708333333333 0.035 0.005 0.1325 0.0108333333333 0.00583333333333 0.0325 0.0133333333333 0.0166666666667 0.0425 0.0475 0.0208333333333 0.0291666666667 0.0366666666667 0.0358333333333 0.005 0.00166666666667 0.0158333333333 0.423333333333
4 0.0467083333333 0.015875 0.050875 0.050875 0.0300416666667 0.0250416666667 0.023375 0.0200416666667 0.0442083333333 0.020875 0.020875 0.023375 0.033375 0.0217083333333 0.0292083333333 0.0492083333333 0.0767083333333 0.028375 0.0567083333333 0.025875 0.306666666667
5 0.0308333333333 0.0125 0.00333333333333 0.005 0.0383333333333 0.00666666666667 0.00916666666667 0.138333333333 0.00833333333333 0.180833333333 0.035 0.0108333333333 0.0141666666667 0.00916666666667 0.0141666666667 0.0116666666667 0.0391666666667 0.136666666667 0.0316666666667 0.0525 0.211666666667
6 0.0291666666667 0.0125 0.0166666666667 0.0325 0.01 0.00416666666667 0.0366666666667 0.0783333333333 0.171666666667 0.05 0.00583333333333 0.0233333333333 0.00666666666667 0.0266666666667 0.0525 0.035 0.0933333333333 0.126666666667 0.005 0.0233333333333 0.16
7 0.0642083333333 0.0567083333333 4.16666666667e-05 0.003375 0.055875 0.008375 0.00254166666667 0.234208333333 0.00170833333333 0.165041666667 0.013375 0.00420833333333 0.00170833333333 4.16666666667e-05 0.003375 0.00420833333333 0.005875 0.195875 0.015875 0.020875 0.1425
8 0.0458333333333 0.00666666666667 0.00333333333333 0.00666666666667 0.18 0.00583333333333 0.0191666666667 0.02 0.00833333333333 0.0125 0.00666666666667 0.143333333333 0.0025 0.01 0.0125 0.0233333333333 0.02 0.00916666666667 0.0358333333333 0.2925 0.135833333333
9 0.0283333333333 0.0425 0.00583333333333 0.00666666666667 0.0658333333333 0.00833333333333 0.000833333333333 0.0783333333333 0.0025 0.0225 0.0133333333333 0.00166666666667 0.00416666666667 0.005 0.00333333333333 0.075 0.351666666667 0.146666666667 0.00166666666667 0.005 0.130833333333
10 0.0267083333333 0.008375 0.705875 0.0150416666667 0.000875 0.020875 0.013375 0.00504166666667 0.00920833333333 0.003375 0.00504166666667 0.0200416666667 0.003375 0.00170833333333 0.008375 0.0142083333333 0.008375 0.00170833333333 4.16666666667e-05 0.003375 0.125
11 0.199166666667 0.00583333333333 0.00416666666667 0.00666666666667 0.000833333333333 0.539166666667 0.00333333333333 0.0025 0.00166666666667 0.00416666666667 0.005 0.00916666666667 0.0025 0.00166666666667 0.0125 0.0316666666667 0.0216666666667 0.0191666666667 0.0 0.00333333333333 0.125833333333
12 0.155833333333 0.0166666666667 0.005 0.00333333333333 0.0075 0.0575 0.005 0.01 0.00583333333333 0.015 0.00166666666667 0.00583333333333 0.00833333333333 0.00416666666667 0.00916666666667 0.5025 0.0266666666667 0.0241666666667 0.0025 0.00666666666667 0.126666666667
13 0.065875 0.100875 0.010875 0.00920833333333 0.0950416666667 0.023375 0.0142083333333 0.0217083333333 0.065875 0.035875 0.018375 0.00420833333333 0.00670833333333 0.008375 0.043375 0.0917083333333 0.0342083333333 0.0725416666667 0.0550416666667 0.0550416666667 0.1675
14 0.0250416666667 0.0175416666667 0.0575416666667 0.0275416666667 0.0275416666667 0.0142083333333 0.0325416666667 0.0642083333333 0.0850416666667 0.083375 0.0150416666667 0.0550416666667 0.0142083333333 0.0250416666667 0.114208333333 0.0650416666667 0.043375 0.0325416666667 0.00170833333333 0.025875 0.173333333333
15 0.0450416666667 0.0100416666667 0.0392083333333 0.0542083333333 0.005875 0.110041666667 0.030875 0.015875 0.080875 0.023375 0.00670833333333 0.078375 0.0842083333333 0.0342083333333 0.0425416666667 0.0800416666667 0.0242083333333 0.0342083333333 0.00670833333333 0.020875 0.1725
16 0.0342083333333 0.00754166666667 0.0700416666667 0.0567083333333 0.008375 0.0650416666667 0.025875 0.00754166666667 0.0592083333333 0.0192083333333 0.005875 0.165041666667 0.025875 0.040875 0.0350416666667 0.075875 0.0325416666667 0.0167083333333 0.005875 0.013375 0.229166666667
17 0.0383333333333 0.00333333333333 0.035 0.0383333333333 0.00583333333333 0.13 0.0175 0.0075 0.045 0.0166666666667 0.00166666666667 0.0466666666667 0.0808333333333 0.0383333333333 0.04 0.0708333333333 0.0708333333333 0.00916666666667 0.00416666666667 0.005 0.295
18 0.0308333333333 0.00833333333333 0.0325 0.0258333333333 0.01 0.2225 0.0158333333333 0.00833333333333 0.0583333333333 0.0241666666667 0.0075 0.045 0.0141666666667 0.0316666666667 0.0583333333333 0.0541666666667 0.0358333333333 0.0141666666667 0.005 0.00833333333333 0.289166666667
19 0.0616666666667 0.0191666666667 0.0158333333333 0.0433333333333 0.0158333333333 0.0575 0.0191666666667 0.0375 0.0783333333333 0.0408333333333 0.0125 0.0291666666667 0.0583333333333 0.0333333333333 0.0766666666667 0.0633333333333 0.0366666666667 0.0566666666667 0.00416666666667 0.0116666666667 0.228333333333
20 0.214166666667 0.0233333333333 0.0158333333333 0.015 0.015 0.1625 0.005 0.0383333333333 0.0208333333333 0.0208333333333 0.0241666666667 0.0183333333333 0.00583333333333 0.00583333333333 0.0241666666667 0.0783333333333 0.0575 0.0725 0.00333333333333 0.0183333333333 0.160833333333
21 0.1375 0.0141666666667 0.005 0.01 0.005 0.485 0.005 0.00916666666667 0.0166666666667 0.00666666666667 0.00333333333333 0.0158333333333 0.005 0.01 0.0283333333333 0.0683333333333 0.0241666666667 0.02 0.0075 0.00416666666667 0.119166666667
22 0.146666666667 0.0575 0.00166666666667 0.0025 0.0641666666667 0.03 0.00833333333333 0.105833333333 0.0141666666667 0.0625 0.0175 0.005 0.0025 0.00916666666667 0.0125 0.0558333333333 0.0283333333333 0.0833333333333 0.0958333333333 0.0775 0.119166666667
23 0.223333333333 0.01 0.00416666666667 0.00583333333333 0.0025 0.4975 0.000833333333333 0.00666666666667 0.00416666666667 0.00583333333333 0.00333333333333 0.0025 0.00583333333333 0.00666666666667 0.02 0.0516666666667 0.0133333333333 0.02 0.000833333333333 0.00333333333333 0.111666666667
24 0.133333333333 0.035 0.00333333333333 0.0025 0.0791666666667 0.110833333333 0.0 0.1025 0.000833333333333 0.0366666666667 0.0108333333333 0.0025 0.00416666666667 0.000833333333333 0.005 0.0316666666667 0.0108333333333 0.166666666667 0.08 0.07 0.113333333333
25 0.104166666667 0.0166666666667 0.000833333333333 0.00416666666667 0.0475 0.0125 0.0116666666667 0.135 0.00916666666667 0.0741666666667 0.0166666666667 0.00416666666667 0.000833333333333 0.00833333333333 0.00416666666667 0.0191666666667 0.0358333333333 0.2825 0.0266666666667 0.0675 0.118333333333
26 0.0741666666667 0.0375 0.00833333333333 0.00583333333333 0.0741666666667 0.0575 0.00916666666667 0.165 0.0075 0.146666666667 0.015 0.00333333333333 0.00333333333333 0.0075 0.0216666666667 0.0325 0.0208333333333 0.135 0.025 0.0333333333333 0.116666666667
27 0.0283333333333 0.0183333333333 0.0125 0.0533333333333 0.035 0.0325 0.02 0.0508333333333 0.0533333333333 0.0425 0.0125 0.0158333333333 0.045 0.0283333333333 0.185 0.0408333333333 0.0475 0.0908333333333 0.0158333333333 0.0616666666667 0.11
28 0.0325 0.0141666666667 0.188333333333 0.0308333333333 0.0291666666667 0.0408333333333 0.0316666666667 0.0258333333333 0.0341666666667 0.0391666666667 0.000833333333333 0.0925 0.0333333333333 0.0241666666667 0.035 0.0791666666667 0.0375 0.025 0.0183333333333 0.0583333333333 0.129166666667
29 0.0325 0.00166666666667 0.095 0.0625 0.0125 0.1875 0.0291666666667 0.0133333333333 0.0391666666667 0.0225 0.005 0.0875 0.0725 0.03 0.0375 0.0591666666667 0.0475 0.0191666666667 0.00333333333333 0.00666666666667 0.135833333333
30 0.0316666666667 0.00583333333333 0.0741666666667 0.0683333333333 0.00666666666667 0.255833333333 0.025 0.01 0.06 0.0216666666667 0.005 0.0591666666667 0.0258333333333 0.0333333333333 0.0366666666667 0.065 0.0308333333333 0.0183333333333 0.00333333333333 0.005 0.158333333333
31 0.0358333333333 0.015 0.0508333333333 0.0691666666667 0.0516666666667 0.0375 0.04 0.0366666666667 0.0516666666667 0.0458333333333 0.02 0.0233333333333 0.02 0.0441666666667 0.0491666666667 0.06 0.05 0.0675 0.0441666666667 0.0141666666667 0.173333333333
32 0.035 0.0141666666667 0.025 0.07 0.0341666666667 0.0233333333333 0.0166666666667 0.095 0.0458333333333 0.0766666666667 0.0108333333333 0.0283333333333 0.0516666666667 0.0383333333333 0.05 0.0358333333333 0.0375 0.114166666667 0.0233333333333 0.0225 0.151666666667
33 0.0525 0.0158333333333 0.02 0.05 0.0366666666667 0.0466666666667 0.0241666666667 0.0758333333333 0.0708333333333 0.104166666667 0.02 0.0183333333333 0.00666666666667 0.0291666666667 0.0766666666667 0.0425 0.0466666666667 0.0516666666667 0.0233333333333 0.045 0.143333333333
34 0.0875 0.0141666666667 0.0325 0.0775 0.0216666666667 0.0825 0.035 0.0333333333333 0.0458333333333 0.0558333333333 0.0175 0.0733333333333 0.0216666666667 0.0416666666667 0.0508333333333 0.0691666666667 0.0525 0.0383333333333 0.0133333333333 0.0133333333333 0.1225
35 0.0858333333333 0.02 0.0116666666667 0.035 0.114166666667 0.045 0.0275 0.0783333333333 0.0383333333333 0.095 0.0208333333333 0.015 0.00666666666667 0.025 0.0308333333333 0.0491666666667 0.0441666666667 0.0575 0.0316666666667 0.0525 0.115833333333
36 0.114166666667 0.0208333333333 0.0125 0.0266666666667 0.0391666666667 0.0825 0.0225 0.0175 0.0625 0.035 0.0116666666667 0.0191666666667 0.0208333333333 0.0283333333333 0.0583333333333 0.204166666667 0.0391666666667 0.0308333333333 0.0075 0.0416666666667 0.105
37 0.0533333333333 0.0191666666667 0.0158333333333 0.0458333333333 0.03 0.159166666667 0.0141666666667 0.0341666666667 0.0775 0.0675 0.00916666666667 0.0241666666667 0.0591666666667 0.0241666666667 0.0791666666667 0.0591666666667 0.0325 0.0475 0.015 0.0241666666667 0.109166666667
38 0.0483333333333 0.0208333333333 0.025 0.0358333333333 0.0358333333333 0.0675 0.0166666666667 0.0558333333333 0.0516666666667 0.106666666667 0.02 0.0358333333333 0.0733333333333 0.0241666666667 0.0491666666667 0.0816666666667 0.0383333333333 0.0441666666667 0.00416666666667 0.0383333333333 0.126666666667
39 0.0408333333333 0.0266666666667 0.0416666666667 0.0691666666667 0.0416666666667 0.0591666666667 0.0241666666667 0.0633333333333 0.0333333333333 0.1325 0.0116666666667 0.0275 0.0708333333333 0.0233333333333 0.0458333333333 0.06 0.0433333333333 0.0575 0.00333333333333 0.0283333333333 0.0958333333333
40 0.0516666666667 0.0133333333333 0.0491666666667 0.0583333333333 0.0241666666667 0.165833333333 0.0366666666667 0.0225 0.05 0.0416666666667 0.00583333333333 0.0458333333333 0.0916666666667 0.0341666666667 0.0508333333333 0.0541666666667 0.0533333333333 0.0225 0.00166666666667 0.0141666666667 0.1125
41 0.0616666666667 0.0308333333333 0.0525 0.0591666666667 0.0266666666667 0.0533333333333 0.0441666666667 0.0483333333333 0.0616666666667 0.0466666666667 0.015 0.0541666666667 0.0466666666667 0.0283333333333 0.0533333333333 0.0508333333333 0.0491666666667 0.0608333333333 0.01 0.0325 0.114166666667
42 0.1 0.05 0.0175 0.0233333333333 0.00916666666667 0.0516666666667 0.04 0.0308333333333 0.03 0.0541666666667 0.0158333333333 0.035 0.0475 0.0758333333333 0.0341666666667 0.108333333333 0.113333333333 0.0475 0.01 0.0208333333333 0.085
43 0.0133333333333 0.0116666666667 0.0883333333333 0.0275 0.00666666666667 0.0225 0.0166666666667 0.00916666666667 0.0125 0.0175 0.00583333333333 0.0675 0.0141666666667 0.00916666666667 0.0216666666667 0.2825 0.279166666667 0.005 0.0025 0.0075 0.0791666666667
44 0.116666666667 0.00416666666667 0.005 0.0191666666667 0.005 0.015 0.01 0.1025 0.0141666666667 0.0166666666667 0.00166666666667 0.1975 0.0733333333333 0.0158333333333 0.0141666666667 0.155833333333 0.0258333333333 0.1225 0.0 0.00666666666667 0.0783333333333
45 0.035 0.00416666666667 0.0233333333333 0.0266666666667 0.0991666666667 0.0166666666667 0.0333333333333 0.0416666666667 0.0141666666667 0.105833333333 0.0133333333333 0.195 0.0175 0.09 0.0158333333333 0.0366666666667 0.0558333333333 0.0333333333333 0.00166666666667 0.065 0.0758333333333
46 0.06 0.00666666666667 0.065 0.120833333333 0.02 0.0225 0.0341666666667 0.0483333333333 0.0341666666667 0.045 0.0275 0.0125 0.00666666666667 0.0833333333333 0.120833333333 0.0358333333333 0.0791666666667 0.0633333333333 0.0108333333333 0.03 0.0733333333333
47 0.535833333333 0.0241666666667 0.00333333333333 0.00416666666667 0.005 0.0866666666667 0.0025 0.0133333333333 0.0108333333333 0.0525 0.0391666666667 0.0025 0.00916666666667 0.00166666666667 0.0133333333333 0.05 0.0408333333333 0.0425 0.0 0.005 0.0575
48 0.0117083333333 0.00170833333333 0.015875 0.799208333333 0.000875 0.0125416666667 0.003375 0.00420833333333 0.0292083333333 0.008375 0.00170833333333 0.00670833333333 0.003375 0.0117083333333 0.00254166666667 0.005875 0.0117083333333 0.010875 0.000875 0.00254166666667 0.055
49 0.1275 0.015 0.000833333333333 0.0116666666667 0.0441666666667 0.00666666666667 0.000833333333333 0.1025 0.00416666666667 0.391666666667 0.0458333333333 0.00166666666667 0.0025 0.00583333333333 0.0025 0.0125 0.0275 0.0583333333333 0.0108333333333 0.0766666666667 0.0508333333333
50 0.0825 0.0141666666667 0.00416666666667 0.0891666666667 0.0366666666667 0.0125 0.0308333333333 0.06 0.0333333333333 0.173333333333 0.0666666666667 0.015 0.00166666666667 0.0566666666667 0.0558333333333 0.0358333333333 0.0425 0.0675 0.0233333333333 0.0541666666667 0.0441666666667
51 0.680833333333 0.00666666666667 0.00416666666667 0.00583333333333 0.0025 0.145 0.00166666666667 0.00333333333333 0.0025 0.00333333333333 0.00416666666667 0.000833333333333 0.00416666666667 0.00333333333333 0.000833333333333 0.0433333333333 0.0241666666667 0.0216666666667 0.000833333333333 0.000833333333333 0.04
52 0.0983333333333 0.0433333333333 0.00333333333333 0.00416666666667 0.0375 0.005 0.00166666666667 0.305 0.0 0.23 0.0391666666667 0.00333333333333 0.000833333333333 0.00166666666667 0.00166666666667 0.0075 0.0141666666667 0.16 0.0025 0.00333333333333 0.0375
53 0.0683333333333 0.0175 0.0125 0.0308333333333 0.0275 0.015 0.0183333333333 0.144166666667 0.0608333333333 0.241666666667 0.0141666666667 0.0208333333333 0.0025 0.0225 0.0775 0.0225 0.0358333333333 0.0658333333333 0.015 0.0508333333333 0.0358333333333
54 0.0841666666667 0.0116666666667 0.0308333333333 0.1375 0.0275 0.0141666666667 0.0541666666667 0.035 0.0808333333333 0.1075 0.0458333333333 0.0341666666667 0.00416666666667 0.0525 0.0775 0.0275 0.0325 0.0266666666667 0.035 0.0475 0.0333333333333
55 0.54 0.0216666666667 0.00666666666667 0.005 0.00416666666667 0.229166666667 0.000833333333333 0.00833333333333 0.0 0.025 0.00166666666667 0.00416666666667 0.0025 0.00166666666667 0.00833333333333 0.0375 0.0241666666667 0.0433333333333 0.0025 0.000833333333333 0.0325
56 0.0391666666667 0.0158333333333 0.000833333333333 0.00333333333333 0.0358333333333 0.0 0.00583333333333 0.133333333333 0.00166666666667 0.536666666667 0.0483333333333 0.0 0.00166666666667 0.0025 0.0025 0.00666666666667 0.0233333333333 0.104166666667 0.0 0.00583333333333 0.0325
57 0.0291666666667 0.0116666666667 0.055 0.1775 0.00666666666667 0.0175 0.0275 0.0225 0.136666666667 0.0675 0.0116666666667 0.0325 0.00333333333333 0.1025 0.130833333333 0.0666666666667 0.0275 0.0208333333333 0.00416666666667 0.015 0.0333333333333
58 0.0816666666667 0.0141666666667 0.0258333333333 0.0233333333333 0.0408333333333 0.00833333333333 0.0441666666667 0.0908333333333 0.0425 0.16 0.0341666666667 0.0141666666667 0.000833333333333 0.0408333333333 0.0658333333333 0.0625 0.0458333333333 0.0483333333333 0.06 0.0583333333333 0.0375
59 0.320875 0.040875 0.00670833333333 0.005875 0.053375 0.0225416666667 0.0150416666667 0.108375 0.00254166666667 0.160041666667 0.0242083333333 0.005875 0.003375 0.00254166666667 0.0125416666667 0.0225416666667 0.0367083333333 0.0967083333333 0.00420833333333 0.0100416666667 0.045
60 0.0633333333333 0.0141666666667 0.0308333333333 0.055 0.0158333333333 0.025 0.025 0.0641666666667 0.0908333333333 0.119166666667 0.0166666666667 0.0316666666667 0.0725 0.0491666666667 0.0675 0.0508333333333 0.035 0.055 0.0408333333333 0.0175 0.06
61 0.0433333333333 0.0116666666667 0.06 0.0733333333333 0.0108333333333 0.175833333333 0.0291666666667 0.015 0.0691666666667 0.0291666666667 0.00333333333333 0.0883333333333 0.0508333333333 0.0416666666667 0.0833333333333 0.065 0.0375 0.0158333333333 0.00583333333333 0.0116666666667 0.0791666666667
62 0.0466666666667 0.0175 0.0783333333333 0.03 0.0733333333333 0.0633333333333 0.0233333333333 0.0808333333333 0.0333333333333 0.0758333333333 0.015 0.0558333333333 0.0675 0.0175 0.0441666666667 0.0475 0.04 0.055 0.0175 0.055 0.0625
63 0.0475 0.0283333333333 0.0475 0.0658333333333 0.0141666666667 0.0491666666667 0.0441666666667 0.015 0.1025 0.0325 0.0141666666667 0.0441666666667 0.0241666666667 0.0583333333333 0.121666666667 0.0875 0.1 0.035 0.0025 0.01 0.0558333333333
64 0.0258333333333 0.0108333333333 0.0558333333333 0.0716666666667 0.0075 0.0233333333333 0.0616666666667 0.015 0.134166666667 0.0133333333333 0.00833333333333 0.0916666666667 0.0958333333333 0.0458333333333 0.118333333333 0.0916666666667 0.0541666666667 0.0316666666667 0.00583333333333 0.00583333333333 0.0316666666667
65 0.0516666666667 0.01 0.00666666666667 0.0025 0.0391666666667 0.00916666666667 0.005 0.24 0.00333333333333 0.226666666667 0.0175 0.00416666666667 0.0025 0.0025 0.00583333333333 0.01 0.0266666666667 0.276666666667 0.00833333333333 0.0183333333333 0.0333333333333
66 0.0383333333333 0.0191666666667 0.0283333333333 0.0725 0.0233333333333 0.00166666666667 0.0491666666667 0.16 0.0333333333333 0.0825 0.0141666666667 0.0441666666667 0.0075 0.03 0.035 0.0241666666667 0.111666666667 0.15 0.0233333333333 0.0208333333333 0.0308333333333
67 0.0116666666667 0.02 0.0025 0.0025 0.0783333333333 0.0 0.0025 0.443333333333 0.00333333333333 0.1475 0.0158333333333 0.00166666666667 0.00333333333333 0.00333333333333 0.00583333333333 0.00416666666667 0.00416666666667 0.214166666667 0.000833333333333 0.005 0.03
68 0.0416666666667 0.035 0.00666666666667 0.154166666667 0.145 0.00916666666667 0.0416666666667 0.0466666666667 0.0375 0.0941666666667 0.0175 0.0166666666667 0.0025 0.0208333333333 0.0583333333333 0.01 0.005 0.0641666666667 0.0158333333333 0.146666666667 0.0308333333333
69 0.03 0.0375 0.00166666666667 0.00333333333333 0.005 0.0691666666667 0.0108333333333 0.0358333333333 0.00416666666667 0.0391666666667 0.0216666666667 0.01 0.00333333333333 0.0025 0.00916666666667 0.268333333333 0.364166666667 0.0375 0.0025 0.0141666666667 0.03
70 0.00833333333333 0.00166666666667 0.791666666667 0.0191666666667 0.0 0.00666666666667 0.0108333333333 0.00333333333333 0.0075 0.00166666666667 0.00166666666667 0.0341666666667 0.00666666666667 0.00166666666667 0.0158333333333 0.03 0.015 0.00416666666667 0.0 0.005 0.035
71 0.035 0.1175 0.0175 0.00916666666667 0.015 0.00333333333333 0.00833333333333 0.00333333333333 0.000833333333333 0.0133333333333 0.000833333333333 0.12 0.00583333333333 0.00333333333333 0.00333333333333 0.556666666667 0.00583333333333 0.00666666666667 0.0 0.02 0.0541666666667
72 0.0575 0.00666666666667 0.03 0.075 0.00916666666667 0.0141666666667 0.00833333333333 0.0266666666667 0.141666666667 0.119166666667 0.0308333333333 0.0208333333333 0.00666666666667 0.188333333333 0.0758333333333 0.0608333333333 0.0483333333333 0.0141666666667 0.00416666666667 0.00666666666667 0.055
73 0.111666666667 0.00333333333333 0.0358333333333 0.04 0.04 0.03 0.0108333333333 0.0316666666667 0.015 0.0883333333333 0.0133333333333 0.0508333333333 0.0216666666667 0.0325 0.0175 0.123333333333 0.0616666666667 0.0475 0.0116666666667 0.151666666667 0.0616666666667
74 0.24 0.02 0.00333333333333 0.00416666666667 0.00833333333333 0.00833333333333 0.0 0.0791666666667 0.00166666666667 0.175 0.0158333333333 0.00583333333333 0.00166666666667 0.000833333333333 0.0025 0.0533333333333 0.0425 0.268333333333 0.000833333333333 0.0025 0.0658333333333
75 0.065 0.02 0.00333333333333 0.00916666666667 0.025 0.00416666666667 0.00333333333333 0.246666666667 0.015 0.194166666667 0.0283333333333 0.00583333333333 0.00333333333333 0.0116666666667 0.0166666666667 0.0216666666667 0.0191666666667 0.233333333333 0.005 0.025 0.0441666666667
76 0.05 0.00583333333333 0.1 0.0741666666667 0.00416666666667 0.0525 0.0258333333333 0.0133333333333 0.1125 0.0258333333333 0.0183333333333 0.124166666667 0.00416666666667 0.108333333333 0.0916666666667 0.0708333333333 0.0383333333333 0.01 0.00416666666667 0.0158333333333 0.05
77 0.16 0.0483333333333 0.0175 0.0208333333333 0.0233333333333 0.0816666666667 0.0208333333333 0.0458333333333 0.0275 0.0866666666667 0.0366666666667 0.0333333333333 0.0025 0.0725 0.0316666666667 0.0983333333333 0.0541666666667 0.0341666666667 0.0225 0.0183333333333 0.0633333333333
78 0.04 0.0158333333333 0.000833333333333 0.00416666666667 0.0566666666667 0.005 0.005 0.235833333333 0.00416666666667 0.325 0.0491666666667 0.00416666666667 0.00416666666667 0.00333333333333 0.005 0.0108333333333 0.0141666666667 0.129166666667 0.0075 0.0158333333333 0.0641666666667
79 0.0658333333333 0.0141666666667 0.0283333333333 0.0466666666667 0.0116666666667 0.0266666666667 0.0233333333333 0.0125 0.0858333333333 0.0491666666667 0.00916666666667 0.1475 0.0125 0.0933333333333 0.0708333333333 0.0775 0.111666666667 0.0216666666667 0.005 0.01 0.0766666666667
80 0.0316666666667 0.0116666666667 0.0533333333333 0.0541666666667 0.00833333333333 0.108333333333 0.0291666666667 0.0108333333333 0.126666666667 0.0166666666667 0.00583333333333 0.095 0.00833333333333 0.0341666666667 0.0783333333333 0.109166666667 0.04 0.0125 0.000833333333333 0.0133333333333 0.151666666667
81 0.0183333333333 0.00916666666667 0.02 0.0141666666667 0.02 0.0325 0.0208333333333 0.0125 0.0266666666667 0.03 0.00416666666667 0.0216666666667 0.0191666666667 0.015 0.0416666666667 0.02 0.0108333333333 0.00916666666667 0.110833333333 0.0316666666667 0.511666666667
82 0.030875 0.0117083333333 0.010875 0.0117083333333 0.0100416666667 0.018375 0.00504166666667 0.063375 0.015875 0.101708333333 0.0217083333333 0.00504166666667 0.0150416666667 0.00920833333333 0.0250416666667 0.0217083333333 0.0125416666667 0.0342083333333 0.000875 0.0175416666667 0.5575
83 0.025 0.00583333333333 0.03 0.0516666666667 0.0116666666667 0.0166666666667 0.0175 0.00583333333333 0.0341666666667 0.0166666666667 0.00416666666667 0.0225 0.0458333333333 0.0233333333333 0.0233333333333 0.0333333333333 0.0308333333333 0.0141666666667 0.00833333333333 0.0125 0.566666666667
84 0.0183333333333 0.000833333333333 0.0225 0.0316666666667 0.0025 0.0583333333333 0.0125 0.0141666666667 0.0641666666667 0.0141666666667 0.000833333333333 0.03 0.0175 0.0141666666667 0.0391666666667 0.0316666666667 0.0283333333333 0.0175 0.0025 0.00666666666667 0.5725
85 0.00333333333333 0.00416666666667 0.00583333333333 0.00666666666667 0.0108333333333 0.00583333333333 0.0108333333333 0.0116666666667 0.0108333333333 0.0108333333333 0.00333333333333 0.0108333333333 0.01 0.00583333333333 0.0133333333333 0.00916666666667 0.005 0.00583333333333 0.198333333333 0.015 0.6425
86 0.035 0.005 0.0125 0.05 0.00666666666667 0.00333333333333 0.01 0.01 0.06 0.0191666666667 0.00666666666667 0.0108333333333 0.00833333333333 0.02 0.0366666666667 0.0233333333333 0.00583333333333 0.0116666666667 0.0 0.0025 0.6625
87 0.0325 0.000833333333333 0.035 0.0166666666667 0.005 0.005 0.00916666666667 0.00666666666667 0.0483333333333 0.015 0.00833333333333 0.0166666666667 0.0175 0.025 0.0516666666667 0.0258333333333 0.0133333333333 0.005 0.00166666666667 0.005 0.655833333333
88 0.0191666666667 0.00166666666667 0.00916666666667 0.0208333333333 0.005 0.025 0.00916666666667 0.00833333333333 0.0333333333333 0.00916666666667 0.0025 0.0941666666667 0.00666666666667 0.0133333333333 0.0533333333333 0.0183333333333 0.0133333333333 0.00833333333333 0.00416666666667 0.0025 0.6425
89 0.0258333333333 0.00333333333333 0.0508333333333 0.05 0.00333333333333 0.19 0.01 0.00416666666667 0.0283333333333 0.0133333333333 0.00416666666667 0.0441666666667 0.0291666666667 0.0141666666667 0.0266666666667 0.0258333333333 0.0183333333333 0.01 0.00166666666667 0.00416666666667 0.4425
90 0.0191666666667 0.00583333333333 0.00583333333333 0.00833333333333 0.0616666666667 0.015 0.00583333333333 0.00916666666667 0.0125 0.0266666666667 0.015 0.00583333333333 0.0275 0.00916666666667 0.0158333333333 0.025 0.02 0.00583333333333 0.204166666667 0.0625 0.439166666667
91 0.03 0.0075 0.0175 0.035 0.00583333333333 0.0191666666667 0.00833333333333 0.0458333333333 0.0958333333333 0.0566666666667 0.015 0.015 0.0225 0.035 0.0883333333333 0.0283333333333 0.0433333333333 0.04 0.000833333333333 0.005 0.385
92 0.0325 0.0133333333333 0.0208333333333 0.0183333333333 0.005 0.0183333333333 0.0075 0.0183333333333 0.0616666666667 0.0141666666667 0.00416666666667 0.0508333333333 0.0233333333333 0.0216666666667 0.0433333333333 0.0383333333333 0.0908333333333 0.0191666666667 0.00166666666667 0.00666666666667 0.49
93 0.0641666666667 0.00416666666667 0.01 0.0158333333333 0.00333333333333 0.0291666666667 0.0116666666667 0.0183333333333 0.0541666666667 0.0225 0.00666666666667 0.0291666666667 0.04 0.0283333333333 0.05 0.095 0.0225 0.0158333333333 0.000833333333333 0.00916666666667 0.469166666667
94 0.0325 0.00666666666667 0.0641666666667 0.0225 0.00333333333333 0.04 0.0108333333333 0.00833333333333 0.0516666666667 0.015 0.00333333333333 0.0383333333333 0.0241666666667 0.0233333333333 0.0533333333333 0.0833333333333 0.0425 0.0108333333333 0.00166666666667 0.00583333333333 0.458333333333
95 0.0225 0.0108333333333 0.0175 0.0333333333333 0.00916666666667 0.181666666667 0.0125 0.0141666666667 0.0375 0.0208333333333 0.00583333333333 0.0358333333333 0.0191666666667 0.0216666666667 0.0325 0.0341666666667 0.0166666666667 0.0166666666667 0.000833333333333 0.00583333333333 0.450833333333
96 0.0241666666667 0.00333333333333 0.0208333333333 0.06 0.01 0.0483333333333 0.0175 0.0141666666667 0.0891666666667 0.0266666666667 0.00333333333333 0.0333333333333 0.0166666666667 0.05 0.0441666666667 0.0583333333333 0.045 0.0233333333333 0.00333333333333 0.0141666666667 0.394166666667
97 0.0325 0.00583333333333 0.0425 0.0433333333333 0.0208333333333 0.045 0.025 0.025 0.035 0.0516666666667 0.0125 0.0241666666667 0.1525 0.0216666666667 0.04 0.0525 0.0291666666667 0.0258333333333 0.00166666666667 0.0283333333333 0.285
98 0.0475 0.0216666666667 0.0125 0.0158333333333 0.0108333333333 0.0183333333333 0.0366666666667 0.105833333333 0.0225 0.075 0.005 0.0125 0.0366666666667 0.0191666666667 0.0366666666667 0.0458333333333 0.0491666666667 0.1575 0.0141666666667 0.0133333333333 0.243333333333
99 0.0866666666667 0.00666666666667 0.02 0.0558333333333 0.0075 0.0283333333333 0.0166666666667 0.035 0.106666666667 0.05 0.01 0.0225 0.0666666666667 0.0441666666667 0.0591666666667 0.0575 0.0466666666667 0.0483333333333 0.00666666666667 0.0108333333333 0.214166666667
100 0.025 0.0141666666667 0.0308333333333 0.035 0.0366666666667 0.0233333333333 0.0675 0.0441666666667 0.0158333333333 0.0833333333333 0.0216666666667 0.203333333333 0.00916666666667 0.0116666666667 0.0225 0.0575 0.0341666666667 0.0275 0.00333333333333 0.0533333333333 0.18
101 0.0908333333333 0.0108333333333 0.0241666666667 0.0216666666667 0.0183333333333 0.0433333333333 0.0341666666667 0.0283333333333 0.0725 0.0575 0.00916666666667 0.0308333333333 0.0433333333333 0.0741666666667 0.1 0.0616666666667 0.0341666666667 0.0366666666667 0.0116666666667 0.0258333333333 0.170833333333
102 0.0591666666667 0.00583333333333 0.145 0.13 0.0125 0.0383333333333 0.0291666666667 0.0341666666667 0.0516666666667 0.0366666666667 0.0158333333333 0.0508333333333 0.0666666666667 0.0416666666667 0.0591666666667 0.0683333333333 0.0358333333333 0.0233333333333 0.00666666666667 0.0183333333333 0.0708333333333
103 0.0358333333333 0.0108333333333 0.01 0.0433333333333 0.0441666666667 0.0075 0.00916666666667 0.17 0.0208333333333 0.325833333333 0.0166666666667 0.00583333333333 0.01 0.0258333333333 0.0233333333333 0.0166666666667 0.0275 0.0666666666667 0.01 0.0508333333333 0.0691666666667
104 0.045 0.0158333333333 0.00583333333333 0.0075 0.0675 0.005 0.0125 0.140833333333 0.03 0.160833333333 0.0316666666667 0.00666666666667 0.0025 0.015 0.0433333333333 0.0275 0.0208333333333 0.103333333333 0.134166666667 0.0533333333333 0.0708333333333
105 0.0575 0.0116666666667 0.055 0.115 0.01 0.0166666666667 0.0308333333333 0.025 0.124166666667 0.0525 0.0166666666667 0.0458333333333 0.0116666666667 0.109166666667 0.1325 0.0558333333333 0.0275 0.0183333333333 0.00333333333333 0.015 0.0658333333333
106 0.0966666666667 0.0141666666667 0.0825 0.141666666667 0.0191666666667 0.00833333333333 0.0191666666667 0.0416666666667 0.085 0.07 0.0141666666667 0.035 0.01 0.0625 0.0841666666667 0.0608333333333 0.0341666666667 0.0275 0.00583333333333 0.0183333333333 0.0691666666667
107 0.0733333333333 0.0341666666667 0.00333333333333 0.00416666666667 0.0391666666667 0.00583333333333 0.00333333333333 0.31 0.00333333333333 0.239166666667 0.0308333333333 0.00583333333333 0.0025 0.00583333333333 0.0141666666667 0.0141666666667 0.03 0.0908333333333 0.0075 0.0183333333333 0.0641666666667
108 0.0583333333333 0.0116666666667 0.0691666666667 0.0425 0.0291666666667 0.0133333333333 0.0433333333333 0.06 0.0808333333333 0.103333333333 0.0233333333333 0.03 0.01 0.065 0.1075 0.0433333333333 0.03 0.0525 0.0283333333333 0.0291666666667 0.0691666666667
109 0.0891666666667 0.0141666666667 0.0775 0.1425 0.0158333333333 0.0308333333333 0.0325 0.0241666666667 0.0891666666667 0.0483333333333 0.01 0.0533333333333 0.0075 0.06 0.0825 0.0683333333333 0.0433333333333 0.0183333333333 0.0025 0.0191666666667 0.0708333333333
110 0.0666666666667 0.0225 0.00833333333333 0.0433333333333 0.0425 0.0116666666667 0.0175 0.08 0.0325 0.320833333333 0.0341666666667 0.0125 0.00333333333333 0.0358333333333 0.0533333333333 0.0275 0.0308333333333 0.0366666666667 0.02 0.0291666666667 0.0708333333333
111 0.0733333333333 0.0333333333333 0.0166666666667 0.0291666666667 0.0283333333333 0.0133333333333 0.0116666666667 0.100833333333 0.045 0.236666666667 0.0516666666667 0.02 0.0075 0.0308333333333 0.0458333333333 0.0575 0.0283333333333 0.06 0.00916666666667 0.0233333333333 0.0775
112 0.06 0.00833333333333 0.0691666666667 0.0933333333333 0.00833333333333 0.0358333333333 0.0225 0.0175 0.0991666666667 0.0425 0.0125 0.0641666666667 0.0216666666667 0.085 0.130833333333 0.0858333333333 0.0325 0.015 0.00416666666667 0.0108333333333 0.0808333333333
113 0.0458333333333 0.0125 0.0491666666667 0.0933333333333 0.01 0.0833333333333 0.025 0.0233333333333 0.0966666666667 0.05 0.015 0.0525 0.0241666666667 0.0658333333333 0.0933333333333 0.0866666666667 0.0375 0.0233333333333 0.00416666666667 0.0166666666667 0.0916666666667
114 0.0258333333333 0.0225 0.0175 0.0225 0.125 0.0416666666667 0.05 0.0741666666667 0.0391666666667 0.12 0.02 0.0408333333333 0.015 0.0166666666667 0.0858333333333 0.0291666666667 0.03 0.05 0.03 0.0266666666667 0.1175
115 0.0308333333333 0.0166666666667 0.0725 0.0941666666667 0.0125 0.0433333333333 0.0275 0.0191666666667 0.1 0.0408333333333 0.00583333333333 0.0766666666667 0.0533333333333 0.0433333333333 0.0808333333333 0.09 0.06 0.0316666666667 0.00333333333333 0.0158333333333 0.0816666666667
116 0.0225 0.0466666666667 0.00416666666667 0.005 0.0575 0.0025 0.0133333333333 0.195833333333 0.0116666666667 0.119166666667 0.0125 0.005 0.0141666666667 0.0025 0.0133333333333 0.0175 0.0491666666667 0.288333333333 0.0225 0.0208333333333 0.0758333333333
117 0.035 0.01 0.0375 0.0958333333333 0.025 0.0125 0.0483333333333 0.0375 0.09 0.0391666666667 0.00916666666667 0.0341666666667 0.00166666666667 0.0516666666667 0.1 0.111666666667 0.1075 0.0475 0.00583333333333 0.0241666666667 0.0758333333333
118 0.015 0.00833333333333 0.00416666666667 0.005 0.249166666667 0.0075 0.0025 0.159166666667 0.0025 0.199166666667 0.0158333333333 0.0025 0.00833333333333 0.0025 0.00333333333333 0.00916666666667 0.0125 0.148333333333 0.0383333333333 0.0241666666667 0.0825
119 0.0408333333333 0.0225 0.00666666666667 0.0666666666667 0.0208333333333 0.0208333333333 0.0583333333333 0.06 0.085 0.0416666666667 0.0225 0.0308333333333 0.00416666666667 0.0758333333333 0.0991666666667 0.0566666666667 0.0566666666667 0.0933333333333 0.0158333333333 0.0316666666667 0.09
120 0.00916666666667 0.00333333333333 0.00833333333333 0.00416666666667 0.055 0.005 0.16 0.01 0.0925 0.0283333333333 0.0025 0.0075 0.0025 0.00916666666667 0.0208333333333 0.0141666666667 0.00583333333333 0.0125 0.3375 0.0575 0.154166666667
121 0.025 0.0375 0.0075 0.0208333333333 0.01 0.00583333333333 0.0025 0.199166666667 0.00833333333333 0.0416666666667 0.005 0.0 0.0025 0.00416666666667 0.0075 0.0225 0.0433333333333 0.385833333333 0.005 0.00416666666667 0.161666666667
122 0.0316666666667 0.0075 0.0258333333333 0.0191666666667 0.0108333333333 0.0133333333333 0.01 0.0075 0.16 0.0183333333333 0.005 0.0125 0.305 0.0183333333333 0.0958333333333 0.0516666666667 0.0133333333333 0.00916666666667 0.000833333333333 0.0175 0.166666666667
123 0.1375 0.0025 0.00666666666667 0.0133333333333 0.00166666666667 0.24 0.00583333333333 0.0025 0.0116666666667 0.005 0.00333333333333 0.0108333333333 0.005 0.00166666666667 0.0316666666667 0.0991666666667 0.0125 0.005 0.000833333333333 0.00333333333333 0.4
124 0.01 0.00166666666667 0.0133333333333 0.015 0.00916666666667 0.00833333333333 0.4775 0.00166666666667 0.0175 0.0075 0.00333333333333 0.015 0.00416666666667 0.00916666666667 0.0125 0.0108333333333 0.00416666666667 0.00166666666667 0.00416666666667 0.0133333333333 0.36
125 0.0716666666667 0.0341666666667 0.0241666666667 0.03 0.00416666666667 0.0133333333333 0.0166666666667 0.0466666666667 0.0408333333333 0.0158333333333 0.00833333333333 0.0241666666667 0.00333333333333 0.0358333333333 0.0208333333333 0.1125 0.07 0.0591666666667 0.00166666666667 0.00333333333333 0.363333333333
126 0.0191666666667 0.00416666666667 0.0466666666667 0.0266666666667 0.0108333333333 0.248333333333 0.0075 0.00583333333333 0.0358333333333 0.0191666666667 0.00666666666667 0.0483333333333 0.0266666666667 0.00583333333333 0.0266666666667 0.0333333333333 0.0075 0.005 0.00333333333333 0.0183333333333 0.394166666667
127 0.0158333333333 0.0175 0.0425 0.0158333333333 0.015 0.0158333333333 0.0308333333333 0.148333333333 0.0316666666667 0.0366666666667 0.00333333333333 0.0375 0.0133333333333 0.0141666666667 0.244166666667 0.0266666666667 0.0233333333333 0.0808333333333 0.00666666666667 0.005 0.175
128 0.0658333333333 0.005 0.0483333333333 0.170833333333 0.0141666666667 0.0208333333333 0.0141666666667 0.0233333333333 0.0775 0.0425 0.00833333333333 0.0216666666667 0.0816666666667 0.0391666666667 0.0425 0.0675 0.0483333333333 0.0316666666667 0.00416666666667 0.0191666666667 0.153333333333
129 0.0708333333333 0.0216666666667 0.0291666666667 0.0391666666667 0.0275 0.298333333333 0.0266666666667 0.0133333333333 0.0233333333333 0.0683333333333 0.0116666666667 0.02 0.0125 0.0533333333333 0.0258333333333 0.0291666666667 0.0141666666667 0.0141666666667 0.0216666666667 0.0333333333333 0.145833333333
130 0.0108333333333 0.0 0.0075 0.00583333333333 0.0 0.00583333333333 0.0258333333333 0.01 0.00833333333333 0.015 0.00166666666667 0.710833333333 0.00833333333333 0.00916666666667 0.005 0.0141666666667 0.00666666666667 0.00916666666667 0.0025 0.005 0.138333333333
131 0.0383333333333 0.0133333333333 0.0583333333333 0.2525 0.01 0.03 0.0158333333333 0.0325 0.0783333333333 0.0241666666667 0.0108333333333 0.0416666666667 0.00833333333333 0.0591666666667 0.0558333333333 0.045 0.0333333333333 0.0341666666667 0.00166666666667 0.00333333333333 0.153333333333
132 0.111666666667 0.0258333333333 0.0175 0.0916666666667 0.0158333333333 0.0233333333333 0.01 0.055 0.0466666666667 0.095 0.0433333333333 0.00333333333333 0.0175 0.0341666666667 0.0841666666667 0.0216666666667 0.0308333333333 0.0975 0.01 0.0166666666667 0.148333333333
133 0.6425 0.0183333333333 0.00416666666667 0.00583333333333 0.000833333333333 0.00833333333333 0.000833333333333 0.0075 0.00333333333333 0.00583333333333 0.00333333333333 0.0025 0.0108333333333 0.0025 0.00583333333333 0.0191666666667 0.0216666666667 0.0925 0.00166666666667 0.00166666666667 0.140833333333
134 0.0108333333333 0.00416666666667 0.5775 0.0125 0.00333333333333 0.005 0.105 0.005 0.0266666666667 0.00833333333333 0.00333333333333 0.035 0.00166666666667 0.00416666666667 0.0183333333333 0.01 0.0108333333333 0.0075 0.000833333333333 0.0075 0.1425
135 0.115 0.0116666666667 0.0241666666667 0.0791666666667 0.0183333333333 0.03 0.0266666666667 0.0183333333333 0.108333333333 0.0508333333333 0.0166666666667 0.0225 0.00333333333333 0.0558333333333 0.109166666667 0.0691666666667 0.0366666666667 0.0225 0.0116666666667 0.02 0.15
136 0.08 0.00416666666667 0.00166666666667 0.035 0.0108333333333 0.00583333333333 0.00583333333333 0.045 0.0133333333333 0.505 0.0341666666667 0.0025 0.00666666666667 0.0158333333333 0.0133333333333 0.00666666666667 0.00583333333333 0.0333333333333 0.0075 0.0116666666667 0.155833333333
137 0.635 0.0158333333333 0.0025 0.00416666666667 0.00166666666667 0.00583333333333 0.00333333333333 0.005 0.00583333333333 0.0075 0.0025 0.000833333333333 0.00333333333333 0.005 0.0075 0.0733333333333 0.0333333333333 0.0258333333333 0.0025 0.00166666666667 0.1575
138 0.0334166666667 0.00925 0.01175 0.0134166666667 0.00341666666667 0.0184166666667 0.0100833333333 0.0134166666667 0.307583333333 0.0125833333333 0.00425 0.0834166666667 0.00258333333333 0.03675 0.15675 0.03425 0.03175 0.0234166666667 0.00425 0.00925 0.18
139 0.0700416666667 0.005875 0.0342083333333 0.100875 0.020875 0.025875 0.0217083333333 0.0292083333333 0.075875 0.0825416666667 0.0217083333333 0.020875 0.00170833333333 0.0950416666667 0.0675416666667 0.0450416666667 0.0200416666667 0.023375 0.00504166666667 0.0192083333333 0.213333333333
140 0.3325 0.0116666666667 0.00833333333333 0.0141666666667 0.005 0.193333333333 0.0075 0.01 0.00416666666667 0.0266666666667 0.00416666666667 0.005 0.00416666666667 0.005 0.0116666666667 0.0341666666667 0.0191666666667 0.0391666666667 0.0025 0.00916666666667 0.2525
141 0.160833333333 0.0233333333333 0.0025 0.005 0.0191666666667 0.00666666666667 0.0208333333333 0.045 0.0125 0.118333333333 0.0316666666667 0.005 0.0025 0.0116666666667 0.0608333333333 0.0575 0.0533333333333 0.0525 0.00166666666667 0.00833333333333 0.300833333333
142 0.0466666666667 0.0125 0.0458333333333 0.0591666666667 0.00666666666667 0.0333333333333 0.0141666666667 0.015 0.0683333333333 0.0425 0.0125 0.0466666666667 0.00666666666667 0.0391666666667 0.085 0.0816666666667 0.04 0.0141666666667 0.000833333333333 0.00666666666667 0.3225
143 0.0283333333333 0.00666666666667 0.02 0.0466666666667 0.01 0.0341666666667 0.0158333333333 0.0241666666667 0.0533333333333 0.07 0.0141666666667 0.04 0.0125 0.0325 0.0583333333333 0.0658333333333 0.02 0.01 0.00333333333333 0.00833333333333 0.425833333333
144 0.045 0.0075 0.0433333333333 0.0316666666667 0.00666666666667 0.0508333333333 0.0141666666667 0.0108333333333 0.0125 0.025 0.0133333333333 0.0291666666667 0.0825 0.0241666666667 0.0216666666667 0.0541666666667 0.025 0.02 0.00416666666667 0.01 0.468333333333
145 0.0366666666667 0.0133333333333 0.0308333333333 0.0408333333333 0.00916666666667 0.0108333333333 0.0133333333333 0.0233333333333 0.02 0.0316666666667 0.0108333333333 0.02 0.0416666666667 0.025 0.0325 0.0466666666667 0.0375 0.0166666666667 0.0025 0.0075 0.529166666667
146 0.025 0.005 0.0108333333333 0.0208333333333 0.0075 0.0175 0.00583333333333 0.0175 0.0125 0.0241666666667 0.00583333333333 0.0175 0.05 0.0241666666667 0.02 0.0458333333333 0.025 0.0241666666667 0.005 0.00583333333333 0.63
