POS A C D E F G H I K L M N P Q R S T V W Y -
1 0.00365965233303 0.0 0.00457456541629 0.00274473924977 0.00548947849954 0.000914913083257 0.0 0.0064043915828 0.000914913083257 0.0201280878317 0.0219579139982 0.0128087831656 0.0182982616651 0.000914913083257 0.0 0.000914913083257 0.000914913083257 0.00274473924977 0.0 0.00182982616651 0.894784995425
2 0.0146386093321 0.00182982616651 0.028362305581 0.035681610247 0.000914913083257 0.00823421774931 0.0118938700823 0.0118938700823 0.0155535224154 0.0118938700823 0.0365965233303 0.0265324794145 0.0512351326624 0.0137236962489 0.0100640439158 0.0411710887466 0.0164684354986 0.0064043915828 0.0 0.00182982616651 0.655077767612
3 0.0182982616651 0.0 0.0695333943275 0.0375114364135 0.00731930466606 0.135407136322 0.0155535224154 0.00548947849954 0.0347666971638 0.0118938700823 0.0201280878317 0.0466605672461 0.0393412625801 0.0155535224154 0.028362305581 0.035681610247 0.0338517840805 0.00182982616651 0.000914913083257 0.0155535224154 0.426349496798
4 0.0467063129003 0.0155992680695 0.0586001829826 0.0503659652333 0.0329826166514 0.0238334858188 0.0229185727356 0.0192589204026 0.0357273559012 0.0210887465691 0.0229185727356 0.0247483989021 0.0348124428179 0.0247483989021 0.0320677035682 0.0531107044831 0.0714089661482 0.0293229643184 0.0521957913998 0.0274931381519 0.300091491308
5 0.0311070448307 0.0118938700823 0.00548947849954 0.0100640439158 0.0466605672461 0.00731930466606 0.00914913083257 0.129917657823 0.00914913083257 0.177493138152 0.0365965233303 0.0100640439158 0.0137236962489 0.00914913083257 0.0146386093321 0.0118938700823 0.0402561756633 0.139981701738 0.0329368709973 0.0448307410796 0.207685269899
6 0.028362305581 0.0100640439158 0.0182982616651 0.035681610247 0.0137236962489 0.00365965233303 0.0411710887466 0.0887465690759 0.158279963403 0.0466605672461 0.0064043915828 0.0265324794145 0.00548947849954 0.0311070448307 0.0558096980787 0.032021957914 0.0896614821592 0.134492223239 0.00365965233303 0.0192131747484 0.150960658737
7 0.0658737419945 0.0622140896615 0.0 0.00365965233303 0.0576395242452 0.00823421774931 0.00182982616651 0.235132662397 0.000914913083257 0.15736505032 0.0146386093321 0.00457456541629 0.00274473924977 0.000914913083257 0.00457456541629 0.00365965233303 0.00731930466606 0.201280878317 0.0137236962489 0.0201280878317 0.133577310156
8 0.0439158279963 0.00548947849954 0.00548947849954 0.0128087831656 0.163769441903 0.00731930466606 0.0219579139982 0.0237877401647 0.00914913083257 0.0118938700823 0.00548947849954 0.135407136322 0.00365965233303 0.0137236962489 0.0118938700823 0.0219579139982 0.0247026532479 0.0109789569991 0.0347666971638 0.304666056725 0.127172918573
9 0.0338517840805 0.0448307410796 0.00731930466606 0.00548947849954 0.0713632204941 0.00914913083257 0.0 0.0860018298262 0.00365965233303 0.0265324794145 0.0137236962489 0.000914913083257 0.00365965233303 0.00274473924977 0.00365965233303 0.0759377859103 0.336688014639 0.144556267155 0.00182982616651 0.0064043915828 0.121683440073
10 0.0274931381519 0.00736505032022 0.703613906679 0.0165141811528 0.00096065873742 0.0229185727356 0.0146843549863 0.00462031107045 0.01010978957 0.00370539798719 0.00462031107045 0.0192589204026 0.00462031107045 0.00187557182068 0.01010978957 0.0183440073193 0.00919487648673 0.00187557182068 4.57456541629e-05 0.00096065873742 0.117108874657
11 0.20494053065 0.00274473924977 0.0064043915828 0.0064043915828 0.000914913083257 0.529734675206 0.00274473924977 0.00182982616651 0.00457456541629 0.00457456541629 0.00548947849954 0.0100640439158 0.00365965233303 0.00182982616651 0.0146386093321 0.0375114364135 0.0219579139982 0.0192131747484 0.0 0.00457456541629 0.116193961574
12 0.16010978957 0.0192131747484 0.00548947849954 0.00365965233303 0.00823421774931 0.0539798719122 0.0064043915828 0.0109789569991 0.00548947849954 0.0173833485819 0.00274473924977 0.00731930466606 0.00914913083257 0.00365965233303 0.0100640439158 0.499542543458 0.0265324794145 0.0247026532479 0.00274473924977 0.0064043915828 0.116193961574
13 0.0695791399817 0.102516010979 0.0110247026532 0.0110247026532 0.0823879231473 0.0247483989021 0.013769441903 0.0210887465691 0.0558554437328 0.0348124428179 0.0192589204026 0.00462031107045 0.00736505032022 0.00736505032022 0.0430466605672 0.0924519670631 0.0338975297347 0.0714089661482 0.0604300091491 0.0668344007319 0.166514181153
14 0.0265324794145 0.0155535224154 0.0548947849954 0.028362305581 0.0311070448307 0.0137236962489 0.0402561756633 0.0622140896615 0.0896614821592 0.0768526989936 0.00914913083257 0.0622140896615 0.0155535224154 0.028362305581 0.108874656908 0.0631290027447 0.0393412625801 0.0311070448307 0.000914913083257 0.0247026532479 0.177493138152
15 0.0475754803294 0.0109789569991 0.0393412625801 0.0567246111619 0.00365965233303 0.104300091491 0.028362305581 0.0146386093321 0.0786825251601 0.0219579139982 0.0064043915828 0.0823421774931 0.0814272644099 0.0384263494968 0.0420860018298 0.0750228728271 0.0237877401647 0.0338517840805 0.00823421774931 0.0210430009149 0.181152790485
16 0.035681610247 0.00731930466606 0.060384263495 0.0503202195791 0.0100640439158 0.0658737419945 0.0274473924977 0.0100640439158 0.0622140896615 0.0201280878317 0.00548947849954 0.16285452882 0.0265324794145 0.0347666971638 0.0338517840805 0.0814272644099 0.0347666971638 0.0210430009149 0.0064043915828 0.0109789569991 0.232387923147
17 0.0365965233303 0.00548947849954 0.0365965233303 0.035681610247 0.00548947849954 0.141811527905 0.0182982616651 0.00365965233303 0.0393412625801 0.0201280878317 0.00365965233303 0.0503202195791 0.0887465690759 0.0393412625801 0.0420860018298 0.0695333943275 0.067703568161 0.00548947849954 0.00182982616651 0.00548947849954 0.282708142726
18 0.0311070448307 0.0100640439158 0.0311070448307 0.0265324794145 0.00914913083257 0.219579139982 0.0182982616651 0.00731930466606 0.0558096980787 0.0219579139982 0.00823421774931 0.0466605672461 0.0201280878317 0.028362305581 0.0658737419945 0.0494053064959 0.0347666971638 0.0109789569991 0.00365965233303 0.0109789569991 0.290027447392
19 0.0612991765782 0.0137236962489 0.0219579139982 0.0365965233303 0.0137236962489 0.0530649588289 0.0265324794145 0.0420860018298 0.0905763952425 0.0411710887466 0.00914913083257 0.0301921317475 0.0539798719122 0.0338517840805 0.0612991765782 0.0612991765782 0.0402561756633 0.0594693504117 0.00548947849954 0.0137236962489 0.230558096981
20 0.212259835316 0.0219579139982 0.0128087831656 0.0146386093321 0.0164684354986 0.174748398902 0.00823421774931 0.0402561756633 0.0201280878317 0.0219579139982 0.0237877401647 0.0182982616651 0.0064043915828 0.00548947849954 0.0237877401647 0.0860018298262 0.0521500457457 0.0722781335773 0.00457456541629 0.0210430009149 0.142726440988
21 0.137236962489 0.0155535224154 0.00823421774931 0.0118938700823 0.0064043915828 0.487648673376 0.00457456541629 0.0100640439158 0.0173833485819 0.00548947849954 0.00274473924977 0.0164684354986 0.00365965233303 0.0109789569991 0.0210430009149 0.0667886550778 0.0265324794145 0.0192131747484 0.00548947849954 0.00731930466606 0.11527904849
22 0.140896614822 0.0594693504117 0.00182982616651 0.00274473924977 0.0658737419945 0.0237877401647 0.00914913083257 0.121683440073 0.0128087831656 0.0594693504117 0.0219579139982 0.00365965233303 0.00182982616651 0.00731930466606 0.0146386093321 0.0466605672461 0.0265324794145 0.0805123513266 0.0978956999085 0.0860018298262 0.11527904849
23 0.23604757548 0.00823421774931 0.00457456541629 0.00823421774931 0.00182982616651 0.482159194876 0.000914913083257 0.00823421774931 0.00457456541629 0.00457456541629 0.00365965233303 0.00457456541629 0.0064043915828 0.00731930466606 0.0237877401647 0.0548947849954 0.0137236962489 0.0192131747484 0.000914913083257 0.00182982616651 0.104300091491
24 0.136322049405 0.0347666971638 0.00182982616651 0.00182982616651 0.0814272644099 0.114364135407 0.0 0.100640439158 0.00182982616651 0.0411710887466 0.0118938700823 0.00274473924977 0.00365965233303 0.000914913083257 0.00731930466606 0.0365965233303 0.0100640439158 0.16010978957 0.0805123513266 0.0686184812443 0.103385178408
25 0.107044830741 0.0164684354986 0.000914913083257 0.00548947849954 0.0521500457457 0.0118938700823 0.0100640439158 0.129917657823 0.0109789569991 0.0841720036597 0.0155535224154 0.00365965233303 0.0 0.0100640439158 0.00457456541629 0.0247026532479 0.0329368709973 0.277218664227 0.0237877401647 0.067703568161 0.110704483074
26 0.0695333943275 0.0365965233303 0.00823421774931 0.00823421774931 0.0722781335773 0.0558096980787 0.00731930466606 0.166514181153 0.00823421774931 0.159194876487 0.0192131747484 0.00365965233303 0.00365965233303 0.0064043915828 0.0164684354986 0.0329368709973 0.0155535224154 0.136322049405 0.0292772186642 0.0347666971638 0.109789569991
27 0.0292772186642 0.0201280878317 0.0109789569991 0.0567246111619 0.035681610247 0.0347666971638 0.0210430009149 0.0484903934126 0.0521500457457 0.0530649588289 0.0155535224154 0.0173833485819 0.0457456541629 0.0329368709973 0.179322964318 0.0393412625801 0.0439158279963 0.092406221409 0.0173833485819 0.0539798719122 0.099725526075
28 0.0347666971638 0.0128087831656 0.176578225069 0.0375114364135 0.0247026532479 0.0430009149131 0.0329368709973 0.0292772186642 0.035681610247 0.0301921317475 0.000914913083257 0.0933211344922 0.0347666971638 0.0301921317475 0.0375114364135 0.0823421774931 0.0411710887466 0.0274473924977 0.0192131747484 0.0585544373285 0.117108874657
29 0.0329368709973 0.0064043915828 0.0951509606587 0.0686184812443 0.0118938700823 0.173833485819 0.0265324794145 0.0118938700823 0.0311070448307 0.0265324794145 0.00548947849954 0.101555352242 0.067703568161 0.0292772186642 0.0375114364135 0.0667886550778 0.0457456541629 0.0182982616651 0.00365965233303 0.00823421774931 0.130832570906
30 0.032021957914 0.00548947849954 0.0704483074108 0.0667886550778 0.00731930466606 0.265324794145 0.0247026532479 0.0118938700823 0.0457456541629 0.0256175663312 0.00548947849954 0.0594693504117 0.032021957914 0.0292772186642 0.0375114364135 0.0667886550778 0.0329368709973 0.0173833485819 0.00274473924977 0.00731930466606 0.153705397987
31 0.0365965233303 0.0137236962489 0.0448307410796 0.0741079597438 0.0466605672461 0.0448307410796 0.0411710887466 0.0402561756633 0.0548947849954 0.0375114364135 0.0192131747484 0.0228728270814 0.0265324794145 0.0457456541629 0.0558096980787 0.0622140896615 0.0448307410796 0.0722781335773 0.0375114364135 0.0164684354986 0.161939615737
32 0.0329368709973 0.0173833485819 0.0237877401647 0.0622140896615 0.0338517840805 0.0228728270814 0.0201280878317 0.0942360475755 0.0539798719122 0.0713632204941 0.0146386093321 0.028362305581 0.067703568161 0.0375114364135 0.0567246111619 0.0365965233303 0.028362305581 0.113449222324 0.0228728270814 0.0274473924977 0.133577310156
33 0.0411710887466 0.0173833485819 0.0182982616651 0.0411710887466 0.0347666971638 0.0439158279963 0.0301921317475 0.0869167429094 0.067703568161 0.103385178408 0.0210430009149 0.0237877401647 0.0100640439158 0.0347666971638 0.0759377859103 0.0484903934126 0.0475754803294 0.0558096980787 0.0237877401647 0.0439158279963 0.129917657823
34 0.096065873742 0.0128087831656 0.0301921317475 0.0741079597438 0.0256175663312 0.0805123513266 0.0384263494968 0.035681610247 0.0365965233303 0.0576395242452 0.0155535224154 0.0768526989936 0.0164684354986 0.0457456541629 0.0494053064959 0.0759377859103 0.0521500457457 0.0411710887466 0.0118938700823 0.0128087831656 0.114364135407
35 0.0759377859103 0.0210430009149 0.0118938700823 0.0347666971638 0.119853613907 0.0375114364135 0.028362305581 0.0832570905764 0.035681610247 0.096065873742 0.0182982616651 0.0155535224154 0.00914913083257 0.0247026532479 0.0347666971638 0.0494053064959 0.0448307410796 0.0612991765782 0.0301921317475 0.0539798719122 0.113449222324
36 0.113449222324 0.0173833485819 0.0192131747484 0.0247026532479 0.0420860018298 0.0887465690759 0.0210430009149 0.0146386093321 0.0576395242452 0.035681610247 0.00914913083257 0.0192131747484 0.0192131747484 0.0375114364135 0.0494053064959 0.19945105215 0.0420860018298 0.0292772186642 0.00914913083257 0.0503202195791 0.100640439158
37 0.0539798719122 0.0155535224154 0.0155535224154 0.0439158279963 0.0347666971638 0.159194876487 0.0128087831656 0.0347666971638 0.0759377859103 0.0704483074108 0.0100640439158 0.0265324794145 0.060384263495 0.0247026532479 0.0841720036597 0.0658737419945 0.028362305581 0.0430009149131 0.0118938700823 0.0228728270814 0.105215004575
38 0.0494053064959 0.0192131747484 0.0256175663312 0.0292772186642 0.0347666971638 0.0695333943275 0.0201280878317 0.064043915828 0.0503202195791 0.109789569991 0.0219579139982 0.0347666971638 0.0731930466606 0.0256175663312 0.0439158279963 0.0741079597438 0.0439158279963 0.0475754803294 0.00365965233303 0.0329368709973 0.126258005489
39 0.0402561756633 0.0228728270814 0.0448307410796 0.0786825251601 0.0411710887466 0.0548947849954 0.0219579139982 0.0612991765782 0.0365965233303 0.125343092406 0.0109789569991 0.0311070448307 0.0658737419945 0.0247026532479 0.0512351326624 0.0594693504117 0.0457456541629 0.0548947849954 0.00731930466606 0.0256175663312 0.0951509606587
40 0.04945105215 0.0146843549863 0.0595150960659 0.0613449222324 0.0284080512351 0.154666056725 0.0338975297347 0.0201738334858 0.0531107044831 0.0348124428179 0.00279048490393 0.0476212259835 0.0878774016468 0.0348124428179 0.0521957913998 0.0567703568161 0.0558554437328 0.0201738334858 0.00279048490393 0.0146843549863 0.114364135407
41 0.0622140896615 0.0347666971638 0.0576395242452 0.0539798719122 0.0247026532479 0.0594693504117 0.0411710887466 0.0503202195791 0.0548947849954 0.0494053064959 0.0109789569991 0.0585544373285 0.0384263494968 0.032021957914 0.0548947849954 0.0576395242452 0.0439158279963 0.064043915828 0.00823421774931 0.0292772186642 0.113449222324
42 0.0978956999085 0.0503202195791 0.0155535224154 0.0210430009149 0.0155535224154 0.0567246111619 0.0384263494968 0.0265324794145 0.0301921317475 0.0567246111619 0.0237877401647 0.032021957914 0.0457456541629 0.0722781335773 0.032021957914 0.108874656908 0.105215004575 0.0448307410796 0.0164684354986 0.028362305581 0.0814272644099
43 0.0173833485819 0.0100640439158 0.0914913083257 0.0292772186642 0.0064043915828 0.0256175663312 0.0210430009149 0.00914913083257 0.0137236962489 0.0182982616651 0.00823421774931 0.0704483074108 0.0118938700823 0.0128087831656 0.0182982616651 0.279048490393 0.264409881061 0.0064043915828 0.00182982616651 0.00823421774931 0.0759377859103
44 0.126258005489 0.00274473924977 0.00731930466606 0.0201280878317 0.00548947849954 0.0146386093321 0.0118938700823 0.103385178408 0.0109789569991 0.0210430009149 0.00182982616651 0.189387008234 0.0686184812443 0.0155535224154 0.0192131747484 0.150960658737 0.0301921317475 0.116193961574 0.0 0.0064043915828 0.0777676120769
45 0.0329368709973 0.00365965233303 0.0265324794145 0.0265324794145 0.092406221409 0.0201280878317 0.035681610247 0.0411710887466 0.0192131747484 0.106129917658 0.0146386093321 0.194876486734 0.0137236962489 0.0869167429094 0.0192131747484 0.0338517840805 0.0567246111619 0.0393412625801 0.00274473924977 0.0594693504117 0.0741079597438
46 0.0622140896615 0.00731930466606 0.064043915828 0.121683440073 0.0237877401647 0.0228728270814 0.0329368709973 0.0484903934126 0.0311070448307 0.0402561756633 0.0256175663312 0.0155535224154 0.0064043915828 0.0777676120769 0.117108874657 0.0375114364135 0.0722781335773 0.0731930466606 0.0137236962489 0.0311070448307 0.0750228728271
47 0.52241537054 0.0237877401647 0.00274473924977 0.00365965233303 0.00548947849954 0.0850869167429 0.00274473924977 0.0128087831656 0.0192131747484 0.060384263495 0.0375114364135 0.00365965233303 0.0100640439158 0.00274473924977 0.0137236962489 0.0457456541629 0.0384263494968 0.0457456541629 0.0 0.00365965233303 0.060384263495
48 0.0165141811528 0.00096065873742 0.0165141811528 0.783211344922 4.57456541629e-05 0.013769441903 0.00462031107045 0.00462031107045 0.0293229643184 0.01010978957 0.00187557182068 0.00645013723696 0.00370539798719 0.0128545288198 0.00279048490393 0.00553522415371 0.0110247026532 0.01010978957 0.00187557182068 0.00370539798719 0.060384263495
49 0.117108874657 0.0155535224154 0.000914913083257 0.0128087831656 0.0411710887466 0.00823421774931 0.00182982616651 0.112534309241 0.00365965233303 0.380603842635 0.0439158279963 0.00182982616651 0.00182982616651 0.00548947849954 0.00182982616651 0.0155535224154 0.0274473924977 0.0622140896615 0.0109789569991 0.0768526989936 0.0576395242452
50 0.0814272644099 0.0155535224154 0.00548947849954 0.0905763952425 0.0365965233303 0.0128087831656 0.0274473924977 0.0558096980787 0.0338517840805 0.167429094236 0.0741079597438 0.0146386093321 0.00274473924977 0.0530649588289 0.0567246111619 0.032021957914 0.0439158279963 0.0594693504117 0.0247026532479 0.0567246111619 0.0548947849954
51 0.672461116194 0.00823421774931 0.00365965233303 0.0064043915828 0.00182982616651 0.138151875572 0.00182982616651 0.00182982616651 0.00274473924977 0.00365965233303 0.00365965233303 0.000914913083257 0.00548947849954 0.00365965233303 0.00182982616651 0.0439158279963 0.0247026532479 0.0201280878317 0.000914913083257 0.000914913083257 0.0530649588289
52 0.0978956999085 0.0448307410796 0.00274473924977 0.00457456541629 0.0292772186642 0.0064043915828 0.00182982616651 0.297346752059 0.0 0.23604757548 0.0375114364135 0.00365965233303 0.000914913083257 0.00182982616651 0.00182982616651 0.0064043915828 0.0137236962489 0.158279963403 0.00182982616651 0.00365965233303 0.0494053064959
53 0.0667886550778 0.0155535224154 0.0118938700823 0.0274473924977 0.0301921317475 0.0118938700823 0.0146386093321 0.155535224154 0.060384263495 0.230558096981 0.0164684354986 0.0173833485819 0.00274473924977 0.0192131747484 0.0741079597438 0.0237877401647 0.0375114364135 0.064043915828 0.0164684354986 0.0539798719122 0.0494053064959
54 0.0914913083257 0.0137236962489 0.0301921317475 0.132662397072 0.0329368709973 0.00731930466606 0.0512351326624 0.032021957914 0.0823421774931 0.116193961574 0.0402561756633 0.0311070448307 0.00365965233303 0.0484903934126 0.0658737419945 0.0292772186642 0.0365965233303 0.028362305581 0.0347666971638 0.0439158279963 0.0475754803294
55 0.527904849039 0.0201280878317 0.00731930466606 0.00365965233303 0.00457456541629 0.218664226898 0.000914913083257 0.00823421774931 0.0 0.0237877401647 0.00182982616651 0.00548947849954 0.00182982616651 0.00274473924977 0.0064043915828 0.0402561756633 0.0274473924977 0.0475754803294 0.00182982616651 0.00182982616651 0.0475754803294
56 0.0365965233303 0.0137236962489 0.000914913083257 0.00365965233303 0.0347666971638 0.0 0.00548947849954 0.137236962489 0.00274473924977 0.526989935956 0.0484903934126 0.000914913083257 0.00182982616651 0.00182982616651 0.00274473924977 0.00548947849954 0.0155535224154 0.109789569991 0.0 0.00365965233303 0.0475754803294
57 0.0311070448307 0.00914913083257 0.0503202195791 0.180237877402 0.00731930466606 0.0146386093321 0.0256175663312 0.0201280878317 0.136322049405 0.064043915828 0.00914913083257 0.0375114364135 0.00365965233303 0.105215004575 0.127172918573 0.067703568161 0.0237877401647 0.0192131747484 0.00457456541629 0.0146386093321 0.0484903934126
58 0.0777676120769 0.0155535224154 0.0247026532479 0.0237877401647 0.0393412625801 0.00365965233303 0.0494053064959 0.0795974382434 0.0448307410796 0.153705397987 0.0384263494968 0.0192131747484 0.00182982616651 0.0365965233303 0.0631290027447 0.0567246111619 0.0484903934126 0.0521500457457 0.0631290027447 0.0558096980787 0.0521500457457
59 0.323010064044 0.042131747484 0.00736505032022 0.00370539798719 0.0586001829826 0.017429094236 0.0128545288198 0.100686184812 0.00096065873742 0.151921317475 0.0274931381519 0.00645013723696 0.00462031107045 0.00462031107045 0.0146843549863 0.0247483989021 0.0338975297347 0.0878774016468 0.00827996340348 0.01010978957 0.0585544373285
60 0.067703568161 0.0137236962489 0.0237877401647 0.0548947849954 0.0173833485819 0.0274473924977 0.0256175663312 0.0649588289113 0.0905763952425 0.117108874657 0.0210430009149 0.0329368709973 0.0713632204941 0.0457456541629 0.0759377859103 0.0475754803294 0.0301921317475 0.0420860018298 0.0402561756633 0.0155535224154 0.0741079597438
61 0.0420860018298 0.0118938700823 0.0530649588289 0.0759377859103 0.00914913083257 0.184812442818 0.028362305581 0.0118938700823 0.0667886550778 0.035681610247 0.00457456541629 0.0823421774931 0.0494053064959 0.0420860018298 0.0823421774931 0.0567246111619 0.032021957914 0.0192131747484 0.0064043915828 0.0128087831656 0.092406221409
62 0.0539798719122 0.0201280878317 0.0786825251601 0.0247026532479 0.0731930466606 0.064043915828 0.0274473924977 0.0823421774931 0.0375114364135 0.067703568161 0.0128087831656 0.0530649588289 0.0622140896615 0.0109789569991 0.0375114364135 0.0512351326624 0.0402561756633 0.0558096980787 0.0173833485819 0.0530649588289 0.0759377859103
63 0.0439158279963 0.0301921317475 0.0567246111619 0.0585544373285 0.0155535224154 0.0448307410796 0.0420860018298 0.0118938700823 0.107959743824 0.0329368709973 0.0118938700823 0.0466605672461 0.0237877401647 0.0585544373285 0.117108874657 0.0914913083257 0.0905763952425 0.032021957914 0.00274473924977 0.0128087831656 0.067703568161
64 0.028362305581 0.0128087831656 0.0521500457457 0.0741079597438 0.00823421774931 0.0210430009149 0.0622140896615 0.0164684354986 0.130832570906 0.0100640439158 0.0064043915828 0.0869167429094 0.0850869167429 0.0448307410796 0.129917657823 0.0914913083257 0.0576395242452 0.0256175663312 0.00548947849954 0.00731930466606 0.0430009149131
65 0.0631290027447 0.00914913083257 0.0064043915828 0.00457456541629 0.0384263494968 0.0100640439158 0.00457456541629 0.237877401647 0.00548947849954 0.219579139982 0.0155535224154 0.00365965233303 0.00274473924977 0.00365965233303 0.00457456541629 0.00914913083257 0.0228728270814 0.267154620311 0.00823421774931 0.0192131747484 0.0439158279963
66 0.035681610247 0.0256175663312 0.0237877401647 0.0649588289113 0.0237877401647 0.00182982616651 0.0466605672461 0.155535224154 0.0292772186642 0.0860018298262 0.0146386093321 0.0430009149131 0.00823421774931 0.0301921317475 0.0393412625801 0.0265324794145 0.111619396157 0.145471180238 0.0228728270814 0.0237877401647 0.0411710887466
67 0.00914913083257 0.0237877401647 0.00274473924977 0.00274473924977 0.0786825251601 0.000914913083257 0.00274473924977 0.442817932296 0.00457456541629 0.140896614822 0.0137236962489 0.00182982616651 0.00365965233303 0.00274473924977 0.00731930466606 0.00457456541629 0.00548947849954 0.207685269899 0.000914913083257 0.00548947849954 0.0375114364135
68 0.0448307410796 0.0347666971638 0.0064043915828 0.150960658737 0.133577310156 0.00914913083257 0.0466605672461 0.0484903934126 0.0402561756633 0.0896614821592 0.0137236962489 0.0164684354986 0.00274473924977 0.0228728270814 0.0585544373285 0.0118938700823 0.00457456541629 0.0631290027447 0.0137236962489 0.147301006404 0.0402561756633
69 0.0274473924977 0.035681610247 0.00182982616651 0.00548947849954 0.00548947849954 0.0695333943275 0.0109789569991 0.0329368709973 0.00548947849954 0.0347666971638 0.0182982616651 0.0100640439158 0.00365965233303 0.00274473924977 0.00548947849954 0.276303751144 0.361390667887 0.0338517840805 0.00457456541629 0.0137236962489 0.0402561756633
70 0.00731930466606 0.00274473924977 0.781335773102 0.0164684354986 0.000914913083257 0.00731930466606 0.0109789569991 0.00365965233303 0.00914913083257 0.00274473924977 0.00274473924977 0.0347666971638 0.00731930466606 0.000914913083257 0.0146386093321 0.028362305581 0.0128087831656 0.00548947849954 0.0 0.00548947849954 0.0448307410796
71 0.0365965233303 0.11527904849 0.0192131747484 0.0100640439158 0.0146386093321 0.00365965233303 0.0109789569991 0.00274473924977 0.000914913083257 0.0164684354986 0.00182982616651 0.122598353156 0.00548947849954 0.00457456541629 0.00365965233303 0.530649588289 0.00548947849954 0.0064043915828 0.0 0.0201280878317 0.0686184812443
72 0.0512351326624 0.00731930466606 0.032021957914 0.0832570905764 0.0109789569991 0.0146386093321 0.00731930466606 0.0274473924977 0.136322049405 0.11527904849 0.0301921317475 0.0228728270814 0.00823421774931 0.178408051235 0.0786825251601 0.0576395242452 0.0457456541629 0.0128087831656 0.00457456541629 0.00457456541629 0.0704483074108
73 0.104300091491 0.000914913083257 0.0365965233303 0.0439158279963 0.0384263494968 0.032021957914 0.0118938700823 0.0274473924977 0.0155535224154 0.0841720036597 0.0137236962489 0.0512351326624 0.0228728270814 0.0329368709973 0.0219579139982 0.117108874657 0.0612991765782 0.0457456541629 0.0128087831656 0.150045745654 0.0750228728271
74 0.229643183898 0.0164684354986 0.00182982616651 0.00365965233303 0.00731930466606 0.00731930466606 0.0 0.0832570905764 0.0 0.179322964318 0.0173833485819 0.00823421774931 0.00182982616651 0.000914913083257 0.00365965233303 0.0494053064959 0.0384263494968 0.267154620311 0.000914913083257 0.00365965233303 0.0795974382434
75 0.0585544373285 0.0247026532479 0.00365965233303 0.00914913083257 0.0256175663312 0.00365965233303 0.00274473924977 0.242451967063 0.0164684354986 0.181152790485 0.028362305581 0.00731930466606 0.00274473924977 0.0146386093321 0.0128087831656 0.0210430009149 0.0210430009149 0.236962488564 0.00274473924977 0.0265324794145 0.0576395242452
76 0.0512351326624 0.00548947849954 0.0978956999085 0.0704483074108 0.00457456541629 0.0484903934126 0.0274473924977 0.0118938700823 0.107044830741 0.0274473924977 0.0164684354986 0.12351326624 0.00548947849954 0.103385178408 0.0841720036597 0.0741079597438 0.0402561756633 0.0118938700823 0.00365965233303 0.0219579139982 0.0631290027447
77 0.169258920403 0.0457456541629 0.0182982616651 0.0173833485819 0.0228728270814 0.0823421774931 0.0256175663312 0.0475754803294 0.0247026532479 0.0823421774931 0.0375114364135 0.0329368709973 0.0 0.067703568161 0.028362305581 0.0869167429094 0.0521500457457 0.0384263494968 0.0192131747484 0.0182982616651 0.0823421774931
78 0.0393412625801 0.0173833485819 0.000914913083257 0.00365965233303 0.060384263495 0.00274473924977 0.00548947849954 0.213174748399 0.00274473924977 0.315645013724 0.0567246111619 0.00457456541629 0.0064043915828 0.00365965233303 0.0064043915828 0.0128087831656 0.0192131747484 0.12351326624 0.00823421774931 0.0164684354986 0.0805123513266
79 0.0612991765782 0.0164684354986 0.0274473924977 0.0494053064959 0.0109789569991 0.028362305581 0.0274473924977 0.0128087831656 0.0823421774931 0.0402561756633 0.00731930466606 0.141811527905 0.0100640439158 0.0823421774931 0.0741079597438 0.0777676120769 0.11802378774 0.0228728270814 0.00365965233303 0.0128087831656 0.092406221409
80 0.0311070448307 0.00914913083257 0.0530649588289 0.0567246111619 0.00823421774931 0.109789569991 0.0265324794145 0.0118938700823 0.116193961574 0.0164684354986 0.0064043915828 0.0942360475755 0.0064043915828 0.0365965233303 0.0667886550778 0.0988106129918 0.0393412625801 0.0137236962489 0.0 0.0137236962489 0.184812442818
81 0.0201280878317 0.00914913083257 0.0247026532479 0.0137236962489 0.0201280878317 0.028362305581 0.0146386093321 0.0137236962489 0.0219579139982 0.0228728270814 0.00457456541629 0.0228728270814 0.0228728270814 0.0137236962489 0.0411710887466 0.0228728270814 0.0137236962489 0.0118938700823 0.111619396157 0.0265324794145 0.518755718207
82 0.0274931381519 0.013769441903 0.01010978957 0.0110247026532 0.01010978957 0.0128545288198 0.00462031107045 0.0531107044831 0.017429094236 0.101601097896 0.0238334858188 0.00462031107045 0.0155992680695 0.00827996340348 0.0256633119854 0.0201738334858 0.013769441903 0.0357273559012 0.00096065873742 0.0192589204026 0.569990850869
83 0.0192131747484 0.00548947849954 0.0347666971638 0.0475754803294 0.0128087831656 0.0192131747484 0.0146386093321 0.00823421774931 0.0375114364135 0.0219579139982 0.00274473924977 0.0219579139982 0.0466605672461 0.0164684354986 0.0210430009149 0.032021957914 0.0228728270814 0.0173833485819 0.00914913083257 0.0128087831656 0.575480329369
84 0.0155535224154 0.0 0.0182982616651 0.032021957914 0.00365965233303 0.0622140896615 0.0100640439158 0.0109789569991 0.0622140896615 0.0182982616651 0.00274473924977 0.0311070448307 0.0192131747484 0.0118938700823 0.0347666971638 0.0301921317475 0.0265324794145 0.0155535224154 0.00365965233303 0.00823421774931 0.582799634035
85 0.00457456541629 0.00731930466606 0.00548947849954 0.00457456541629 0.0128087831656 0.00823421774931 0.0109789569991 0.0118938700823 0.0100640439158 0.0118938700823 0.00182982616651 0.0118938700823 0.0137236962489 0.0064043915828 0.0137236962489 0.0137236962489 0.00457456541629 0.00731930466606 0.186642268984 0.0128087831656 0.639524245197
86 0.0311070448307 0.00457456541629 0.0118938700823 0.0439158279963 0.0064043915828 0.0064043915828 0.0118938700823 0.0109789569991 0.0612991765782 0.0210430009149 0.00548947849954 0.00823421774931 0.00823421774931 0.0228728270814 0.0402561756633 0.0192131747484 0.00823421774931 0.0146386093321 0.0 0.00365965233303 0.659652333028
87 0.0301921317475 0.000914913083257 0.0292772186642 0.0228728270814 0.00457456541629 0.00548947849954 0.0100640439158 0.0100640439158 0.0484903934126 0.0146386093321 0.00731930466606 0.0146386093321 0.0182982616651 0.0274473924977 0.0503202195791 0.0228728270814 0.0173833485819 0.00548947849954 0.00182982616651 0.00548947849954 0.652333028362
88 0.0201280878317 0.00274473924977 0.0109789569991 0.0192131747484 0.00274473924977 0.0219579139982 0.0100640439158 0.00731930466606 0.0365965233303 0.00823421774931 0.000914913083257 0.0942360475755 0.00731930466606 0.0155535224154 0.0503202195791 0.0210430009149 0.0146386093321 0.00548947849954 0.00365965233303 0.00457456541629 0.642268984446
89 0.0292772186642 0.00457456541629 0.0521500457457 0.0484903934126 0.00365965233303 0.187557182068 0.00731930466606 0.00731930466606 0.028362305581 0.0128087831656 0.00457456541629 0.0466605672461 0.0338517840805 0.0164684354986 0.0347666971638 0.0311070448307 0.0182982616651 0.0182982616651 0.00182982616651 0.00548947849954 0.407136322049
90 0.0173833485819 0.00365965233303 0.00731930466606 0.0109789569991 0.0667886550778 0.00914913083257 0.00457456541629 0.0109789569991 0.0146386093321 0.0237877401647 0.0118938700823 0.0064043915828 0.0192131747484 0.0100640439158 0.0192131747484 0.0256175663312 0.0109789569991 0.0064043915828 0.219579139982 0.0667886550778 0.434583714547
91 0.0338517840805 0.00914913083257 0.0192131747484 0.0338517840805 0.00914913083257 0.0219579139982 0.0118938700823 0.0439158279963 0.108874656908 0.0576395242452 0.0146386093321 0.0201280878317 0.0329368709973 0.035681610247 0.104300091491 0.028362305581 0.0494053064959 0.0384263494968 0.000914913083257 0.00548947849954 0.32021957914
92 0.0329368709973 0.0155535224154 0.0219579139982 0.0210430009149 0.00365965233303 0.0237877401647 0.0064043915828 0.0155535224154 0.060384263495 0.0128087831656 0.0064043915828 0.0585544373285 0.0247026532479 0.0201280878317 0.0503202195791 0.0457456541629 0.0942360475755 0.0173833485819 0.00182982616651 0.0064043915828 0.460201280878
93 0.067703568161 0.00548947849954 0.0109789569991 0.0164684354986 0.00731930466606 0.0292772186642 0.0118938700823 0.0155535224154 0.0576395242452 0.0274473924977 0.00731930466606 0.0329368709973 0.0311070448307 0.028362305581 0.0466605672461 0.0942360475755 0.032021957914 0.0128087831656 0.000914913083257 0.0100640439158 0.453796889296
94 0.0292772186642 0.00457456541629 0.0750228728271 0.0265324794145 0.00365965233303 0.0384263494968 0.0155535224154 0.0100640439158 0.0448307410796 0.0137236962489 0.00182982616651 0.0393412625801 0.0228728270814 0.0237877401647 0.0530649588289 0.0814272644099 0.0384263494968 0.0137236962489 0.00182982616651 0.00457456541629 0.457456541629
95 0.0228728270814 0.0118938700823 0.0182982616651 0.032021957914 0.0109789569991 0.174748398902 0.0128087831656 0.0164684354986 0.0411710887466 0.0192131747484 0.00365965233303 0.0329368709973 0.0265324794145 0.0256175663312 0.0338517840805 0.0375114364135 0.0182982616651 0.0100640439158 0.000914913083257 0.0064043915828 0.44373284538
96 0.0301921317475 0.00274473924977 0.0146386093321 0.0612991765782 0.00548947849954 0.0430009149131 0.0219579139982 0.0164684354986 0.0860018298262 0.0265324794145 0.00365965233303 0.0365965233303 0.0201280878317 0.0484903934126 0.0475754803294 0.064043915828 0.0466605672461 0.0219579139982 0.00457456541629 0.00823421774931 0.389752973468
97 0.0274473924977 0.0064043915828 0.0393412625801 0.0475754803294 0.0210430009149 0.0475754803294 0.0182982616651 0.028362305581 0.0384263494968 0.0494053064959 0.0109789569991 0.0210430009149 0.150960658737 0.0192131747484 0.0420860018298 0.0530649588289 0.0247026532479 0.0301921317475 0.00274473924977 0.0311070448307 0.290027447392
98 0.0430009149131 0.0173833485819 0.0164684354986 0.0155535224154 0.0155535224154 0.0219579139982 0.0365965233303 0.104300091491 0.0219579139982 0.0878316559927 0.00457456541629 0.00914913083257 0.035681610247 0.0192131747484 0.0375114364135 0.035681610247 0.0475754803294 0.150960658737 0.0155535224154 0.0128087831656 0.250686184812
99 0.0869167429094 0.00548947849954 0.0210430009149 0.0558096980787 0.00731930466606 0.0301921317475 0.0128087831656 0.0256175663312 0.103385178408 0.0475754803294 0.00731930466606 0.0265324794145 0.0667886550778 0.0430009149131 0.0612991765782 0.0558096980787 0.0411710887466 0.0539798719122 0.00457456541629 0.0137236962489 0.229643183898
100 0.0329368709973 0.0109789569991 0.0292772186642 0.0329368709973 0.0329368709973 0.0219579139982 0.0649588289113 0.0402561756633 0.0155535224154 0.0649588289113 0.0210430009149 0.191216834401 0.00731930466606 0.0146386093321 0.0192131747484 0.0622140896615 0.032021957914 0.0247026532479 0.00548947849954 0.0530649588289 0.222323879231
101 0.0914913083257 0.00914913083257 0.0201280878317 0.0247026532479 0.0137236962489 0.035681610247 0.0375114364135 0.035681610247 0.064043915828 0.0567246111619 0.0128087831656 0.0347666971638 0.0393412625801 0.0686184812443 0.0978956999085 0.0594693504117 0.0347666971638 0.0329368709973 0.0109789569991 0.0201280878317 0.19945105215
102 0.0585544373285 0.00548947849954 0.142726440988 0.132662397072 0.0173833485819 0.0329368709973 0.0256175663312 0.0311070448307 0.0585544373285 0.0375114364135 0.0146386093321 0.0494053064959 0.0567246111619 0.0430009149131 0.0548947849954 0.0695333943275 0.0375114364135 0.0274473924977 0.00731930466606 0.0155535224154 0.0814272644099
103 0.0375114364135 0.0137236962489 0.0100640439158 0.0393412625801 0.0457456541629 0.00823421774931 0.0118938700823 0.164684354986 0.0201280878317 0.31747483989 0.0182982616651 0.00365965233303 0.0064043915828 0.0247026532479 0.0247026532479 0.0128087831656 0.0274473924977 0.0658737419945 0.0128087831656 0.0512351326624 0.0832570905764
104 0.0457456541629 0.0146386093321 0.00457456541629 0.00731930466606 0.0777676120769 0.00457456541629 0.0137236962489 0.126258005489 0.028362305581 0.16010978957 0.035681610247 0.0064043915828 0.00274473924977 0.0146386093321 0.035681610247 0.0256175663312 0.0274473924977 0.100640439158 0.139066788655 0.0448307410796 0.0841720036597
105 0.0649588289113 0.00823421774931 0.0503202195791 0.112534309241 0.0118938700823 0.0146386093321 0.0274473924977 0.0219579139982 0.117108874657 0.0567246111619 0.0192131747484 0.0457456541629 0.0100640439158 0.121683440073 0.128087831656 0.0512351326624 0.0265324794145 0.0182982616651 0.00365965233303 0.0146386093321 0.0750228728271
106 0.0933211344922 0.0118938700823 0.0869167429094 0.138151875572 0.0173833485819 0.00548947849954 0.0192131747484 0.0384263494968 0.092406221409 0.0649588289113 0.0146386093321 0.0347666971638 0.0109789569991 0.0731930466606 0.0860018298262 0.060384263495 0.032021957914 0.0210430009149 0.0064043915828 0.0173833485819 0.0750228728271
107 0.0795974382434 0.035681610247 0.00365965233303 0.00548947849954 0.0439158279963 0.00365965233303 0.00823421774931 0.299176578225 0.000914913083257 0.227813357731 0.0256175663312 0.00823421774931 0.00274473924977 0.00457456541629 0.0109789569991 0.0182982616651 0.0301921317475 0.0878316559927 0.0109789569991 0.0256175663312 0.0667886550778
108 0.0567246111619 0.0128087831656 0.0622140896615 0.0466605672461 0.0265324794145 0.0173833485819 0.0494053064959 0.060384263495 0.0823421774931 0.104300091491 0.0247026532479 0.0311070448307 0.0100640439158 0.060384263495 0.108874656908 0.0411710887466 0.0265324794145 0.0503202195791 0.0301921317475 0.0247026532479 0.0731930466606
109 0.0841720036597 0.0100640439158 0.0814272644099 0.134492223239 0.0173833485819 0.032021957914 0.0338517840805 0.0192131747484 0.099725526075 0.0448307410796 0.00731930466606 0.0484903934126 0.00823421774931 0.060384263495 0.0869167429094 0.0686184812443 0.0439158279963 0.0256175663312 0.00731930466606 0.0109789569991 0.0750228728271
110 0.0722781335773 0.0237877401647 0.00731930466606 0.0375114364135 0.0484903934126 0.0128087831656 0.0155535224154 0.0869167429094 0.0347666971638 0.301921317475 0.0375114364135 0.0182982616651 0.00457456541629 0.0338517840805 0.0512351326624 0.0265324794145 0.0311070448307 0.0393412625801 0.0201280878317 0.0210430009149 0.0750228728271
111 0.0805123513266 0.0329368709973 0.0100640439158 0.0292772186642 0.0329368709973 0.0118938700823 0.0118938700823 0.110704483074 0.0475754803294 0.233302836231 0.0475754803294 0.0155535224154 0.00731930466606 0.0274473924977 0.0457456541629 0.0558096980787 0.0265324794145 0.0558096980787 0.00823421774931 0.0237877401647 0.0850869167429
112 0.064043915828 0.0064043915828 0.0631290027447 0.096065873742 0.0064043915828 0.035681610247 0.0247026532479 0.0137236962489 0.0969807868253 0.0402561756633 0.0155535224154 0.0686184812443 0.0210430009149 0.0731930466606 0.144556267155 0.0814272644099 0.0292772186642 0.0201280878317 0.00182982616651 0.0137236962489 0.0832570905764
113 0.0411710887466 0.0137236962489 0.0558096980787 0.092406221409 0.00823421774931 0.0713632204941 0.028362305581 0.0237877401647 0.0969807868253 0.0576395242452 0.0146386093321 0.0539798719122 0.0219579139982 0.0704483074108 0.092406221409 0.0869167429094 0.0384263494968 0.0182982616651 0.00457456541629 0.0137236962489 0.0951509606587
114 0.0265324794145 0.0146386093321 0.0182982616651 0.0219579139982 0.130832570906 0.0402561756633 0.0521500457457 0.0631290027447 0.0439158279963 0.122598353156 0.0228728270814 0.0375114364135 0.0146386093321 0.0173833485819 0.0850869167429 0.0256175663312 0.0274473924977 0.0530649588289 0.0338517840805 0.0274473924977 0.12076852699
115 0.0347666971638 0.0146386093321 0.0777676120769 0.0823421774931 0.0155535224154 0.0375114364135 0.0292772186642 0.0192131747484 0.0905763952425 0.0329368709973 0.00365965233303 0.0878316559927 0.0539798719122 0.0503202195791 0.0887465690759 0.0887465690759 0.0585544373285 0.0292772186642 0.00182982616651 0.0155535224154 0.0869167429094
116 0.0182982616651 0.0384263494968 0.00457456541629 0.00823421774931 0.0622140896615 0.00182982616651 0.0128087831656 0.195791399817 0.0118938700823 0.116193961574 0.0109789569991 0.00365965233303 0.0192131747484 0.00365965233303 0.00914913083257 0.0210430009149 0.0521500457457 0.28362305581 0.0228728270814 0.0256175663312 0.0777676120769
117 0.0292772186642 0.0100640439158 0.0402561756633 0.0978956999085 0.0265324794145 0.0128087831656 0.0420860018298 0.0338517840805 0.0850869167429 0.0411710887466 0.00731930466606 0.0347666971638 0.00274473924977 0.0530649588289 0.101555352242 0.105215004575 0.109789569991 0.0512351326624 0.00731930466606 0.032021957914 0.0759377859103
118 0.0182982616651 0.0118938700823 0.00548947849954 0.00548947849954 0.23604757548 0.0100640439158 0.00274473924977 0.161939615737 0.00365965233303 0.205855443733 0.0155535224154 0.000914913083257 0.00823421774931 0.00182982616651 0.00182982616651 0.00823421774931 0.0100640439158 0.145471180238 0.0393412625801 0.0228728270814 0.0841720036597
