POS A C D E F G H I K L M N P Q R S T V W Y -
1 0.0 0.0 0.000789265982636 0.000789265982636 0.0 0.000789265982636 0.0 0.0 0.0102604577743 0.0 0.0 0.00157853196527 0.0 0.0 0.000789265982636 0.0 0.000789265982636 0.0 0.0 0.0 0.984214680347
2 0.0016179952644 3.94632991318e-05 0.0016179952644 0.00635359116022 0.0016179952644 0.0426598263615 0.000828729281768 0.000828729281768 0.00872138910813 0.00398579321231 0.00240726124704 0.00951065509077 0.000828729281768 0.0016179952644 0.0016179952644 0.011089187056 0.00635359116022 0.000828729281768 3.94632991318e-05 0.000828729281768 0.896606156275
3 0.0150355169692 3.94632991318e-05 0.0118784530387 0.028453038674 0.00319652722968 0.011089187056 0.00714285714286 0.00872138910813 0.0505524861878 0.00793212312549 0.000828729281768 0.0189818468824 0.00477505919495 0.0134569850039 0.0118784530387 0.0126677190213 0.019771112865 0.0174033149171 0.0016179952644 0.000828729281768 0.753749013418
4 0.0355564325178 0.00319652722968 0.0158247829519 0.0268745067088 0.0118784530387 0.0134569850039 0.00556432517758 0.0118784530387 0.028453038674 0.0268745067088 0.00398579321231 0.0134569850039 0.0268745067088 0.0150355169692 0.0292423046567 0.0395027624309 0.0481846882399 0.0213496448303 0.00635359116022 0.00951065509077 0.606945540647
5 0.0252959747435 0.000828729281768 0.0142462509866 0.0489739542226 0.0592344119968 0.0189818468824 0.00477505919495 0.0687056037885 0.0189818468824 0.0655485398579 0.00872138910813 0.00635359116022 0.0150355169692 0.0229281767956 0.0174033149171 0.0150355169692 0.0355564325178 0.0537095501184 0.0150355169692 0.0473954222573 0.43725335438
6 0.0355169692186 0.00236779794791 0.034727703236 0.0757695343331 0.008681925809 0.0110497237569 0.0165745856354 0.0220994475138 0.0710339384373 0.0331491712707 0.00236779794791 0.0268350434096 0.0528808208366 0.0331491712707 0.0528808208366 0.0505130228887 0.0931333859511 0.0252565114444 0.00552486187845 0.008681925809 0.337805840568
7 0.209944751381 0.0418310970797 0.0102604577743 0.00710339384373 0.0142067876875 0.182320441989 0.00473559589582 0.0236779794791 0.00552486187845 0.0142067876875 0.008681925809 0.00473559589582 0.00631412786109 0.00157853196527 0.00473559589582 0.0110497237569 0.0189423835833 0.112075769534 0.00631412786109 0.0284135753749 0.283346487766
8 0.017363851618 0.0 0.0181531176006 0.0568271507498 0.0134175217048 0.0465666929755 0.0102604577743 0.0599842146803 0.108918705604 0.0355169692186 0.00473559589582 0.00473559589582 0.0118389897395 0.034727703236 0.105761641673 0.0268350434096 0.126282557222 0.0773480662983 0.00157853196527 0.0220994475138 0.217048145225
9 0.0284135753749 0.00947119179163 0.0142067876875 0.00631412786109 0.0165745856354 0.0102604577743 0.00236779794791 0.102604577743 0.00789265982636 0.0591949486977 0.00631412786109 0.008681925809 0.0220994475138 0.00789265982636 0.0205209155485 0.0118389897395 0.0134175217048 0.479873717443 0.00157853196527 0.00710339384373 0.163378058406
10 0.0820836621942 0.00236779794791 0.0331491712707 0.0962904498816 0.008681925809 0.0149960536701 0.00947119179163 0.0734017363852 0.052091554854 0.0670876085241 0.00315706393054 0.0197316495659 0.0189423835833 0.0149960536701 0.0228887134964 0.0339384372534 0.114443567482 0.17679558011 0.00315706393054 0.0142067876875 0.138121546961
11 0.0631412786109 0.0165745856354 0.0276243093923 0.0647198105762 0.0213101815312 0.0331491712707 0.0426203630624 0.00394632991318 0.1136543015 0.0126282557222 0.00473559589582 0.0228887134964 0.00236779794791 0.0481452249408 0.18863456985 0.104183109708 0.0220994475138 0.00631412786109 0.0110497237569 0.060773480663 0.129439621152
12 0.0441988950276 0.0157853196527 0.00394632991318 0.00315706393054 0.0110497237569 0.00236779794791 0.00473559589582 0.153117600631 0.00157853196527 0.008681925809 0.00631412786109 0.00236779794791 0.00157853196527 0.00236779794791 0.00236779794791 0.00552486187845 0.0142067876875 0.58089976322 0.00947119179163 0.00789265982636 0.118389897395
13 0.0378847671665 0.00157853196527 0.0157853196527 0.0126282557222 0.0268350434096 0.0213101815312 0.0331491712707 0.206787687451 0.0157853196527 0.0986582478295 0.00631412786109 0.0118389897395 0.0205209155485 0.008681925809 0.0299921073402 0.0473559589582 0.0449881610103 0.197316495659 0.008681925809 0.0465666929755 0.107340173639
14 0.0142067876875 0.0 0.686661404893 0.0189423835833 0.000789265982636 0.0118389897395 0.00236779794791 0.0 0.00473559589582 0.00315706393054 0.0 0.0205209155485 0.00473559589582 0.00710339384373 0.00552486187845 0.10181531176 0.0142067876875 0.0 0.0 0.000789265982636 0.102604577743
15 0.060773480663 0.000789265982636 0.0118389897395 0.00552486187845 0.00236779794791 0.752170481452 0.00236779794791 0.00157853196527 0.00315706393054 0.000789265982636 0.0 0.00315706393054 0.0181531176006 0.00236779794791 0.00394632991318 0.017363851618 0.00710339384373 0.00236779794791 0.000789265982636 0.00236779794791 0.101026045777
16 0.0165745856354 0.00631412786109 0.675611681137 0.0149960536701 0.00157853196527 0.0378847671665 0.00789265982636 0.00157853196527 0.00236779794791 0.00631412786109 0.00315706393054 0.0355169692186 0.0 0.0126282557222 0.0126282557222 0.0441988950276 0.0157853196527 0.00552486187845 0.0 0.0 0.0994475138122
17 0.0157853196527 0.00394632991318 0.00631412786109 0.008681925809 0.00157853196527 0.0165745856354 0.00394632991318 0.008681925809 0.008681925809 0.0142067876875 0.00473559589582 0.0142067876875 0.0 0.0110497237569 0.0497237569061 0.10181531176 0.611681136543 0.0157853196527 0.0 0.00394632991318 0.0986582478295
18 0.0299921073402 0.00631412786109 0.0 0.0 0.170481452249 0.00394632991318 0.0 0.235201262826 0.000789265982636 0.229676400947 0.0197316495659 0.0 0.0149960536701 0.000789265982636 0.0 0.00157853196527 0.00789265982636 0.153906866614 0.00552486187845 0.0197316495659 0.0994475138122
19 0.0228887134964 0.00236779794791 0.060773480663 0.0899763220205 0.00710339384373 0.00473559589582 0.0181531176006 0.0615627466456 0.104972375691 0.0410418310971 0.0102604577743 0.0134175217048 0.000789265982636 0.0276243093923 0.149960536701 0.0299921073402 0.0931333859511 0.1136543015 0.0244672454617 0.0236779794791 0.0994475138122
20 0.0623520126283 0.0284135753749 0.00789265982636 0.00315706393054 0.0623520126283 0.00473559589582 0.000789265982636 0.14364640884 0.000789265982636 0.192580899763 0.0205209155485 0.00236779794791 0.00157853196527 0.00236779794791 0.00236779794791 0.0110497237569 0.0236779794791 0.299921073402 0.00552486187845 0.0102604577743 0.1136543015
21 0.0623520126283 0.00631412786109 0.0599842146803 0.0568271507498 0.0165745856354 0.0536700868193 0.0189423835833 0.0355169692186 0.0773480662983 0.0741910023678 0.0165745856354 0.0386740331492 0.00473559589582 0.034727703236 0.104972375691 0.0591949486977 0.0599842146803 0.0386740331492 0.00710339384373 0.034727703236 0.138910812944
22 0.0355169692186 0.0205209155485 0.0805051302289 0.0228887134964 0.0236779794791 0.0473559589582 0.0189423835833 0.0820836621942 0.026045777427 0.0883977900552 0.0165745856354 0.0323599052881 0.0244672454617 0.0102604577743 0.0292028413575 0.0489344909234 0.0449881610103 0.0655090765588 0.00552486187845 0.0228887134964 0.253354380426
23 0.034727703236 0.00236779794791 0.102604577743 0.0394632991318 0.00552486187845 0.0662983425414 0.0118389897395 0.0134175217048 0.0370955011839 0.0213101815312 0.0 0.0718232044199 0.0844514601421 0.0244672454617 0.0197316495659 0.0465666929755 0.0228887134964 0.0142067876875 0.00157853196527 0.008681925809 0.370955011839
24 0.0142067876875 0.00236779794791 0.0560378847672 0.0441988950276 0.00473559589582 0.249408050513 0.0110497237569 0.008681925809 0.0497237569061 0.00947119179163 0.000789265982636 0.0513022888713 0.0315706393054 0.017363851618 0.0244672454617 0.0299921073402 0.0205209155485 0.0142067876875 0.00157853196527 0.00236779794791 0.355958958169
25 0.034727703236 0.0118389897395 0.0426203630624 0.0647198105762 0.008681925809 0.0544593528019 0.0197316495659 0.0149960536701 0.0970797158642 0.026045777427 0.00947119179163 0.0355169692186 0.0197316495659 0.0568271507498 0.0544593528019 0.0355169692186 0.052091554854 0.0315706393054 0.0 0.00631412786109 0.323599052881
26 0.0307813733228 0.0 0.0284135753749 0.0805051302289 0.0102604577743 0.138121546961 0.0102604577743 0.0315706393054 0.0726124704025 0.0394632991318 0.00789265982636 0.0315706393054 0.0323599052881 0.0370955011839 0.0670876085241 0.0505130228887 0.0749802683504 0.0370955011839 0.00394632991318 0.0110497237569 0.204419889503
27 0.0355169692186 0.00157853196527 0.0165745856354 0.106550907656 0.0355169692186 0.0220994475138 0.0205209155485 0.11681136543 0.0528808208366 0.0599842146803 0.0165745856354 0.00789265982636 0.00710339384373 0.0686661404893 0.0860299921073 0.017363851618 0.0710339384373 0.109707971586 0.00631412786109 0.0378847671665 0.103393843725
28 0.0236779794791 0.000789265982636 0.0134175217048 0.0315706393054 0.00947119179163 0.008681925809 0.0205209155485 0.0228887134964 0.174427782163 0.0284135753749 0.00631412786109 0.0378847671665 0.034727703236 0.0284135753749 0.21546961326 0.0647198105762 0.14364640884 0.0386740331492 0.00157853196527 0.0102604577743 0.0844514601421
29 0.0268350434096 0.00631412786109 0.0 0.00236779794791 0.0576164167324 0.00552486187845 0.00157853196527 0.250986582478 0.0 0.121546961326 0.0157853196527 0.0 0.0 0.0 0.000789265982636 0.00473559589582 0.00315706393054 0.41910023678 0.00236779794791 0.0213101815312 0.0599842146803
30 0.0157853196527 0.00473559589582 0.008681925809 0.008681925809 0.00315706393054 0.008681925809 0.0220994475138 0.0110497237569 0.0220994475138 0.0189423835833 0.00394632991318 0.0102604577743 0.00157853196527 0.0339384372534 0.696132596685 0.026045777427 0.0149960536701 0.0244672454617 0.000789265982636 0.00789265982636 0.0560378847672
31 0.008681925809 0.00315706393054 0.000789265982636 0.000789265982636 0.0718232044199 0.000789265982636 0.00157853196527 0.08681925809 0.00236779794791 0.644830307814 0.0331491712707 0.00315706393054 0.00789265982636 0.0 0.0 0.00157853196527 0.00157853196527 0.0497237569061 0.0 0.0299921073402 0.0513022888713
32 0.239936858721 0.0102604577743 0.0157853196527 0.0252565114444 0.0394632991318 0.0118389897395 0.0205209155485 0.0923441199684 0.0126282557222 0.171270718232 0.0118389897395 0.0181531176006 0.00473559589582 0.0220994475138 0.0244672454617 0.0710339384373 0.0181531176006 0.0497237569061 0.0118389897395 0.0789265982636 0.0497237569061
33 0.0323599052881 0.0331491712707 0.0568271507498 0.0220994475138 0.0157853196527 0.613259668508 0.0118389897395 0.00236779794791 0.00394632991318 0.0331491712707 0.008681925809 0.0473559589582 0.000789265982636 0.00315706393054 0.00394632991318 0.0331491712707 0.00315706393054 0.00236779794791 0.00394632991318 0.0189423835833 0.0497237569061
34 0.0165745856354 0.00947119179163 0.000789265982636 0.0 0.0181531176006 0.000789265982636 0.000789265982636 0.527229676401 0.0 0.0726124704025 0.0165745856354 0.0 0.00236779794791 0.0 0.0 0.00315706393054 0.00631412786109 0.2636148382 0.0 0.0126282557222 0.0489344909234
35 0.0339384372534 0.000789265982636 0.565114443567 0.0505130228887 0.00236779794791 0.00394632991318 0.00473559589582 0.0102604577743 0.0370955011839 0.008681925809 0.00157853196527 0.078137332281 0.00157853196527 0.0386740331492 0.0497237569061 0.0220994475138 0.0181531176006 0.0134175217048 0.00394632991318 0.00394632991318 0.0513022888713
36 0.418310970797 0.0647198105762 0.000789265982636 0.00315706393054 0.00631412786109 0.008681925809 0.000789265982636 0.0181531176006 0.00315706393054 0.0244672454617 0.00394632991318 0.00473559589582 0.0189423835833 0.00236779794791 0.00394632991318 0.052091554854 0.279400157853 0.0307813733228 0.00236779794791 0.00315706393054 0.0497237569061
37 0.0299921073402 0.0134175217048 0.00631412786109 0.008681925809 0.008681925809 0.00394632991318 0.00315706393054 0.00710339384373 0.00552486187845 0.0244672454617 0.00631412786109 0.0110497237569 0.757695343331 0.00315706393054 0.0118389897395 0.0149960536701 0.0165745856354 0.0134175217048 0.00157853196527 0.000789265982636 0.0513022888713
38 0.0339384372534 0.0 0.0513022888713 0.62588792423 0.00236779794791 0.0189423835833 0.00315706393054 0.00552486187845 0.0228887134964 0.0118389897395 0.00394632991318 0.0134175217048 0.0323599052881 0.0292028413575 0.0449881610103 0.0299921073402 0.0142067876875 0.00394632991318 0.000789265982636 0.00157853196527 0.0497237569061
39 0.0370955011839 0.00315706393054 0.0142067876875 0.0220994475138 0.0157853196527 0.026045777427 0.00315706393054 0.08681925809 0.0647198105762 0.150749802684 0.0457774269929 0.0157853196527 0.0528808208366 0.0110497237569 0.0615627466456 0.0828729281768 0.129439621152 0.0560378847672 0.00789265982636 0.0134175217048 0.0994475138122
40 0.0718232044199 0.00710339384373 0.0757695343331 0.0378847671665 0.017363851618 0.152328334649 0.0355169692186 0.00631412786109 0.0860299921073 0.0142067876875 0.00157853196527 0.043409629045 0.0315706393054 0.0220994475138 0.0615627466456 0.0631412786109 0.0426203630624 0.0378847671665 0.00473559589582 0.0252565114444 0.16179952644
41 0.0331491712707 0.0 0.0355169692186 0.0386740331492 0.0165745856354 0.0536700868193 0.0615627466456 0.00552486187845 0.0686661404893 0.0126282557222 0.00789265982636 0.0228887134964 0.0205209155485 0.112075769534 0.0686661404893 0.0426203630624 0.0363062352013 0.0134175217048 0.00394632991318 0.0236779794791 0.322020520916
42 0.0386740331492 0.00710339384373 0.0386740331492 0.0402525651144 0.0157853196527 0.0513022888713 0.008681925809 0.008681925809 0.0473559589582 0.0134175217048 0.00473559589582 0.0323599052881 0.106550907656 0.017363851618 0.0591949486977 0.0584056827151 0.0591949486977 0.0213101815312 0.00315706393054 0.00947119179163 0.358326756117
43 0.0481452249408 0.0734017363852 0.0544593528019 0.0276243093923 0.00394632991318 0.0844514601421 0.00473559589582 0.008681925809 0.0449881610103 0.0102604577743 0.00236779794791 0.0489344909234 0.0126282557222 0.0244672454617 0.0513022888713 0.0402525651144 0.026045777427 0.008681925809 0.00157853196527 0.00789265982636 0.415153906867
44 0.0284135753749 0.0465666929755 0.0276243093923 0.034727703236 0.00552486187845 0.0836621941594 0.0126282557222 0.0110497237569 0.0749802683504 0.0205209155485 0.0102604577743 0.0268350434096 0.0331491712707 0.0213101815312 0.0449881610103 0.0276243093923 0.0307813733228 0.017363851618 0.00236779794791 0.0102604577743 0.429360694554
45 0.0386740331492 0.0189423835833 0.0418310970797 0.0473559589582 0.00789265982636 0.0410418310971 0.00552486187845 0.00947119179163 0.0576164167324 0.0228887134964 0.00552486187845 0.017363851618 0.107340173639 0.0378847671665 0.0473559589582 0.0363062352013 0.0236779794791 0.0236779794791 0.00157853196527 0.0110497237569 0.397000789266
46 0.0883977900552 0.00157853196527 0.0552486187845 0.0899763220205 0.00552486187845 0.069455406472 0.0126282557222 0.0228887134964 0.0331491712707 0.0323599052881 0.00789265982636 0.0228887134964 0.0426203630624 0.0355169692186 0.0213101815312 0.0465666929755 0.0292028413575 0.0631412786109 0.00236779794791 0.00789265982636 0.309392265193
47 0.0276243093923 0.00236779794791 0.0418310970797 0.220994475138 0.0102604577743 0.0268350434096 0.00947119179163 0.0149960536701 0.0363062352013 0.0228887134964 0.0110497237569 0.0134175217048 0.0157853196527 0.205209155485 0.0315706393054 0.0197316495659 0.026045777427 0.0149960536701 0.0623520126283 0.0386740331492 0.147592738753
48 0.104972375691 0.0828729281768 0.0497237569061 0.0789265982636 0.0165745856354 0.0165745856354 0.0110497237569 0.008681925809 0.0394632991318 0.0205209155485 0.000789265982636 0.0220994475138 0.279400157853 0.0307813733228 0.0410418310971 0.0276243093923 0.0213101815312 0.0165745856354 0.00236779794791 0.0220994475138 0.106550907656
49 0.0276243093923 0.111286503552 0.0110497237569 0.017363851618 0.166535122336 0.0734017363852 0.0276243093923 0.0197316495659 0.0142067876875 0.100236779795 0.017363851618 0.00473559589582 0.00473559589582 0.0142067876875 0.0220994475138 0.0118389897395 0.00789265982636 0.0181531176006 0.0686661404893 0.169692186267 0.0915548539858
50 0.247040252565 0.0 0.00552486187845 0.008681925809 0.017363851618 0.490134175217 0.00236779794791 0.00473559589582 0.00394632991318 0.00394632991318 0.00236779794791 0.00710339384373 0.00631412786109 0.00789265982636 0.0110497237569 0.060773480663 0.00947119179163 0.00473559589582 0.00473559589582 0.0268350434096 0.0749802683504
51 0.0765588003157 0.0 0.0662983425414 0.123125493291 0.0252565114444 0.0157853196527 0.0181531176006 0.0370955011839 0.1136543015 0.0623520126283 0.0197316495659 0.0386740331492 0.0465666929755 0.0773480662983 0.0860299921073 0.0307813733228 0.0244672454617 0.0410418310971 0.0157853196527 0.0189423835833 0.0623520126283
52 0.146014206788 0.00157853196527 0.0457774269929 0.30228887135 0.00315706393054 0.00631412786109 0.008681925809 0.0213101815312 0.0994475138122 0.0402525651144 0.0149960536701 0.0228887134964 0.0110497237569 0.095501183899 0.0623520126283 0.0213101815312 0.0181531176006 0.0276243093923 0.00552486187845 0.00552486187845 0.0402525651144
53 0.696921862668 0.008681925809 0.00473559589582 0.00315706393054 0.00236779794791 0.0189423835833 0.000789265982636 0.00789265982636 0.00157853196527 0.00631412786109 0.00315706393054 0.00631412786109 0.00236779794791 0.00394632991318 0.00236779794791 0.16179952644 0.0118389897395 0.0149960536701 0.00236779794791 0.00157853196527 0.0378847671665
54 0.0812943962115 0.00157853196527 0.00552486187845 0.017363851618 0.017363851618 0.0157853196527 0.00789265982636 0.0134175217048 0.247040252565 0.0536700868193 0.0110497237569 0.00789265982636 0.00236779794791 0.0331491712707 0.214680347277 0.0741910023678 0.136543014996 0.00789265982636 0.00710339384373 0.0142067876875 0.0299921073402
55 0.138910812944 0.000789265982636 0.135753749013 0.156274664562 0.017363851618 0.0149960536701 0.0228887134964 0.0142067876875 0.0718232044199 0.0323599052881 0.00789265982636 0.0599842146803 0.0 0.095501183899 0.0749802683504 0.0410418310971 0.0489344909234 0.0189423835833 0.00473559589582 0.0118389897395 0.0307813733228
56 0.158681925809 0.00477505919495 0.00319652722968 0.0300315706393 0.240765588003 0.00951065509077 0.0387134964483 0.011089187056 0.0276637726914 0.0481846882399 0.0118784530387 0.00951065509077 0.0016179952644 0.0237174427782 0.089226519337 0.0126677190213 0.0245067087609 0.0245067087609 0.0679163378058 0.140528808208 0.0213101815312
57 0.0939621152328 0.00319652722968 3.94632991318e-05 0.00319652722968 0.0189818468824 0.00240726124704 0.000828729281768 0.0213496448303 3.94632991318e-05 0.547000789266 0.0363456985004 0.0252959747435 0.000828729281768 0.00319652722968 0.000828729281768 0.0134569850039 0.107379636938 0.101065509077 0.000828729281768 0.000828729281768 0.0189423835833
58 0.0923835832676 0.00872138910813 0.0205603788477 0.143685872139 0.00398579321231 0.0158247829519 0.0142462509866 0.0300315706393 0.155524861878 0.028453038674 0.0102999210734 0.0252959747435 3.94632991318e-05 0.0710734017364 0.192620363062 0.0694948697711 0.0576558800316 0.0339779005525 0.00240726124704 0.00714285714286 0.0165745856354
59 0.0860694554065 0.00398579321231 0.101065509077 0.129479084451 0.00398579321231 0.0402920284136 0.011089187056 0.00872138910813 0.142896606156 0.019771112865 0.00319652722968 0.0687056037885 0.00319652722968 0.080544593528 0.0915943172849 0.118429360695 0.0489739542226 0.00951065509077 0.00398579321231 0.00556432517758 0.0189423835833
60 0.0292423046567 0.00398579321231 0.00319652722968 0.0181925808998 0.054498816101 0.00398579321231 0.0221389108129 0.0537095501184 0.0639700078927 0.367048145225 0.0592344119968 0.028453038674 0.000828729281768 0.0308208366219 0.0813338595107 0.011089187056 0.028453038674 0.019771112865 0.0292423046567 0.0323993685872 0.0584056827151
61 0.0450276243094 0.0347671665351 0.00240726124704 0.00319652722968 0.0276637726914 0.000828729281768 0.0016179952644 0.146842936069 0.00319652722968 0.39861878453 0.0205603788477 0.00398579321231 0.00240726124704 0.00556432517758 0.00556432517758 0.00477505919495 0.0379242304657 0.17683504341 0.00714285714286 0.00714285714286 0.0639305445935
62 0.0339384372534 0.00710339384373 0.0118389897395 0.0252565114444 0.00394632991318 0.0213101815312 0.00315706393054 0.0118389897395 0.0370955011839 0.0584056827151 0.00947119179163 0.0157853196527 0.0741910023678 0.0118389897395 0.0205209155485 0.0284135753749 0.0220994475138 0.0339384372534 0.00157853196527 0.00394632991318 0.564325177585
63 0.0758089976322 0.000828729281768 0.0418705603788 0.0813338595107 0.0229281767956 0.0655485398579 0.0174033149171 0.0434490923441 0.0616022099448 0.133425414365 0.0213496448303 0.0726519337017 0.0395027624309 0.0434490923441 0.0750197316496 0.0442383583268 0.0221389108129 0.0418705603788 0.00398579321231 0.0134569850039 0.078137332281
64 0.080544593528 0.00319652722968 0.0616022099448 0.0229281767956 0.00319652722968 0.389936858721 0.0213496448303 0.00240726124704 0.0426598263615 0.0166140489345 0.00398579321231 0.0923835832676 0.00793212312549 0.0710734017364 0.0600236779795 0.0395027624309 0.019771112865 0.00714285714286 0.00319652722968 0.00635359116022 0.0441988950276
65 0.0410812943962 0.00319652722968 0.0316101026046 0.0552880820837 0.00556432517758 0.0750197316496 0.0229281767956 0.0016179952644 0.247079715864 0.00556432517758 0.00556432517758 0.0323993685872 0.0166140489345 0.0860694554065 0.191041831097 0.0513417521705 0.0576558800316 0.00951065509077 0.00240726124704 0.00477505919495 0.0536700868193
66 0.0434490923441 0.0016179952644 0.0860694554065 0.116850828729 0.0142462509866 0.0213496448303 0.0181925808998 0.0237174427782 0.0971191791634 0.0174033149171 0.00635359116022 0.0560773480663 0.0623914759274 0.0600236779795 0.0915943172849 0.0639700078927 0.130268350434 0.0410812943962 0.00635359116022 0.0126677190213 0.0292028413575
67 0.0426598263615 0.00951065509077 0.00556432517758 0.0016179952644 0.0229281767956 0.00477505919495 3.94632991318e-05 0.187095501184 0.00556432517758 0.102644041042 0.00635359116022 0.00240726124704 0.00872138910813 0.00793212312549 0.00635359116022 0.0102999210734 0.0102999210734 0.535951065509 0.00714285714286 0.00477505919495 0.017363851618
68 0.0292423046567 0.00398579321231 0.0410812943962 0.115272296764 0.0379242304657 0.0181925808998 0.0181925808998 0.037134964483 0.0655485398579 0.0481846882399 0.0150355169692 0.0205603788477 0.00477505919495 0.0473954222573 0.119218626677 0.0687056037885 0.146842936069 0.0584451460142 0.0292423046567 0.0592344119968 0.0157853196527
69 0.0260852407261 0.143685872139 0.000828729281768 0.0016179952644 0.0576558800316 0.00793212312549 3.94632991318e-05 0.182359905288 0.00398579321231 0.295224940805 0.0166140489345 0.0016179952644 0.000828729281768 0.00319652722968 0.00398579321231 0.00398579321231 0.00793212312549 0.205248618785 0.00240726124704 0.0150355169692 0.0197316495659
70 0.0363456985004 0.00240726124704 0.0623914759274 0.20998421468 0.0134569850039 0.00951065509077 0.0205603788477 0.0402920284136 0.0789660615627 0.0363456985004 0.00556432517758 0.0205603788477 0.00714285714286 0.0726519337017 0.0994869771113 0.0513417521705 0.0844909234412 0.0939621152328 0.0102999210734 0.0213496448303 0.0228887134964
71 0.0529202841358 0.0158247829519 0.0229281767956 0.0323993685872 0.0955406471981 0.0221389108129 0.00556432517758 0.0900157853197 0.0205603788477 0.0947513812155 0.00872138910813 0.011089187056 0.0702841357537 0.0252959747435 0.0387134964483 0.0489739542226 0.0513417521705 0.113693764799 0.00398579321231 0.0616022099448 0.1136543015
72 0.037134964483 0.000828729281768 0.232872928177 0.0955406471981 0.011089187056 0.0410812943962 0.0174033149171 0.0552880820837 0.0229281767956 0.0600236779795 0.00714285714286 0.0237174427782 0.0229281767956 0.0237174427782 0.0347671665351 0.037134964483 0.0355564325178 0.0702841357537 0.00477505919495 0.0158247829519 0.149960536701
73 0.0102604577743 0.000789265982636 0.026045777427 0.026045777427 0.00236779794791 0.0236779794791 0.00710339384373 0.008681925809 0.034727703236 0.00552486187845 0.00157853196527 0.0134175217048 0.0473559589582 0.0134175217048 0.0189423835833 0.0197316495659 0.0142067876875 0.0102604577743 0.00236779794791 0.00947119179163 0.704025256511
74 0.0505130228887 0.00315706393054 0.0292028413575 0.0378847671665 0.00394632991318 0.0686661404893 0.00394632991318 0.0205209155485 0.0268350434096 0.0299921073402 0.00236779794791 0.0292028413575 0.0315706393054 0.0315706393054 0.0299921073402 0.0284135753749 0.0331491712707 0.0378847671665 0.00631412786109 0.0126282557222 0.482241515391
75 0.0402525651144 0.000789265982636 0.0686661404893 0.0686661404893 0.00631412786109 0.0528808208366 0.0110497237569 0.0149960536701 0.0315706393054 0.0157853196527 0.008681925809 0.026045777427 0.034727703236 0.0441988950276 0.0284135753749 0.0363062352013 0.0299921073402 0.0276243093923 0.000789265982636 0.0244672454617 0.427782162589
76 0.0600236779795 0.00319652722968 0.101065509077 0.0773875295975 0.00477505919495 0.175256511444 0.0221389108129 0.0150355169692 0.0813338595107 0.0268745067088 0.00951065509077 0.0355564325178 0.0300315706393 0.0355564325178 0.0765982636148 0.0694948697711 0.0481846882399 0.028453038674 3.94632991318e-05 0.0150355169692 0.0844514601421
77 0.0489739542226 0.00477505919495 0.0245067087609 0.0418705603788 0.0316101026046 0.0229281767956 0.0150355169692 0.0473954222573 0.122375690608 0.0426598263615 0.0134569850039 0.019771112865 0.0363456985004 0.0442383583268 0.172099447514 0.0363456985004 0.120797158642 0.0750197316496 0.00556432517758 0.028453038674 0.0457774269929
78 0.0260852407261 0.00319652722968 0.648816101026 0.0339779005525 0.00240726124704 0.071862667719 0.00240726124704 0.00793212312549 0.0276637726914 0.0102999210734 0.00556432517758 0.0252959747435 0.019771112865 0.00872138910813 0.0150355169692 0.0229281767956 0.0260852407261 0.00872138910813 0.000828729281768 0.00556432517758 0.0268350434096
79 0.0442383583268 0.000828729281768 0.0395027624309 0.0292423046567 0.00793212312549 0.037134964483 0.0229281767956 0.0158247829519 0.194198895028 0.0118784530387 0.00477505919495 0.0363456985004 0.0347671665351 0.0702841357537 0.254183109708 0.0687056037885 0.0379242304657 0.0237174427782 0.00793212312549 0.0237174427782 0.0339384372534
80 0.0229281767956 0.00240726124704 0.037134964483 0.019771112865 0.0742304656669 0.0339779005525 0.0237174427782 0.00793212312549 0.019771112865 0.011089187056 0.00477505919495 0.0497632202052 0.00872138910813 0.0245067087609 0.019771112865 0.0363456985004 0.0252959747435 0.0126677190213 0.0252959747435 0.50043409629 0.0394632991318
81 0.0134175217048 0.00236779794791 0.0939226519337 0.0244672454617 0.0134175217048 0.591949486977 0.0142067876875 0.00236779794791 0.0307813733228 0.00236779794791 0.000789265982636 0.069455406472 0.0110497237569 0.026045777427 0.0276243093923 0.0339384372534 0.00789265982636 0.00394632991318 0.000789265982636 0.00236779794791 0.0268350434096
82 0.0228887134964 0.00552486187845 0.0149960536701 0.0197316495659 0.00236779794791 0.0142067876875 0.0126282557222 0.0118389897395 0.0157853196527 0.0126282557222 0.0110497237569 0.0370955011839 0.0110497237569 0.0157853196527 0.685872138911 0.0157853196527 0.026045777427 0.0213101815312 0.00394632991318 0.0102604577743 0.0292028413575
83 0.0560378847672 0.0149960536701 0.0142067876875 0.0299921073402 0.0623520126283 0.00789265982636 0.0157853196527 0.100236779795 0.0220994475138 0.228887134964 0.0205209155485 0.0165745856354 0.0386740331492 0.0244672454617 0.0205209155485 0.0355169692186 0.095501183899 0.101026045777 0.0236779794791 0.052091554854 0.0189423835833
84 0.0118389897395 0.00789265982636 0.00394632991318 0.0142067876875 0.0268350434096 0.00236779794791 0.00947119179163 0.112075769534 0.00473559589582 0.430149960537 0.0157853196527 0.00394632991318 0.0268350434096 0.00710339384373 0.0126282557222 0.017363851618 0.0228887134964 0.219415943173 0.00552486187845 0.0236779794791 0.0213101815312
85 0.448303078137 0.0497237569061 0.0 0.00236779794791 0.00473559589582 0.249408050513 0.00315706393054 0.00236779794791 0.000789265982636 0.0149960536701 0.00473559589582 0.0 0.00157853196527 0.00394632991318 0.0505130228887 0.0315706393054 0.0142067876875 0.0883977900552 0.0 0.00473559589582 0.0244672454617
86 0.0299921073402 0.00789265982636 0.0576164167324 0.0623520126283 0.0355169692186 0.00631412786109 0.0584056827151 0.0505130228887 0.034727703236 0.052091554854 0.0110497237569 0.0307813733228 0.00631412786109 0.0355169692186 0.0749802683504 0.0536700868193 0.0891870560379 0.0647198105762 0.0323599052881 0.191791633781 0.0142067876875
87 0.0331491712707 0.141278610892 0.000789265982636 0.00236779794791 0.0142067876875 0.00315706393054 0.0 0.156274664562 0.00236779794791 0.148382004736 0.0197316495659 0.00157853196527 0.00789265982636 0.00157853196527 0.00157853196527 0.00236779794791 0.00789265982636 0.438831886346 0.00236779794791 0.00157853196527 0.0126282557222
88 0.0299921073402 0.00315706393054 0.0149960536701 0.0323599052881 0.157853196527 0.00947119179163 0.0197316495659 0.0441988950276 0.0276243093923 0.0560378847672 0.0181531176006 0.00947119179163 0.00473559589582 0.0189423835833 0.0615627466456 0.0481452249408 0.0576164167324 0.0513022888713 0.104972375691 0.216258879242 0.0134175217048
89 0.0891870560379 0.0220994475138 0.0205209155485 0.0110497237569 0.0307813733228 0.0102604577743 0.034727703236 0.0820836621942 0.0268350434096 0.198895027624 0.0157853196527 0.0252565114444 0.0157853196527 0.0149960536701 0.0544593528019 0.0394632991318 0.0560378847672 0.182320441989 0.00157853196527 0.0489344909234 0.0189423835833
90 0.0378847671665 0.000789265982636 0.257300710339 0.069455406472 0.00315706393054 0.192580899763 0.0110497237569 0.00947119179163 0.0457774269929 0.0126282557222 0.00236779794791 0.109707971586 0.0552486187845 0.026045777427 0.0355169692186 0.0513022888713 0.0213101815312 0.0118389897395 0.00394632991318 0.00394632991318 0.0386740331492
91 0.0299921073402 0.00394632991318 0.0978689818469 0.0678768745067 0.00473559589582 0.408050513023 0.00710339384373 0.00157853196527 0.0702446724546 0.00315706393054 0.00157853196527 0.0773480662983 0.0134175217048 0.0197316495659 0.043409629045 0.0394632991318 0.0307813733228 0.00789265982636 0.00473559589582 0.00947119179163 0.0576164167324
92 0.0410812943962 3.94632991318e-05 0.0292423046567 0.0781767955801 0.00477505919495 0.0576558800316 0.0142462509866 0.0552880820837 0.0963299131807 0.0694948697711 0.0166140489345 0.0276637726914 0.0126677190213 0.0663378058406 0.132636148382 0.019771112865 0.115272296764 0.0884372533544 0.00398579321231 0.0158247829519 0.0544593528019
93 0.00552486187845 0.026045777427 0.312549329124 0.026045777427 0.0402525651144 0.00315706393054 0.008681925809 0.00947119179163 0.00394632991318 0.103393843725 0.0378847671665 0.17363851618 0.0220994475138 0.00552486187845 0.0118389897395 0.115232833465 0.026045777427 0.0134175217048 0.0181531176006 0.0142067876875 0.0228887134964
94 0.0394632991318 0.00315706393054 0.00789265982636 0.000789265982636 0.0536700868193 0.0 0.000789265982636 0.210734017364 0.000789265982636 0.325966850829 0.00710339384373 0.0 0.00552486187845 0.00236779794791 0.0 0.00236779794791 0.00394632991318 0.272296764009 0.00789265982636 0.0402525651144 0.0149960536701
95 0.164167324388 0.00710339384373 0.00947119179163 0.0157853196527 0.0 0.166535122336 0.00157853196527 0.00236779794791 0.00157853196527 0.00157853196527 0.000789265982636 0.398579321231 0.00315706393054 0.0836621941594 0.00473559589582 0.104972375691 0.0142067876875 0.00236779794791 0.0 0.000789265982636 0.0165745856354
96 0.16179952644 0.0126282557222 0.0402525651144 0.21546961326 0.0110497237569 0.0244672454617 0.0157853196527 0.0284135753749 0.0505130228887 0.134175217048 0.00947119179163 0.0142067876875 0.00315706393054 0.0591949486977 0.0670876085241 0.0355169692186 0.0307813733228 0.043409629045 0.000789265982636 0.0236779794791 0.0181531176006
97 0.129439621152 0.00157853196527 0.0355169692186 0.228097868982 0.017363851618 0.0126282557222 0.0268350434096 0.0331491712707 0.0497237569061 0.0891870560379 0.0331491712707 0.00710339384373 0.00236779794791 0.078137332281 0.0473559589582 0.0284135753749 0.0481452249408 0.0394632991318 0.0441988950276 0.0299921073402 0.0181531176006
98 0.0220994475138 0.000789265982636 0.000789265982636 0.00394632991318 0.00157853196527 0.00315706393054 0.00157853196527 0.0599842146803 0.000789265982636 0.536700868193 0.255722178374 0.0 0.000789265982636 0.043409629045 0.000789265982636 0.00710339384373 0.00473559589582 0.0355169692186 0.0 0.000789265982636 0.0197316495659
99 0.034727703236 0.00552486187845 0.0 0.0 0.00157853196527 0.00157853196527 0.0 0.191791633781 0.00552486187845 0.300710339384 0.0142067876875 0.000789265982636 0.0 0.00236779794791 0.00315706393054 0.00394632991318 0.0118389897395 0.401736385162 0.0 0.000789265982636 0.0197316495659
100 0.125493291239 0.000789265982636 0.0236779794791 0.191002367798 0.00315706393054 0.0213101815312 0.00315706393054 0.00552486187845 0.146014206788 0.0252565114444 0.00710339384373 0.0181531176006 0.0 0.0576164167324 0.220994475138 0.0915548539858 0.017363851618 0.0126282557222 0.00236779794791 0.00473559589582 0.0220994475138
101 0.138910812944 0.00157853196527 0.052091554854 0.183898973954 0.00552486187845 0.0307813733228 0.0165745856354 0.00552486187845 0.0670876085241 0.0426203630624 0.0126282557222 0.112075769534 0.0 0.0923441199684 0.0734017363852 0.0931333859511 0.0284135753749 0.0110497237569 0.00157853196527 0.00631412786109 0.0244672454617
102 0.00473559589582 0.000789265982636 0.00710339384373 0.00552486187845 0.0 0.921862667719 0.000789265982636 0.0 0.00789265982636 0.0 0.0 0.00789265982636 0.00315706393054 0.00157853196527 0.00552486187845 0.00552486187845 0.000789265982636 0.000789265982636 0.000789265982636 0.0 0.0252565114444
103 0.0426203630624 0.00552486187845 0.00394632991318 0.00789265982636 0.0820836621942 0.00394632991318 0.0568271507498 0.0110497237569 0.00631412786109 0.364640883978 0.0528808208366 0.0142067876875 0.0 0.0189423835833 0.00473559589582 0.00631412786109 0.00631412786109 0.0157853196527 0.0907655880032 0.176006314128 0.0292028413575
104 0.749013417522 0.00710339384373 0.000789265982636 0.0 0.00157853196527 0.08681925809 0.00236779794791 0.00236779794791 0.00157853196527 0.00789265982636 0.00157853196527 0.0 0.00157853196527 0.0 0.00157853196527 0.0276243093923 0.0134175217048 0.0615627466456 0.0 0.00236779794791 0.0307813733228
105 0.0292028413575 0.00789265982636 0.0110497237569 0.0568271507498 0.0323599052881 0.00710339384373 0.0165745856354 0.0418310970797 0.0773480662983 0.0576164167324 0.0157853196527 0.0110497237569 0.008681925809 0.0299921073402 0.181531176006 0.0228887134964 0.043409629045 0.0891870560379 0.0789265982636 0.0363062352013 0.144435674822
106 0.108129439621 0.0126282557222 0.008681925809 0.0189423835833 0.0307813733228 0.00236779794791 0.0142067876875 0.0465666929755 0.00631412786109 0.0678768745067 0.008681925809 0.00552486187845 0.0749802683504 0.00236779794791 0.0142067876875 0.0142067876875 0.0323599052881 0.217048145225 0.0205209155485 0.0363062352013 0.257300710339
107 0.0994475138122 0.00631412786109 0.0489344909234 0.0205209155485 0.0323599052881 0.0165745856354 0.0307813733228 0.0189423835833 0.0284135753749 0.0355169692186 0.008681925809 0.034727703236 0.00947119179163 0.0181531176006 0.0402525651144 0.0394632991318 0.0331491712707 0.0457774269929 0.00631412786109 0.102604577743 0.323599052881
108 0.0299921073402 0.00394632991318 0.0299921073402 0.0331491712707 0.0410418310971 0.0197316495659 0.00552486187845 0.0126282557222 0.0205209155485 0.0181531176006 0.00552486187845 0.0181531176006 0.0355169692186 0.0165745856354 0.0457774269929 0.0220994475138 0.0323599052881 0.0189423835833 0.0410418310971 0.133385951066 0.415943172849
109 0.0591949486977 0.0 0.0576164167324 0.0323599052881 0.0252565114444 0.034727703236 0.0307813733228 0.060773480663 0.0473559589582 0.0244672454617 0.00789265982636 0.0149960536701 0.0702446724546 0.017363851618 0.0591949486977 0.0426203630624 0.0449881610103 0.0805051302289 0.008681925809 0.026045777427 0.254932912391
110 0.0441988950276 0.00157853196527 0.0386740331492 0.034727703236 0.0457774269929 0.0299921073402 0.0205209155485 0.0205209155485 0.0268350434096 0.0189423835833 0.00710339384373 0.017363851618 0.0181531176006 0.0197316495659 0.0252565114444 0.0568271507498 0.0165745856354 0.0252565114444 0.0315706393054 0.214680347277 0.285714285714
111 0.052091554854 0.00789265982636 0.0536700868193 0.0473559589582 0.0165745856354 0.0560378847672 0.0142067876875 0.0181531176006 0.0339384372534 0.0315706393054 0.00473559589582 0.0284135753749 0.100236779795 0.0236779794791 0.0505130228887 0.0797158642463 0.0505130228887 0.0165745856354 0.000789265982636 0.0189423835833 0.294396211523
112 0.0402525651144 0.00789265982636 0.052091554854 0.0284135753749 0.0102604577743 0.0599842146803 0.0165745856354 0.0142067876875 0.0591949486977 0.0386740331492 0.00552486187845 0.034727703236 0.124704025257 0.0441988950276 0.0394632991318 0.0560378847672 0.0268350434096 0.0165745856354 0.00315706393054 0.0205209155485 0.300710339384
113 0.0394632991318 0.00236779794791 0.0812943962115 0.0497237569061 0.0149960536701 0.0497237569061 0.017363851618 0.00552486187845 0.0505130228887 0.0157853196527 0.00473559589582 0.125493291239 0.0394632991318 0.0213101815312 0.0457774269929 0.0489344909234 0.017363851618 0.008681925809 0.00394632991318 0.0355169692186 0.322020520916
114 0.0386740331492 0.0149960536701 0.0552486187845 0.0276243093923 0.0331491712707 0.0299921073402 0.0181531176006 0.0165745856354 0.0315706393054 0.0560378847672 0.00789265982636 0.0299921073402 0.0339384372534 0.0220994475138 0.0213101815312 0.0568271507498 0.0631412786109 0.0378847671665 0.00315706393054 0.034727703236 0.367008681926
115 0.0686661404893 0.00473559589582 0.052091554854 0.0513022888713 0.00473559589582 0.0268350434096 0.0110497237569 0.00789265982636 0.106550907656 0.0292028413575 0.00710339384373 0.0220994475138 0.0655090765588 0.0292028413575 0.0552486187845 0.0726124704025 0.0426203630624 0.0157853196527 0.00315706393054 0.00710339384373 0.316495659037
116 0.0236779794791 0.0284135753749 0.0355169692186 0.0292028413575 0.0497237569061 0.0220994475138 0.0284135753749 0.0181531176006 0.0292028413575 0.052091554854 0.0102604577743 0.0220994475138 0.0149960536701 0.0189423835833 0.0505130228887 0.026045777427 0.0157853196527 0.0228887134964 0.00631412786109 0.213891081294 0.281767955801
117 0.0860299921073 0.0197316495659 0.0363062352013 0.0292028413575 0.0220994475138 0.0323599052881 0.0236779794791 0.0268350434096 0.0370955011839 0.0734017363852 0.0142067876875 0.0149960536701 0.0157853196527 0.0402525651144 0.0773480662983 0.0584056827151 0.0315706393054 0.0331491712707 0.0110497237569 0.0528808208366 0.2636148382
118 0.0812943962115 0.00315706393054 0.104183109708 0.0986582478295 0.00394632991318 0.0536700868193 0.0118389897395 0.00394632991318 0.0670876085241 0.0205209155485 0.00473559589582 0.0449881610103 0.0552486187845 0.0544593528019 0.0410418310971 0.0560378847672 0.0331491712707 0.0126282557222 0.00315706393054 0.00947119179163 0.236779794791
119 0.104972375691 0.0134175217048 0.0615627466456 0.121546961326 0.00710339384373 0.0244672454617 0.0149960536701 0.0197316495659 0.0647198105762 0.0473559589582 0.008681925809 0.0197316495659 0.0252565114444 0.060773480663 0.0978689818469 0.034727703236 0.0244672454617 0.0252565114444 0.00631412786109 0.0205209155485 0.196527229676
