POS A C D E F G H I K L M N P Q R S T V W Y -
1 0.0 0.0 0.000790513833992 0.000790513833992 0.0 0.000790513833992 0.0 0.0 0.00948616600791 0.0 0.0 0.000790513833992 0.0 0.0 0.000790513833992 0.0 0.000790513833992 0.0 0.0 0.0 0.985770750988
2 0.00237154150198 0.0 0.00158102766798 0.00553359683794 0.00158102766798 0.0379446640316 0.000790513833992 0.0 0.00869565217391 0.00395256916996 0.00237154150198 0.00711462450593 0.000790513833992 0.00158102766798 0.00158102766798 0.0110671936759 0.00711462450593 0.00158102766798 0.0 0.000790513833992 0.903557312253
3 0.0150197628458 0.0 0.00948616600791 0.0284584980237 0.00395256916996 0.0126482213439 0.00474308300395 0.00711462450593 0.0466403162055 0.00632411067194 0.000790513833992 0.0197628458498 0.00869565217391 0.0126482213439 0.0126482213439 0.0110671936759 0.0229249011858 0.0173913043478 0.00158102766798 0.00158102766798 0.75652173913
4 0.0363636363636 0.00316205533597 0.0166007905138 0.0316205533597 0.0118577075099 0.0158102766798 0.00553359683794 0.0118577075099 0.0245059288538 0.0268774703557 0.00474308300395 0.0102766798419 0.0316205533597 0.0150197628458 0.0276679841897 0.0387351778656 0.0450592885375 0.0237154150198 0.00711462450593 0.00948616600791 0.602371541502
5 0.0300395256917 0.000790513833992 0.0142292490119 0.0498023715415 0.0577075098814 0.0221343873518 0.00395256916996 0.0671936758893 0.0181818181818 0.0624505928854 0.0102766798419 0.00711462450593 0.0150197628458 0.0197628458498 0.0197628458498 0.0166007905138 0.0355731225296 0.0537549407115 0.0126482213439 0.0498023715415 0.433201581028
6 0.0339920948617 0.00316205533597 0.0316205533597 0.0743083003953 0.0102766798419 0.0126482213439 0.0126482213439 0.0221343873518 0.0774703557312 0.0355731225296 0.000790513833992 0.0252964426877 0.0529644268775 0.0387351778656 0.0482213438735 0.0537549407115 0.0901185770751 0.0276679841897 0.00474308300395 0.00869565217391 0.335177865613
7 0.207114624506 0.0418972332016 0.0102766798419 0.00711462450593 0.0166007905138 0.183399209486 0.00395256916996 0.0213438735178 0.00711462450593 0.0158102766798 0.00869565217391 0.00474308300395 0.00553359683794 0.000790513833992 0.00474308300395 0.0118577075099 0.0213438735178 0.113043478261 0.00711462450593 0.0292490118577 0.278260869565
8 0.0197628458498 0.000790513833992 0.0166007905138 0.0561264822134 0.0142292490119 0.0474308300395 0.0110671936759 0.0569169960474 0.109090909091 0.0411067193676 0.00553359683794 0.00711462450593 0.0118577075099 0.0355731225296 0.104347826087 0.0252964426877 0.132015810277 0.0766798418972 0.00237154150198 0.0166007905138 0.209486166008
9 0.0324110671937 0.0102766798419 0.0118577075099 0.00553359683794 0.0142292490119 0.00948616600791 0.00395256916996 0.101976284585 0.00790513833992 0.0600790513834 0.00869565217391 0.00632411067194 0.0221343873518 0.00869565217391 0.0166007905138 0.0126482213439 0.0150197628458 0.484584980237 0.00237154150198 0.00711462450593 0.158102766798
10 0.0845849802372 0.00158102766798 0.0363636363636 0.0940711462451 0.00790513833992 0.0189723320158 0.0110671936759 0.0743083003953 0.0521739130435 0.0687747035573 0.00395256916996 0.0181818181818 0.0158102766798 0.0173913043478 0.0252964426877 0.0339920948617 0.111462450593 0.173913043478 0.00474308300395 0.0118577075099 0.133596837945
11 0.0624505928854 0.0189723320158 0.0268774703557 0.0671936758893 0.0229249011858 0.0332015810277 0.0395256916996 0.00395256916996 0.107509881423 0.0134387351779 0.00158102766798 0.0205533596838 0.00158102766798 0.0505928853755 0.187351778656 0.109090909091 0.0300395256917 0.00869565217391 0.0110671936759 0.0561264822134 0.127272727273
12 0.0426877470356 0.0158102766798 0.00395256916996 0.00237154150198 0.0102766798419 0.00237154150198 0.00553359683794 0.153359683794 0.000790513833992 0.00948616600791 0.00711462450593 0.00237154150198 0.00237154150198 0.00158102766798 0.00237154150198 0.00553359683794 0.0158102766798 0.585770750988 0.00948616600791 0.00632411067194 0.114624505929
13 0.0371541501976 0.00158102766798 0.0173913043478 0.0118577075099 0.0268774703557 0.0213438735178 0.0379446640316 0.204743083004 0.0158102766798 0.0948616600791 0.00553359683794 0.0102766798419 0.0205533596838 0.0102766798419 0.0332015810277 0.0513833992095 0.0490118577075 0.19209486166 0.00711462450593 0.0482213438735 0.102766798419
14 0.0166007905138 0.0 0.688537549407 0.0173913043478 0.000790513833992 0.0134387351779 0.00237154150198 0.0 0.00395256916996 0.00237154150198 0.0 0.0205533596838 0.00553359683794 0.00711462450593 0.00553359683794 0.101185770751 0.0158102766798 0.0 0.0 0.000790513833992 0.098023715415
15 0.0632411067194 0.000790513833992 0.0126482213439 0.00474308300395 0.00237154150198 0.75256916996 0.00237154150198 0.00158102766798 0.00237154150198 0.0 0.0 0.00237154150198 0.0189723320158 0.00237154150198 0.00395256916996 0.0197628458498 0.00711462450593 0.00316205533597 0.000790513833992 0.00237154150198 0.096442687747
16 0.0158102766798 0.00711462450593 0.683794466403 0.0158102766798 0.00158102766798 0.0403162055336 0.00711462450593 0.00158102766798 0.00237154150198 0.00632411067194 0.000790513833992 0.0347826086957 0.0 0.0110671936759 0.0126482213439 0.0482213438735 0.0102766798419 0.00553359683794 0.0 0.0 0.0948616600791
17 0.0197628458498 0.00474308300395 0.00711462450593 0.00948616600791 0.00158102766798 0.0134387351779 0.00395256916996 0.00948616600791 0.0102766798419 0.0134387351779 0.00474308300395 0.0142292490119 0.0 0.0126482213439 0.0466403162055 0.105138339921 0.610276679842 0.0150197628458 0.0 0.00395256916996 0.0940711462451
18 0.0284584980237 0.00632411067194 0.0 0.000790513833992 0.166007905138 0.00395256916996 0.0 0.233992094862 0.000790513833992 0.240316205534 0.0197628458498 0.0 0.0150197628458 0.000790513833992 0.0 0.00237154150198 0.00711462450593 0.155731225296 0.00553359683794 0.0173913043478 0.095652173913
19 0.0237154150198 0.00158102766798 0.0577075098814 0.0909090909091 0.00869565217391 0.00711462450593 0.0189723320158 0.0616600790514 0.105138339921 0.0434782608696 0.00711462450593 0.0118577075099 0.0 0.0260869565217 0.158893280632 0.0260869565217 0.097233201581 0.110671936759 0.0237154150198 0.0237154150198 0.095652173913
20 0.0632411067194 0.0284584980237 0.00711462450593 0.00316205533597 0.0592885375494 0.00553359683794 0.00158102766798 0.149407114625 0.000790513833992 0.19604743083 0.0173913043478 0.00237154150198 0.00158102766798 0.00237154150198 0.00237154150198 0.00948616600791 0.0221343873518 0.299604743083 0.00395256916996 0.0118577075099 0.112252964427
21 0.0569169960474 0.00711462450593 0.0616600790514 0.0569169960474 0.0181818181818 0.0513833992095 0.0189723320158 0.0371541501976 0.0782608695652 0.0750988142292 0.0150197628458 0.0387351778656 0.00553359683794 0.0339920948617 0.107509881423 0.0577075098814 0.0640316205534 0.0339920948617 0.00553359683794 0.0332015810277 0.143083003953
22 0.0363636363636 0.0205533596838 0.0845849802372 0.0252964426877 0.0229249011858 0.0584980237154 0.0173913043478 0.0837944664032 0.0229249011858 0.0758893280632 0.0173913043478 0.0347826086957 0.0245059288538 0.0110671936759 0.0300395256917 0.0474308300395 0.0458498023715 0.0687747035573 0.00553359683794 0.0221343873518 0.244268774704
23 0.0355731225296 0.00237154150198 0.102766798419 0.0387351778656 0.00553359683794 0.0671936758893 0.0118577075099 0.0134387351779 0.0347826086957 0.0221343873518 0.0 0.0703557312253 0.0782608695652 0.0268774703557 0.0197628458498 0.0458498023715 0.0252964426877 0.0158102766798 0.00158102766798 0.00948616600791 0.37233201581
24 0.0134387351779 0.00316205533597 0.0608695652174 0.0403162055336 0.00395256916996 0.250592885375 0.0118577075099 0.00869565217391 0.0490118577075 0.00869565217391 0.00158102766798 0.0505928853755 0.0332015810277 0.0181818181818 0.0245059288538 0.0308300395257 0.0197628458498 0.0126482213439 0.00158102766798 0.00316205533597 0.353359683794
25 0.0332015810277 0.0102766798419 0.0490118577075 0.0648221343874 0.00869565217391 0.0537549407115 0.0181818181818 0.0142292490119 0.0909090909091 0.0268774703557 0.00948616600791 0.0363636363636 0.0197628458498 0.0648221343874 0.0592885375494 0.0339920948617 0.0490118577075 0.0292490118577 0.000790513833992 0.00632411067194 0.320948616601
26 0.0252964426877 0.0 0.0276679841897 0.0877470355731 0.0134387351779 0.129644268775 0.0134387351779 0.0300395256917 0.0743083003953 0.0379446640316 0.00790513833992 0.0324110671937 0.0316205533597 0.0395256916996 0.0616600790514 0.0466403162055 0.0758893280632 0.0395256916996 0.00237154150198 0.0102766798419 0.212648221344
27 0.0332015810277 0.00158102766798 0.0189723320158 0.106719367589 0.0347826086957 0.0181818181818 0.0181818181818 0.115415019763 0.0513833992095 0.0711462450593 0.0142292490119 0.00711462450593 0.00790513833992 0.0711462450593 0.0893280632411 0.0150197628458 0.0719367588933 0.106719367589 0.00553359683794 0.0411067193676 0.100395256917
28 0.0213438735178 0.000790513833992 0.0134387351779 0.0316205533597 0.00948616600791 0.00790513833992 0.0213438735178 0.0245059288538 0.17233201581 0.0252964426877 0.00790513833992 0.0355731225296 0.0339920948617 0.0276679841897 0.218972332016 0.0671936758893 0.149407114625 0.0371541501976 0.00158102766798 0.0102766798419 0.0822134387352
29 0.0260869565217 0.00553359683794 0.0 0.00237154150198 0.0545454545455 0.00474308300395 0.00316205533597 0.252173913043 0.0 0.115415019763 0.0134387351779 0.0 0.0 0.0 0.000790513833992 0.00632411067194 0.00553359683794 0.426086956522 0.00237154150198 0.0229249011858 0.0584980237154
30 0.0158102766798 0.00474308300395 0.00632411067194 0.00948616600791 0.00553359683794 0.00948616600791 0.0229249011858 0.0102766798419 0.0229249011858 0.0181818181818 0.00474308300395 0.00869565217391 0.00158102766798 0.0324110671937 0.694861660079 0.0260869565217 0.0173913043478 0.0245059288538 0.00158102766798 0.00790513833992 0.0545454545455
31 0.00790513833992 0.00316205533597 0.0 0.000790513833992 0.0822134387352 0.000790513833992 0.00158102766798 0.0924901185771 0.00237154150198 0.634782608696 0.0324110671937 0.00395256916996 0.00711462450593 0.0 0.0 0.00158102766798 0.00158102766798 0.0498023715415 0.0 0.0292490118577 0.0482213438735
32 0.246640316206 0.0102766798419 0.0142292490119 0.0237154150198 0.0411067193676 0.0118577075099 0.0181818181818 0.098814229249 0.0110671936759 0.16837944664 0.0102766798419 0.0213438735178 0.00474308300395 0.0189723320158 0.0300395256917 0.0679841897233 0.0166007905138 0.0513833992095 0.0118577075099 0.0758893280632 0.0466403162055
33 0.0324110671937 0.0355731225296 0.0577075098814 0.0213438735178 0.0158102766798 0.609486166008 0.0134387351779 0.00237154150198 0.00395256916996 0.0355731225296 0.00790513833992 0.0434782608696 0.000790513833992 0.00395256916996 0.00553359683794 0.0363636363636 0.00316205533597 0.00158102766798 0.00395256916996 0.0189723320158 0.0466403162055
34 0.0158102766798 0.00869565217391 0.000790513833992 0.0 0.0150197628458 0.000790513833992 0.000790513833992 0.528853754941 0.0 0.0774703557312 0.0166007905138 0.0 0.00237154150198 0.0 0.0 0.00316205533597 0.00790513833992 0.265612648221 0.0 0.0102766798419 0.0458498023715
35 0.0347826086957 0.000790513833992 0.567588932806 0.0458498023715 0.00158102766798 0.00474308300395 0.00553359683794 0.00948616600791 0.0339920948617 0.00869565217391 0.00158102766798 0.0790513833992 0.00158102766798 0.0403162055336 0.0505928853755 0.0229249011858 0.0205533596838 0.0150197628458 0.00316205533597 0.00395256916996 0.0482213438735
36 0.418181818182 0.0632411067194 0.000790513833992 0.00237154150198 0.00632411067194 0.00711462450593 0.000790513833992 0.0173913043478 0.00316205533597 0.0221343873518 0.00395256916996 0.00395256916996 0.0189723320158 0.00237154150198 0.00474308300395 0.0569169960474 0.279841897233 0.0355731225296 0.00237154150198 0.00316205533597 0.0466403162055
37 0.0300395256917 0.0118577075099 0.00790513833992 0.00869565217391 0.00711462450593 0.00474308300395 0.00316205533597 0.00553359683794 0.00474308300395 0.0229249011858 0.00474308300395 0.00790513833992 0.771541501976 0.00316205533597 0.0126482213439 0.0134387351779 0.0158102766798 0.0134387351779 0.00158102766798 0.00158102766798 0.0474308300395
38 0.0355731225296 0.0 0.0474308300395 0.626086956522 0.00158102766798 0.0197628458498 0.00474308300395 0.00474308300395 0.0237154150198 0.0142292490119 0.00316205533597 0.0158102766798 0.0308300395257 0.0292490118577 0.0450592885375 0.0308300395257 0.0126482213439 0.00632411067194 0.0 0.00158102766798 0.0466403162055
39 0.0403162055336 0.00316205533597 0.0134387351779 0.0197628458498 0.0166007905138 0.0260869565217 0.00474308300395 0.0830039525692 0.0695652173913 0.154150197628 0.0466403162055 0.0150197628458 0.0505928853755 0.0110671936759 0.0632411067194 0.0822134387352 0.135177865613 0.0569169960474 0.00711462450593 0.0158102766798 0.0853754940711
40 0.0711462450593 0.00711462450593 0.0750988142292 0.0387351778656 0.0158102766798 0.146245059289 0.0332015810277 0.00632411067194 0.096442687747 0.0126482213439 0.00158102766798 0.0474308300395 0.0324110671937 0.0197628458498 0.0640316205534 0.0711462450593 0.0411067193676 0.0434782608696 0.00237154150198 0.0221343873518 0.151778656126
41 0.0292490118577 0.0 0.0339920948617 0.0403162055336 0.0189723320158 0.0513833992095 0.0616600790514 0.00711462450593 0.0727272727273 0.0166007905138 0.00711462450593 0.0197628458498 0.0221343873518 0.103557312253 0.0727272727273 0.0434782608696 0.0355731225296 0.0150197628458 0.00316205533597 0.0229249011858 0.322529644269
42 0.0411067193676 0.00632411067194 0.0418972332016 0.0434782608696 0.0158102766798 0.0521739130435 0.00711462450593 0.00790513833992 0.0466403162055 0.0150197628458 0.00632411067194 0.0284584980237 0.108300395257 0.0181818181818 0.0545454545455 0.0537549407115 0.0608695652174 0.0205533596838 0.00316205533597 0.0102766798419 0.358102766798
43 0.0458498023715 0.0671936758893 0.0616600790514 0.0292490118577 0.00237154150198 0.0837944664032 0.00395256916996 0.00869565217391 0.0505928853755 0.00948616600791 0.00237154150198 0.0505928853755 0.0142292490119 0.0205533596838 0.0482213438735 0.0418972332016 0.0260869565217 0.0118577075099 0.00237154150198 0.00474308300395 0.414229249012
44 0.0324110671937 0.0458498023715 0.0252964426877 0.0316205533597 0.00790513833992 0.0830039525692 0.0110671936759 0.0134387351779 0.0735177865613 0.0197628458498 0.00948616600791 0.0276679841897 0.0276679841897 0.0205533596838 0.0450592885375 0.0316205533597 0.0324110671937 0.0166007905138 0.00316205533597 0.00948616600791 0.432411067194
45 0.0379446640316 0.0158102766798 0.0379446640316 0.0553359683794 0.00869565217391 0.0403162055336 0.00395256916996 0.00790513833992 0.0584980237154 0.0213438735178 0.00632411067194 0.0173913043478 0.109881422925 0.0355731225296 0.0442687747036 0.0363636363636 0.0213438735178 0.0237154150198 0.000790513833992 0.00948616600791 0.407114624506
46 0.0830039525692 0.00553359683794 0.0553359683794 0.0885375494071 0.00395256916996 0.0648221343874 0.0150197628458 0.0229249011858 0.0332015810277 0.0292490118577 0.00711462450593 0.0237154150198 0.0434782608696 0.0363636363636 0.0245059288538 0.0442687747036 0.0268774703557 0.0632411067194 0.00316205533597 0.00632411067194 0.319367588933
47 0.0260869565217 0.00316205533597 0.0434782608696 0.224505928854 0.0142292490119 0.0268774703557 0.0118577075099 0.0134387351779 0.0332015810277 0.0213438735178 0.0134387351779 0.0142292490119 0.0110671936759 0.21185770751 0.0300395256917 0.0166007905138 0.0252964426877 0.0134387351779 0.0624505928854 0.0339920948617 0.149407114625
48 0.102766798419 0.0845849802372 0.0434782608696 0.0727272727273 0.0173913043478 0.0150197628458 0.0110671936759 0.0102766798419 0.0379446640316 0.0205533596838 0.00158102766798 0.0213438735178 0.293280632411 0.0308300395257 0.0426877470356 0.0276679841897 0.0229249011858 0.0173913043478 0.00237154150198 0.0189723320158 0.105138339921
49 0.0292490118577 0.107509881423 0.0118577075099 0.0158102766798 0.167588932806 0.0758893280632 0.0284584980237 0.0181818181818 0.0126482213439 0.101976284585 0.0197628458498 0.00553359683794 0.00316205533597 0.0173913043478 0.0213438735178 0.0118577075099 0.00474308300395 0.0158102766798 0.0703557312253 0.171541501976 0.0893280632411
50 0.24743083004 0.0 0.00553359683794 0.0102766798419 0.0150197628458 0.497233201581 0.00237154150198 0.00395256916996 0.00237154150198 0.00395256916996 0.000790513833992 0.00711462450593 0.00711462450593 0.00948616600791 0.0102766798419 0.0592885375494 0.00948616600791 0.00474308300395 0.00474308300395 0.0260869565217 0.0727272727273
51 0.0727272727273 0.0 0.0735177865613 0.118577075099 0.0292490118577 0.0158102766798 0.0134387351779 0.0411067193676 0.109881422925 0.0592885375494 0.0189723320158 0.0324110671937 0.0458498023715 0.0845849802372 0.0885375494071 0.0284584980237 0.0268774703557 0.0442687747036 0.0166007905138 0.0173913043478 0.0624505928854
52 0.143873517787 0.00158102766798 0.0458498023715 0.308300395257 0.00316205533597 0.00474308300395 0.00948616600791 0.0213438735178 0.098023715415 0.0379446640316 0.0150197628458 0.0221343873518 0.0118577075099 0.0924901185771 0.0750988142292 0.0189723320158 0.0166007905138 0.0229249011858 0.00553359683794 0.00632411067194 0.0387351778656
53 0.696442687747 0.00632411067194 0.00395256916996 0.00316205533597 0.00316205533597 0.0189723320158 0.000790513833992 0.00790513833992 0.00158102766798 0.00711462450593 0.00395256916996 0.00474308300395 0.00158102766798 0.00395256916996 0.00237154150198 0.165217391304 0.0118577075099 0.0150197628458 0.00237154150198 0.00158102766798 0.0379446640316
54 0.0814229249012 0.00158102766798 0.00632411067194 0.0134387351779 0.0134387351779 0.0150197628458 0.00948616600791 0.0126482213439 0.249802371542 0.0513833992095 0.00790513833992 0.00869565217391 0.00158102766798 0.0300395256917 0.220553359684 0.0798418972332 0.134387351779 0.00869565217391 0.00632411067194 0.0166007905138 0.0308300395257
55 0.136758893281 0.000790513833992 0.133596837945 0.165217391304 0.0158102766798 0.0150197628458 0.0205533596838 0.0134387351779 0.0758893280632 0.0324110671937 0.00790513833992 0.0584980237154 0.0 0.099604743083 0.0679841897233 0.0411067193676 0.0482213438735 0.0181818181818 0.00474308300395 0.0126482213439 0.0316205533597
56 0.157312252964 0.00553359683794 0.00395256916996 0.0308300395257 0.251383399209 0.0102766798419 0.0387351778656 0.00948616600791 0.0245059288538 0.0458498023715 0.0166007905138 0.00948616600791 0.00158102766798 0.0229249011858 0.0869565217391 0.0150197628458 0.0252964426877 0.0252964426877 0.0671936758893 0.129644268775 0.0221343873518
57 0.0948616600791 0.00237154150198 0.0 0.00316205533597 0.0181818181818 0.00237154150198 0.000790513833992 0.0213438735178 0.0 0.544664031621 0.0363636363636 0.0260869565217 0.000790513833992 0.00316205533597 0.000790513833992 0.0126482213439 0.109881422925 0.101185770751 0.000790513833992 0.0 0.0205533596838
58 0.0924901185771 0.00948616600791 0.0205533596838 0.140711462451 0.00395256916996 0.0166007905138 0.0158102766798 0.0284584980237 0.154940711462 0.0300395256917 0.0102766798419 0.0237154150198 0.0 0.0671936758893 0.195256916996 0.0735177865613 0.0577075098814 0.0316205533597 0.00158102766798 0.00790513833992 0.0181818181818
59 0.0909090909091 0.00316205533597 0.0924901185771 0.131225296443 0.00474308300395 0.0403162055336 0.00948616600791 0.00948616600791 0.146245059289 0.0197628458498 0.00395256916996 0.0766798418972 0.00316205533597 0.0861660079051 0.0782608695652 0.124901185771 0.0426877470356 0.00711462450593 0.00474308300395 0.00395256916996 0.0205533596838
60 0.0300395256917 0.00474308300395 0.00316205533597 0.0181818181818 0.0537549407115 0.00316205533597 0.0213438735178 0.0569169960474 0.0632411067194 0.371541501976 0.0584980237154 0.0245059288538 0.000790513833992 0.0347826086957 0.0790513833992 0.0102766798419 0.0284584980237 0.0181818181818 0.0268774703557 0.0268774703557 0.0656126482213
61 0.0450592885375 0.0324110671937 0.00237154150198 0.00316205533597 0.0260869565217 0.000790513833992 0.00158102766798 0.15256916996 0.00395256916996 0.402371541502 0.0189723320158 0.00395256916996 0.00237154150198 0.00474308300395 0.00790513833992 0.00553359683794 0.0371541501976 0.17233201581 0.00711462450593 0.00711462450593 0.0624505928854
62 0.0363636363636 0.00711462450593 0.0134387351779 0.0284584980237 0.00474308300395 0.0181818181818 0.00316205533597 0.0166007905138 0.0371541501976 0.0584980237154 0.00790513833992 0.0166007905138 0.0743083003953 0.0118577075099 0.0189723320158 0.0292490118577 0.0205533596838 0.0332015810277 0.00237154150198 0.00474308300395 0.55652173913
63 0.0774703557312 0.000790513833992 0.0418972332016 0.0822134387352 0.0205533596838 0.0664031620553 0.0221343873518 0.0474308300395 0.0632411067194 0.122529644269 0.0181818181818 0.0782608695652 0.0332015810277 0.0458498023715 0.0727272727273 0.0387351778656 0.0213438735178 0.0466403162055 0.00316205533597 0.0110671936759 0.0861660079051
64 0.0758893280632 0.00395256916996 0.0608695652174 0.0237154150198 0.00316205533597 0.407114624506 0.0189723320158 0.00237154150198 0.0418972332016 0.0134387351779 0.00316205533597 0.0885375494071 0.00790513833992 0.0656126482213 0.0616600790514 0.0387351778656 0.0229249011858 0.00869565217391 0.00158102766798 0.00474308300395 0.0450592885375
65 0.0411067193676 0.00237154150198 0.0347826086957 0.0529644268775 0.00474308300395 0.0758893280632 0.0229249011858 0.00237154150198 0.260869565217 0.00632411067194 0.00474308300395 0.0284584980237 0.0150197628458 0.0837944664032 0.184980237154 0.0561264822134 0.0490118577075 0.00790513833992 0.00316205533597 0.00474308300395 0.0577075098814
66 0.0426877470356 0.00237154150198 0.0814229249012 0.109881422925 0.0158102766798 0.0189723320158 0.0189723320158 0.0205533596838 0.106719367589 0.0181818181818 0.00474308300395 0.0505928853755 0.0640316205534 0.0624505928854 0.0932806324111 0.0695652173913 0.131225296443 0.0371541501976 0.00553359683794 0.0142292490119 0.0316205533597
67 0.0442687747036 0.0102766798419 0.00553359683794 0.00395256916996 0.0268774703557 0.00474308300395 0.0 0.18814229249 0.00632411067194 0.099604743083 0.00711462450593 0.00237154150198 0.00632411067194 0.00790513833992 0.00395256916996 0.00948616600791 0.00948616600791 0.532806324111 0.00632411067194 0.00474308300395 0.0197628458498
68 0.0308300395257 0.00474308300395 0.0403162055336 0.110671936759 0.0371541501976 0.0173913043478 0.0181818181818 0.0387351778656 0.0687747035573 0.0411067193676 0.0110671936759 0.0221343873518 0.00237154150198 0.0474308300395 0.126482213439 0.0616600790514 0.151778656126 0.0600790513834 0.0300395256917 0.0600790513834 0.0189723320158
69 0.0252964426877 0.139130434783 0.000790513833992 0.00237154150198 0.0577075098814 0.00632411067194 0.0 0.178656126482 0.00474308300395 0.309881422925 0.0150197628458 0.00158102766798 0.000790513833992 0.00237154150198 0.00316205533597 0.00474308300395 0.00869565217391 0.197628458498 0.00316205533597 0.0142292490119 0.0237154150198
70 0.0332015810277 0.00237154150198 0.0600790513834 0.203162055336 0.0173913043478 0.0102766798419 0.0205533596838 0.0395256916996 0.0837944664032 0.0411067193676 0.00711462450593 0.0221343873518 0.00632411067194 0.0664031620553 0.098814229249 0.0561264822134 0.0814229249012 0.095652173913 0.00869565217391 0.0197628458498 0.0260869565217
71 0.0545454545455 0.0173913043478 0.0205533596838 0.0308300395257 0.0909090909091 0.0197628458498 0.00711462450593 0.0877470355731 0.0213438735178 0.095652173913 0.00790513833992 0.0102766798419 0.0656126482213 0.0237154150198 0.0387351778656 0.0482213438735 0.0513833992095 0.115415019763 0.00711462450593 0.0640316205534 0.121739130435
72 0.0379446640316 0.00237154150198 0.232411067194 0.0948616600791 0.0118577075099 0.0450592885375 0.0166007905138 0.0521739130435 0.0197628458498 0.0569169960474 0.00711462450593 0.0237154150198 0.0213438735178 0.0237154150198 0.0308300395257 0.0355731225296 0.0363636363636 0.0671936758893 0.00474308300395 0.0189723320158 0.1604743083
73 0.0102766798419 0.000790513833992 0.0252964426877 0.0276679841897 0.00237154150198 0.0205533596838 0.00790513833992 0.00790513833992 0.0332015810277 0.00632411067194 0.00158102766798 0.0118577075099 0.0474308300395 0.0150197628458 0.0205533596838 0.0181818181818 0.0126482213439 0.0110671936759 0.00237154150198 0.00869565217391 0.708300395257
74 0.0450592885375 0.00237154150198 0.0316205533597 0.0387351778656 0.00474308300395 0.0687747035573 0.00395256916996 0.0213438735178 0.0276679841897 0.0292490118577 0.00158102766798 0.0300395256917 0.0308300395257 0.0284584980237 0.0300395256917 0.0339920948617 0.0379446640316 0.0395256916996 0.00632411067194 0.0134387351779 0.474308300395
75 0.0387351778656 0.0 0.0632411067194 0.0640316205534 0.00474308300395 0.0553359683794 0.0118577075099 0.0189723320158 0.0308300395257 0.0158102766798 0.00869565217391 0.0237154150198 0.0363636363636 0.0474308300395 0.0276679841897 0.0379446640316 0.0371541501976 0.0245059288538 0.000790513833992 0.0276679841897 0.424505928854
76 0.0624505928854 0.00316205533597 0.100395256917 0.0782608695652 0.00474308300395 0.177865612648 0.0189723320158 0.0150197628458 0.0806324110672 0.0276679841897 0.0102766798419 0.0371541501976 0.0284584980237 0.0371541501976 0.0711462450593 0.0687747035573 0.0466403162055 0.0276679841897 0.000790513833992 0.0150197628458 0.0877470355731
77 0.0434782608696 0.00553359683794 0.0229249011858 0.0426877470356 0.0292490118577 0.0308300395257 0.0134387351779 0.0466403162055 0.119367588933 0.0403162055336 0.0134387351779 0.0181818181818 0.0395256916996 0.0458498023715 0.171541501976 0.0371541501976 0.122529644269 0.0790513833992 0.00395256916996 0.0260869565217 0.0482213438735
78 0.0197628458498 0.00395256916996 0.649802371542 0.0339920948617 0.00474308300395 0.0656126482213 0.00237154150198 0.00790513833992 0.0292490118577 0.0110671936759 0.00395256916996 0.0268774703557 0.0197628458498 0.0102766798419 0.0166007905138 0.0229249011858 0.0245059288538 0.0118577075099 0.000790513833992 0.00553359683794 0.0284584980237
79 0.0466403162055 0.000790513833992 0.0411067193676 0.0300395256917 0.00632411067194 0.0379446640316 0.0237154150198 0.0158102766798 0.184980237154 0.0126482213439 0.00553359683794 0.0363636363636 0.0363636363636 0.0703557312253 0.255335968379 0.0664031620553 0.0395256916996 0.0237154150198 0.00632411067194 0.0221343873518 0.0379446640316
80 0.0221343873518 0.00158102766798 0.0403162055336 0.0252964426877 0.0750988142292 0.0308300395257 0.0268774703557 0.00711462450593 0.0166007905138 0.0102766798419 0.00474308300395 0.0458498023715 0.00869565217391 0.0229249011858 0.0189723320158 0.0371541501976 0.0245059288538 0.0118577075099 0.0268774703557 0.498023715415 0.0442687747036
81 0.0173913043478 0.00316205533597 0.0909090909091 0.0205533596838 0.0134387351779 0.590513833992 0.0126482213439 0.00158102766798 0.0355731225296 0.00316205533597 0.00158102766798 0.0703557312253 0.0110671936759 0.0276679841897 0.0268774703557 0.0268774703557 0.00948616600791 0.00395256916996 0.000790513833992 0.00237154150198 0.0300395256917
82 0.0213438735178 0.00553359683794 0.0150197628458 0.0181818181818 0.00237154150198 0.0134387351779 0.0134387351779 0.0126482213439 0.0134387351779 0.0158102766798 0.0110671936759 0.0355731225296 0.0102766798419 0.0181818181818 0.686166007905 0.0173913043478 0.0213438735178 0.0213438735178 0.00553359683794 0.0110671936759 0.0308300395257
83 0.0561264822134 0.0142292490119 0.0142292490119 0.0308300395257 0.0553359683794 0.00790513833992 0.0166007905138 0.101185770751 0.0245059288538 0.237154150198 0.0205533596838 0.0150197628458 0.0387351778656 0.0229249011858 0.0181818181818 0.0363636363636 0.097233201581 0.096442687747 0.0213438735178 0.0513833992095 0.0237154150198
84 0.0126482213439 0.00632411067194 0.00395256916996 0.0126482213439 0.0237154150198 0.00316205533597 0.00948616600791 0.115415019763 0.00316205533597 0.430039525692 0.0158102766798 0.00395256916996 0.0268774703557 0.00790513833992 0.0142292490119 0.0166007905138 0.0213438735178 0.213438735178 0.00711462450593 0.0276679841897 0.0245059288538
85 0.457707509881 0.0474308300395 0.0 0.00316205533597 0.00474308300395 0.242687747036 0.00158102766798 0.00237154150198 0.000790513833992 0.0150197628458 0.00395256916996 0.000790513833992 0.00158102766798 0.00395256916996 0.0498023715415 0.0316205533597 0.0126482213439 0.0877470355731 0.0 0.00553359683794 0.0268774703557
86 0.0284584980237 0.00711462450593 0.0592885375494 0.0648221343874 0.0371541501976 0.00553359683794 0.0569169960474 0.0490118577075 0.0339920948617 0.0490118577075 0.00948616600791 0.0284584980237 0.00553359683794 0.0339920948617 0.0758893280632 0.0553359683794 0.0909090909091 0.0687747035573 0.0308300395257 0.192885375494 0.0166007905138
87 0.0316205533597 0.135968379447 0.00158102766798 0.00237154150198 0.0126482213439 0.00474308300395 0.0 0.15652173913 0.00158102766798 0.144664031621 0.0205533596838 0.00158102766798 0.00711462450593 0.00158102766798 0.00158102766798 0.00237154150198 0.00632411067194 0.451383399209 0.00237154150198 0.00158102766798 0.0118577075099
88 0.0268774703557 0.00316205533597 0.0150197628458 0.0324110671937 0.161264822134 0.00632411067194 0.0213438735178 0.0450592885375 0.0284584980237 0.0545454545455 0.0142292490119 0.0110671936759 0.00474308300395 0.0189723320158 0.0608695652174 0.0434782608696 0.0640316205534 0.0521739130435 0.105138339921 0.218181818182 0.0126482213439
89 0.0885375494071 0.0260869565217 0.0173913043478 0.0118577075099 0.0324110671937 0.00948616600791 0.0316205533597 0.0845849802372 0.0237154150198 0.201581027668 0.0150197628458 0.0245059288538 0.0166007905138 0.0158102766798 0.0537549407115 0.0363636363636 0.0577075098814 0.185770750988 0.00237154150198 0.0458498023715 0.0189723320158
90 0.0411067193676 0.000790513833992 0.264031620553 0.0648221343874 0.00395256916996 0.19209486166 0.00869565217391 0.00711462450593 0.0482213438735 0.0142292490119 0.00237154150198 0.107509881423 0.0553359683794 0.0268774703557 0.0347826086957 0.0490118577075 0.0197628458498 0.0110671936759 0.00316205533597 0.00553359683794 0.0395256916996
91 0.0308300395257 0.00474308300395 0.103557312253 0.0671936758893 0.00553359683794 0.409486166008 0.00790513833992 0.00158102766798 0.0656126482213 0.00553359683794 0.000790513833992 0.0679841897233 0.0118577075099 0.0213438735178 0.0466403162055 0.0403162055336 0.0308300395257 0.00790513833992 0.00395256916996 0.00790513833992 0.0584980237154
92 0.0411462450593 0.000830039525692 0.0284980237154 0.0759288537549 0.00399209486166 0.0593280632411 0.0126877470356 0.0601185770751 0.0996442687747 0.071976284585 0.0150592885375 0.0253359683794 0.0150592885375 0.071185770751 0.12652173913 0.0190118577075 0.109130434783 0.0933201581028 0.00478260869565 0.0158498023715 0.0505928853755
93 0.00474308300395 0.0260869565217 0.304347826087 0.0292490118577 0.0418972332016 0.00395256916996 0.00948616600791 0.00869565217391 0.00395256916996 0.104347826087 0.0363636363636 0.179446640316 0.0213438735178 0.00790513833992 0.0118577075099 0.113043478261 0.0268774703557 0.0134387351779 0.0197628458498 0.0142292490119 0.0189723320158
94 0.0379446640316 0.00316205533597 0.00790513833992 0.000790513833992 0.0521739130435 0.0 0.00158102766798 0.21185770751 0.000790513833992 0.325691699605 0.00948616600791 0.0 0.00474308300395 0.00158102766798 0.0 0.00237154150198 0.00632411067194 0.267984189723 0.00790513833992 0.0450592885375 0.0126482213439
95 0.158893280632 0.00711462450593 0.00948616600791 0.0142292490119 0.0 0.162845849802 0.000790513833992 0.00316205533597 0.00237154150198 0.00158102766798 0.000790513833992 0.396837944664 0.00237154150198 0.0901185770751 0.00395256916996 0.112252964427 0.0134387351779 0.00237154150198 0.0 0.000790513833992 0.0166007905138
96 0.143083003953 0.0118577075099 0.0395256916996 0.221343873518 0.0118577075099 0.0245059288538 0.0142292490119 0.0237154150198 0.0545454545455 0.138339920949 0.00948616600791 0.0134387351779 0.00237154150198 0.0671936758893 0.0656126482213 0.0403162055336 0.0292490118577 0.0474308300395 0.000790513833992 0.0221343873518 0.0189723320158
97 0.127272727273 0.00158102766798 0.0332015810277 0.230039525692 0.0166007905138 0.0134387351779 0.0276679841897 0.0347826086957 0.0513833992095 0.0916996047431 0.0300395256917 0.00632411067194 0.00316205533597 0.0727272727273 0.0450592885375 0.0292490118577 0.0505928853755 0.0434782608696 0.0442687747036 0.0292490118577 0.0181818181818
98 0.0245059288538 0.000790513833992 0.000790513833992 0.00395256916996 0.00158102766798 0.00237154150198 0.0 0.0569169960474 0.000790513833992 0.542292490119 0.250592885375 0.0 0.000790513833992 0.0434782608696 0.000790513833992 0.00711462450593 0.00395256916996 0.0379446640316 0.0 0.00158102766798 0.0197628458498
99 0.0387351778656 0.00553359683794 0.0 0.0 0.000790513833992 0.00158102766798 0.0 0.192885375494 0.00316205533597 0.296442687747 0.0118577075099 0.000790513833992 0.0 0.00237154150198 0.00316205533597 0.00395256916996 0.0134387351779 0.40395256917 0.0 0.00158102766798 0.0197628458498
100 0.122529644269 0.000790513833992 0.0229249011858 0.19209486166 0.00316205533597 0.0229249011858 0.00237154150198 0.00632411067194 0.145454545455 0.0252964426877 0.00790513833992 0.0205533596838 0.0 0.0592885375494 0.220553359684 0.0845849802372 0.0221343873518 0.0134387351779 0.00158102766798 0.00474308300395 0.0213438735178
101 0.143873517787 0.00158102766798 0.0490118577075 0.181027667984 0.00553359683794 0.0292490118577 0.0134387351779 0.00711462450593 0.0735177865613 0.0450592885375 0.0102766798419 0.111462450593 0.0 0.095652173913 0.0703557312253 0.0909090909091 0.0316205533597 0.00948616600791 0.00158102766798 0.00632411067194 0.0229249011858
102 0.00474308300395 0.000790513833992 0.00869565217391 0.00553359683794 0.0 0.923320158103 0.0 0.0 0.00869565217391 0.0 0.0 0.00632411067194 0.00316205533597 0.00237154150198 0.00395256916996 0.00553359683794 0.000790513833992 0.000790513833992 0.000790513833992 0.0 0.0245059288538
103 0.0395256916996 0.00474308300395 0.00395256916996 0.00553359683794 0.0837944664032 0.00632411067194 0.0553359683794 0.0102766798419 0.00632411067194 0.365217391304 0.0600790513834 0.0118577075099 0.0 0.0166007905138 0.00632411067194 0.00711462450593 0.00395256916996 0.0134387351779 0.0916996047431 0.18023715415 0.0276679841897
104 0.750197628458 0.00711462450593 0.000790513833992 0.0 0.000790513833992 0.0877470355731 0.00158102766798 0.00158102766798 0.00158102766798 0.00790513833992 0.00395256916996 0.0 0.000790513833992 0.0 0.00158102766798 0.0268774703557 0.0158102766798 0.0592885375494 0.0 0.00316205533597 0.0292490118577
105 0.0260869565217 0.00711462450593 0.0110671936759 0.0553359683794 0.0332015810277 0.00632411067194 0.0158102766798 0.0411067193676 0.0822134387352 0.0529644268775 0.0158102766798 0.0102766798419 0.00632411067194 0.0316205533597 0.181027667984 0.0205533596838 0.0490118577075 0.0877470355731 0.0806324110672 0.0347826086957 0.150988142292
106 0.104347826087 0.0142292490119 0.00869565217391 0.0181818181818 0.0292490118577 0.00316205533597 0.0134387351779 0.0466403162055 0.00632411067194 0.0608695652174 0.0110671936759 0.00711462450593 0.0743083003953 0.00237154150198 0.0142292490119 0.0158102766798 0.0300395256917 0.228458498024 0.0181818181818 0.0339920948617 0.259288537549
107 0.105138339921 0.00553359683794 0.0482213438735 0.0205533596838 0.0316205533597 0.0150197628458 0.0260869565217 0.0189723320158 0.0284584980237 0.0371541501976 0.00790513833992 0.0363636363636 0.0102766798419 0.0158102766798 0.0403162055336 0.0339920948617 0.0292490118577 0.0434782608696 0.00632411067194 0.109881422925 0.329644268775
108 0.0292490118577 0.00474308300395 0.0308300395257 0.0316205533597 0.0411067193676 0.0221343873518 0.00790513833992 0.0173913043478 0.0173913043478 0.0197628458498 0.00553359683794 0.0150197628458 0.0316205533597 0.0166007905138 0.0474308300395 0.0237154150198 0.0347826086957 0.0166007905138 0.0442687747036 0.131225296443 0.411067193676
109 0.0608695652174 0.0 0.0616600790514 0.0284584980237 0.0252964426877 0.0308300395257 0.0347826086957 0.0592885375494 0.0466403162055 0.0237154150198 0.00711462450593 0.0142292490119 0.0687747035573 0.0197628458498 0.0537549407115 0.0466403162055 0.0442687747036 0.0774703557312 0.00869565217391 0.0300395256917 0.257707509881
110 0.0411067193676 0.00237154150198 0.0418972332016 0.0332015810277 0.0458498023715 0.0332015810277 0.0189723320158 0.0197628458498 0.0268774703557 0.0205533596838 0.00632411067194 0.0189723320158 0.0197628458498 0.0197628458498 0.0308300395257 0.0569169960474 0.0173913043478 0.0205533596838 0.0316205533597 0.208695652174 0.285375494071
111 0.0490118577075 0.00790513833992 0.0498023715415 0.0450592885375 0.0150197628458 0.0608695652174 0.0134387351779 0.0181818181818 0.0371541501976 0.0316205533597 0.00553359683794 0.0284584980237 0.098814229249 0.0268774703557 0.0529644268775 0.0766798418972 0.0490118577075 0.0205533596838 0.000790513833992 0.0181818181818 0.294071146245
112 0.0442687747036 0.00790513833992 0.0537549407115 0.0308300395257 0.0134387351779 0.0553359683794 0.0150197628458 0.0142292490119 0.0569169960474 0.0355731225296 0.00553359683794 0.0308300395257 0.125691699605 0.0426877470356 0.0387351778656 0.0577075098814 0.0292490118577 0.0173913043478 0.00316205533597 0.0197628458498 0.301976284585
113 0.0363636363636 0.00237154150198 0.0806324110672 0.0505928853755 0.0142292490119 0.0490118577075 0.0181818181818 0.00632411067194 0.0490118577075 0.0126482213439 0.00474308300395 0.129644268775 0.0426877470356 0.0252964426877 0.0403162055336 0.0482213438735 0.0166007905138 0.00869565217391 0.00316205533597 0.0332015810277 0.328063241107
114 0.0395256916996 0.0142292490119 0.0545454545455 0.0252964426877 0.0332015810277 0.0276679841897 0.0181818181818 0.0173913043478 0.0363636363636 0.0545454545455 0.0102766798419 0.0268774703557 0.0324110671937 0.0229249011858 0.0197628458498 0.0624505928854 0.0616600790514 0.0363636363636 0.00237154150198 0.0395256916996 0.36442687747
115 0.0671936758893 0.00395256916996 0.0569169960474 0.0482213438735 0.00632411067194 0.0292490118577 0.0118577075099 0.00632411067194 0.107509881423 0.0292490118577 0.00790513833992 0.0245059288538 0.0616600790514 0.0252964426877 0.0545454545455 0.0774703557312 0.0426877470356 0.0173913043478 0.00237154150198 0.00632411067194 0.313043478261
116 0.0245059288538 0.0308300395257 0.0347826086957 0.0268774703557 0.0490118577075 0.0276679841897 0.0300395256917 0.0213438735178 0.0316205533597 0.0513833992095 0.0102766798419 0.0205533596838 0.0150197628458 0.0166007905138 0.0490118577075 0.0260869565217 0.0173913043478 0.0221343873518 0.00711462450593 0.209486166008 0.278260869565
117 0.0924901185771 0.0189723320158 0.0395256916996 0.0300395256917 0.0245059288538 0.0292490118577 0.0237154150198 0.0276679841897 0.0371541501976 0.0727272727273 0.0142292490119 0.0134387351779 0.0142292490119 0.0371541501976 0.0735177865613 0.0608695652174 0.0308300395257 0.0339920948617 0.0110671936759 0.0513833992095 0.263241106719
118 0.0814229249012 0.00316205533597 0.101976284585 0.101185770751 0.00632411067194 0.0545454545455 0.0118577075099 0.00395256916996 0.0695652173913 0.0205533596838 0.00395256916996 0.0458498023715 0.0490118577075 0.0513833992095 0.0395256916996 0.0592885375494 0.0347826086957 0.0142292490119 0.00316205533597 0.00869565217391 0.23557312253
119 0.101976284585 0.0150197628458 0.0608695652174 0.126482213439 0.00711462450593 0.0252964426877 0.0150197628458 0.0237154150198 0.0624505928854 0.0442687747036 0.00869565217391 0.0150197628458 0.0276679841897 0.0608695652174 0.098023715415 0.0379446640316 0.0221343873518 0.0237154150198 0.00553359683794 0.0189723320158 0.199209486166
