POS A C D E F G H I K L M N P Q R S T V W Y -
1 0.000793650793651 0.0 0.0015873015873 0.0031746031746 0.0 0.00793650793651 0.0 0.0 0.000793650793651 0.0031746031746 0.0 0.0 0.000793650793651 0.00396825396825 0.0 0.00634920634921 0.000793650793651 0.0 0.0 0.0 0.970634920635
2 0.00793650793651 0.0 0.00793650793651 0.0198412698413 0.0 0.0047619047619 0.0031746031746 0.00238095238095 0.0269841269841 0.00238095238095 0.0 0.0111111111111 0.0047619047619 0.0047619047619 0.00396825396825 0.0031746031746 0.00952380952381 0.0111111111111 0.0 0.0 0.87619047619
3 0.0269841269841 0.00238095238095 0.0134920634921 0.0246031746032 0.00873015873016 0.0126984126984 0.0047619047619 0.00873015873016 0.0253968253968 0.0238095238095 0.00238095238095 0.0111111111111 0.0253968253968 0.015873015873 0.0238095238095 0.0349206349206 0.0349206349206 0.0174603174603 0.00396825396825 0.00873015873016 0.669841269841
4 0.0301587301587 0.0015873015873 0.0150793650794 0.0460317460317 0.0555555555556 0.0190476190476 0.00396825396825 0.0698412698413 0.0174603174603 0.0619047619048 0.00952380952381 0.00634920634921 0.0142857142857 0.018253968254 0.0198412698413 0.0174603174603 0.0309523809524 0.0507936507937 0.0150793650794 0.0507936507937 0.446031746032
5 0.0349206349206 0.00238095238095 0.031746031746 0.0714285714286 0.0103174603175 0.0111111111111 0.0142857142857 0.0238095238095 0.0642857142857 0.0349206349206 0.00238095238095 0.0230158730159 0.0555555555556 0.0373015873016 0.0460317460317 0.047619047619 0.0857142857143 0.0246031746032 0.0047619047619 0.00793650793651 0.365873015873
6 0.197619047619 0.0388888888889 0.00873015873016 0.00634920634921 0.015873015873 0.180158730159 0.0047619047619 0.0190476190476 0.00873015873016 0.0166666666667 0.00634920634921 0.00396825396825 0.00555555555556 0.00238095238095 0.00396825396825 0.0103174603175 0.018253968254 0.107142857143 0.00634920634921 0.0277777777778 0.311111111111
7 0.0150793650794 0.0 0.018253968254 0.0595238095238 0.0119047619048 0.0420634920635 0.00952380952381 0.0507936507937 0.109523809524 0.031746031746 0.0047619047619 0.0047619047619 0.0119047619048 0.0373015873016 0.109523809524 0.0269841269841 0.130158730159 0.0611111111111 0.0015873015873 0.018253968254 0.245238095238
8 0.0293650793651 0.00873015873016 0.0134920634921 0.00396825396825 0.0174603174603 0.0119047619048 0.0031746031746 0.104761904762 0.00714285714286 0.0579365079365 0.00952380952381 0.00793650793651 0.0230158730159 0.00634920634921 0.0166666666667 0.0119047619048 0.0111111111111 0.48253968254 0.0015873015873 0.00793650793651 0.163492063492
9 0.0849206349206 0.00238095238095 0.031746031746 0.0944444444444 0.00793650793651 0.0150793650794 0.0103174603175 0.084126984127 0.0492063492063 0.0666666666667 0.0047619047619 0.0190476190476 0.015873015873 0.0126984126984 0.0214285714286 0.0365079365079 0.114285714286 0.172222222222 0.0047619047619 0.0166666666667 0.134920634921
10 0.0563492063492 0.0206349206349 0.0238095238095 0.0650793650794 0.0206349206349 0.0349206349206 0.0380952380952 0.00396825396825 0.112698412698 0.0103174603175 0.0031746031746 0.0206349206349 0.00238095238095 0.0484126984127 0.196825396825 0.111904761905 0.0285714285714 0.0119047619048 0.0119047619048 0.0579365079365 0.119841269841
11 0.0436507936508 0.0166666666667 0.00396825396825 0.00238095238095 0.0103174603175 0.00238095238095 0.00634920634921 0.15873015873 0.0015873015873 0.0111111111111 0.00634920634921 0.0015873015873 0.00396825396825 0.0015873015873 0.0015873015873 0.00396825396825 0.0166666666667 0.581746031746 0.0103174603175 0.00555555555556 0.109523809524
12 0.0388888888889 0.0015873015873 0.0150793650794 0.0150793650794 0.0222222222222 0.0214285714286 0.034126984127 0.21746031746 0.0222222222222 0.100793650794 0.0031746031746 0.0103174603175 0.018253968254 0.0103174603175 0.0325396825397 0.05 0.0484126984127 0.186507936508 0.00555555555556 0.047619047619 0.0984126984127
13 0.015873015873 0.0 0.69126984127 0.0190476190476 0.000793650793651 0.015873015873 0.00238095238095 0.0 0.0047619047619 0.000793650793651 0.0 0.0222222222222 0.00555555555556 0.00714285714286 0.00634920634921 0.0992063492063 0.0150793650794 0.0 0.0 0.0 0.0936507936508
14 0.0666666666667 0.000793650793651 0.0119047619048 0.0047619047619 0.00238095238095 0.756349206349 0.00238095238095 0.0015873015873 0.0031746031746 0.0 0.0 0.0015873015873 0.0190476190476 0.00238095238095 0.0031746031746 0.018253968254 0.00793650793651 0.00396825396825 0.000793650793651 0.00238095238095 0.0904761904762
15 0.0174603174603 0.00634920634921 0.68253968254 0.0150793650794 0.0015873015873 0.0380952380952 0.00634920634921 0.000793650793651 0.00238095238095 0.00555555555556 0.000793650793651 0.0452380952381 0.0 0.0126984126984 0.0142857142857 0.0452380952381 0.0111111111111 0.00555555555556 0.0 0.0 0.0888888888889
16 0.015873015873 0.0047619047619 0.00714285714286 0.00873015873016 0.00238095238095 0.0174603174603 0.0047619047619 0.00952380952381 0.0119047619048 0.0134920634921 0.00555555555556 0.0142857142857 0.0 0.0119047619048 0.0460317460317 0.104761904762 0.614285714286 0.0150793650794 0.0 0.00396825396825 0.0880952380952
17 0.0285714285714 0.00555555555556 0.0 0.000793650793651 0.169047619048 0.00396825396825 0.0 0.242857142857 0.000793650793651 0.234126984127 0.0222222222222 0.0 0.0119047619048 0.000793650793651 0.0 0.0015873015873 0.00714285714286 0.155555555556 0.00634920634921 0.018253968254 0.0904761904762
18 0.0277777777778 0.00238095238095 0.0579365079365 0.0896825396825 0.00634920634921 0.00793650793651 0.0166666666667 0.0587301587302 0.106349206349 0.0460317460317 0.00952380952381 0.0119047619048 0.0 0.0246031746032 0.15873015873 0.0309523809524 0.0936507936508 0.107142857143 0.0238095238095 0.0293650793651 0.0904761904762
19 0.0563492063492 0.0269841269841 0.00714285714286 0.0031746031746 0.0603174603175 0.0047619047619 0.0015873015873 0.15873015873 0.000793650793651 0.196825396825 0.0174603174603 0.00238095238095 0.0015873015873 0.0031746031746 0.00238095238095 0.0103174603175 0.0230158730159 0.298412698413 0.00396825396825 0.0126984126984 0.107936507937
20 0.0587301587302 0.00396825396825 0.0595238095238 0.0674603174603 0.015873015873 0.0579365079365 0.0198412698413 0.0365079365079 0.0738095238095 0.0753968253968 0.0150793650794 0.0373015873016 0.0047619047619 0.031746031746 0.106349206349 0.0642857142857 0.0547619047619 0.0373015873016 0.00634920634921 0.0373015873016 0.135714285714
21 0.0412698412698 0.0190476190476 0.0857142857143 0.0230158730159 0.0214285714286 0.0492063492063 0.0206349206349 0.0833333333333 0.0238095238095 0.0888888888889 0.0166666666667 0.0388888888889 0.0222222222222 0.0111111111111 0.0277777777778 0.0507936507937 0.0507936507937 0.0674603174603 0.00634920634921 0.0214285714286 0.230158730159
22 0.0357142857143 0.0031746031746 0.110317460317 0.0349206349206 0.00555555555556 0.0650793650794 0.0126984126984 0.0134920634921 0.0412698412698 0.0238095238095 0.000793650793651 0.0714285714286 0.0769841269841 0.0261904761905 0.0126984126984 0.0515873015873 0.0261904761905 0.0134920634921 0.000793650793651 0.00873015873016 0.365079365079
23 0.0142857142857 0.00238095238095 0.0603174603175 0.0404761904762 0.00238095238095 0.256349206349 0.00952380952381 0.00634920634921 0.0531746031746 0.00952380952381 0.0015873015873 0.052380952381 0.0325396825397 0.0190476190476 0.0238095238095 0.0349206349206 0.0190476190476 0.0126984126984 0.0015873015873 0.0031746031746 0.344444444444
24 0.034126984127 0.0126984126984 0.0380952380952 0.0714285714286 0.00952380952381 0.0507936507937 0.0174603174603 0.0119047619048 0.0936507936508 0.034126984127 0.00873015873016 0.0325396825397 0.0166666666667 0.0579365079365 0.0595238095238 0.0301587301587 0.0460317460317 0.0253968253968 0.000793650793651 0.00634920634921 0.342063492063
25 0.0261904761905 0.0 0.0301587301587 0.0825396825397 0.0111111111111 0.128571428571 0.0126984126984 0.0333333333333 0.0674603174603 0.0404761904762 0.00873015873016 0.0333333333333 0.0333333333333 0.0444444444444 0.0571428571429 0.0515873015873 0.0761904761905 0.0436507936508 0.0015873015873 0.0103174603175 0.207142857143
26 0.0309523809524 0.00238095238095 0.0190476190476 0.103968253968 0.034126984127 0.0214285714286 0.0198412698413 0.111904761905 0.0563492063492 0.0634920634921 0.0150793650794 0.00714285714286 0.00634920634921 0.0769841269841 0.0865079365079 0.0174603174603 0.0738095238095 0.111904761905 0.00555555555556 0.0388888888889 0.0968253968254
27 0.0214285714286 0.000793650793651 0.0166666666667 0.0301587301587 0.00952380952381 0.00634920634921 0.0222222222222 0.0246031746032 0.175396825397 0.0285714285714 0.00714285714286 0.0333333333333 0.0349206349206 0.0269841269841 0.216666666667 0.0706349206349 0.148412698413 0.0396825396825 0.0015873015873 0.00952380952381 0.0753968253968
28 0.0246031746032 0.00634920634921 0.0 0.00238095238095 0.0571428571429 0.0047619047619 0.0015873015873 0.254761904762 0.0 0.120634920635 0.0142857142857 0.000793650793651 0.0 0.0 0.000793650793651 0.00634920634921 0.0047619047619 0.420634920635 0.00238095238095 0.0253968253968 0.052380952381
29 0.0142857142857 0.0047619047619 0.00793650793651 0.00793650793651 0.00555555555556 0.0103174603175 0.0206349206349 0.0134920634921 0.0198412698413 0.018253968254 0.0047619047619 0.00873015873016 0.00238095238095 0.031746031746 0.705555555556 0.0285714285714 0.0150793650794 0.0230158730159 0.000793650793651 0.00793650793651 0.0484126984127
30 0.00873015873016 0.0031746031746 0.0 0.000793650793651 0.0746031746032 0.000793650793651 0.0015873015873 0.0944444444444 0.00238095238095 0.643650793651 0.034126984127 0.0031746031746 0.00793650793651 0.0 0.0 0.00238095238095 0.0015873015873 0.05 0.0 0.0261904761905 0.0444444444444
31 0.236507936508 0.0119047619048 0.0142857142857 0.0238095238095 0.0436507936508 0.0150793650794 0.0214285714286 0.0944444444444 0.0119047619048 0.170634920635 0.0119047619048 0.0222222222222 0.0047619047619 0.0198412698413 0.0301587301587 0.0698412698413 0.015873015873 0.0460317460317 0.0119047619048 0.0809523809524 0.0428571428571
32 0.0333333333333 0.031746031746 0.0595238095238 0.0206349206349 0.0150793650794 0.611904761905 0.0134920634921 0.0031746031746 0.0031746031746 0.0325396825397 0.00873015873016 0.0468253968254 0.000793650793651 0.0047619047619 0.00634920634921 0.0380952380952 0.0031746031746 0.00238095238095 0.00396825396825 0.0174603174603 0.0428571428571
33 0.015873015873 0.00873015873016 0.000793650793651 0.0 0.0166666666667 0.000793650793651 0.000793650793651 0.534126984127 0.0 0.0793650793651 0.015873015873 0.0 0.00238095238095 0.0 0.0 0.0031746031746 0.0103174603175 0.257936507937 0.0 0.0111111111111 0.0420634920635
34 0.0333333333333 0.000793650793651 0.568253968254 0.0492063492063 0.0015873015873 0.0047619047619 0.00555555555556 0.00873015873016 0.0325396825397 0.0103174603175 0.0015873015873 0.0785714285714 0.0015873015873 0.0404761904762 0.052380952381 0.0238095238095 0.0166666666667 0.015873015873 0.00555555555556 0.00555555555556 0.0428571428571
35 0.41746031746 0.065873015873 0.00238095238095 0.0031746031746 0.00634920634921 0.00714285714286 0.000793650793651 0.0166666666667 0.0031746031746 0.0214285714286 0.00555555555556 0.00396825396825 0.0190476190476 0.0031746031746 0.00396825396825 0.0563492063492 0.277777777778 0.0365079365079 0.00238095238095 0.0031746031746 0.0436507936508
36 0.0325396825397 0.0134920634921 0.00952380952381 0.00793650793651 0.00714285714286 0.00396825396825 0.0031746031746 0.0047619047619 0.00555555555556 0.0230158730159 0.00396825396825 0.00714285714286 0.771428571429 0.0031746031746 0.00952380952381 0.0150793650794 0.0142857142857 0.015873015873 0.0015873015873 0.0015873015873 0.0452380952381
37 0.0365079365079 0.0 0.0468253968254 0.627777777778 0.00238095238095 0.018253968254 0.00238095238095 0.00634920634921 0.0277777777778 0.0142857142857 0.0031746031746 0.0142857142857 0.0301587301587 0.0293650793651 0.0436507936508 0.031746031746 0.0134920634921 0.00555555555556 0.0 0.00238095238095 0.0436507936508
38 0.0380952380952 0.00396825396825 0.0119047619048 0.0166666666667 0.0174603174603 0.0253968253968 0.0031746031746 0.0888888888889 0.0690476190476 0.152380952381 0.0460317460317 0.0142857142857 0.052380952381 0.0111111111111 0.0642857142857 0.0880952380952 0.127777777778 0.0571428571429 0.00634920634921 0.015873015873 0.0896825396825
39 0.0753968253968 0.00555555555556 0.0761904761905 0.0380952380952 0.0134920634921 0.147619047619 0.0325396825397 0.00714285714286 0.0896825396825 0.0126984126984 0.000793650793651 0.0484126984127 0.034126984127 0.0222222222222 0.0619047619048 0.0706349206349 0.0412698412698 0.0404761904762 0.00396825396825 0.0230158730159 0.154761904762
40 0.0325396825397 0.0 0.0373015873016 0.0357142857143 0.015873015873 0.0507936507937 0.0619047619048 0.00793650793651 0.0698412698413 0.0134920634921 0.00793650793651 0.0230158730159 0.0222222222222 0.103174603175 0.0761904761905 0.0428571428571 0.0380952380952 0.0174603174603 0.0031746031746 0.0238095238095 0.316666666667
41 0.0452380952381 0.00634920634921 0.0333333333333 0.0412698412698 0.0198412698413 0.0531746031746 0.00952380952381 0.00793650793651 0.0484126984127 0.0134920634921 0.00714285714286 0.0277777777778 0.10873015873 0.0230158730159 0.0555555555556 0.0555555555556 0.0603174603175 0.0206349206349 0.00396825396825 0.0103174603175 0.348412698413
42 0.047619047619 0.065873015873 0.0626984126984 0.0293650793651 0.00238095238095 0.0904761904762 0.0047619047619 0.00793650793651 0.0460317460317 0.00873015873016 0.0015873015873 0.052380952381 0.0119047619048 0.0222222222222 0.0539682539683 0.0388888888889 0.0246031746032 0.0119047619048 0.0015873015873 0.00873015873016 0.406349206349
43 0.0269841269841 0.0492063492063 0.0261904761905 0.0357142857143 0.00555555555556 0.0857142857143 0.0142857142857 0.0103174603175 0.0785714285714 0.0198412698413 0.0119047619048 0.0269841269841 0.0261904761905 0.0238095238095 0.0420634920635 0.0301587301587 0.0333333333333 0.018253968254 0.00238095238095 0.00793650793651 0.424603174603
44 0.0357142857143 0.0126984126984 0.0396825396825 0.0563492063492 0.00793650793651 0.0412698412698 0.00555555555556 0.0111111111111 0.0547619047619 0.0230158730159 0.0047619047619 0.0174603174603 0.111111111111 0.0333333333333 0.0460317460317 0.0396825396825 0.0261904761905 0.0269841269841 0.0015873015873 0.00873015873016 0.396031746032
45 0.0936507936508 0.0031746031746 0.0531746031746 0.0865079365079 0.00555555555556 0.0698412698413 0.0111111111111 0.0246031746032 0.0349206349206 0.0285714285714 0.00634920634921 0.0198412698413 0.0420634920635 0.0380952380952 0.0238095238095 0.0547619047619 0.0277777777778 0.0587301587302 0.00238095238095 0.0103174603175 0.304761904762
46 0.0261904761905 0.00238095238095 0.0404761904762 0.226984126984 0.0142857142857 0.0230158730159 0.00873015873016 0.015873015873 0.0325396825397 0.0206349206349 0.0103174603175 0.0126984126984 0.0142857142857 0.216666666667 0.0349206349206 0.0174603174603 0.0269841269841 0.0142857142857 0.0611111111111 0.0357142857143 0.144444444444
47 0.0936507936508 0.084126984127 0.05 0.0730158730159 0.0174603174603 0.0119047619048 0.0103174603175 0.0103174603175 0.0373015873016 0.0214285714286 0.000793650793651 0.0206349206349 0.299206349206 0.0349206349206 0.0404761904762 0.0253968253968 0.0222222222222 0.0150793650794 0.00238095238095 0.0230158730159 0.106349206349
48 0.0277777777778 0.114285714286 0.00952380952381 0.0142857142857 0.174603174603 0.0738095238095 0.0246031746032 0.018253968254 0.0174603174603 0.102380952381 0.0174603174603 0.00555555555556 0.0047619047619 0.0166666666667 0.0246031746032 0.0103174603175 0.00555555555556 0.0174603174603 0.0690476190476 0.164285714286 0.0873015873016
49 0.253968253968 0.0 0.0047619047619 0.0103174603175 0.0150793650794 0.498412698413 0.0015873015873 0.0031746031746 0.0047619047619 0.00396825396825 0.0015873015873 0.00634920634921 0.00634920634921 0.00952380952381 0.0103174603175 0.0587301587302 0.00873015873016 0.00396825396825 0.00555555555556 0.0238095238095 0.0690476190476
50 0.0761904761905 0.0 0.0698412698413 0.119047619048 0.0309523809524 0.0174603174603 0.0150793650794 0.0380952380952 0.111904761905 0.0571428571429 0.0174603174603 0.0325396825397 0.0444444444444 0.081746031746 0.0936507936508 0.031746031746 0.0261904761905 0.0388888888889 0.0174603174603 0.0198412698413 0.0603174603175
51 0.147619047619 0.0015873015873 0.0452380952381 0.312698412698 0.0031746031746 0.00793650793651 0.00952380952381 0.0198412698413 0.0984126984127 0.0388888888889 0.0111111111111 0.018253968254 0.0111111111111 0.0984126984127 0.0690476190476 0.0214285714286 0.0166666666667 0.0246031746032 0.0047619047619 0.00396825396825 0.0357142857143
52 0.702380952381 0.00714285714286 0.0047619047619 0.0031746031746 0.0031746031746 0.0206349206349 0.000793650793651 0.00873015873016 0.0015873015873 0.00555555555556 0.0031746031746 0.00714285714286 0.0031746031746 0.00396825396825 0.000793650793651 0.15873015873 0.0119047619048 0.015873015873 0.00238095238095 0.0015873015873 0.0333333333333
53 0.0761904761905 0.00238095238095 0.00793650793651 0.015873015873 0.0166666666667 0.0142857142857 0.0111111111111 0.0126984126984 0.248412698413 0.0468253968254 0.0103174603175 0.00714285714286 0.00238095238095 0.0333333333333 0.213492063492 0.0825396825397 0.134920634921 0.0111111111111 0.00714285714286 0.0166666666667 0.0285714285714
54 0.131746031746 0.000793650793651 0.131746031746 0.164285714286 0.015873015873 0.018253968254 0.0246031746032 0.0126984126984 0.0761904761905 0.0325396825397 0.00793650793651 0.0555555555556 0.0 0.105555555556 0.0722222222222 0.0373015873016 0.047619047619 0.018253968254 0.00555555555556 0.0119047619048 0.0293650793651
55 0.156349206349 0.0047619047619 0.0031746031746 0.0269841269841 0.246825396825 0.00952380952381 0.034126984127 0.0103174603175 0.0269841269841 0.0547619047619 0.0126984126984 0.0111111111111 0.0015873015873 0.0206349206349 0.0880952380952 0.0166666666667 0.0253968253968 0.0261904761905 0.0650793650794 0.137301587302 0.0214285714286
56 0.1 0.0015873015873 0.0 0.00238095238095 0.0198412698413 0.0031746031746 0.0 0.0214285714286 0.0 0.535714285714 0.031746031746 0.0246031746032 0.000793650793651 0.0031746031746 0.000793650793651 0.0142857142857 0.110317460317 0.10873015873 0.000793650793651 0.000793650793651 0.0198412698413
57 0.0904761904762 0.00952380952381 0.0222222222222 0.143650793651 0.00396825396825 0.0206349206349 0.015873015873 0.0309523809524 0.159523809524 0.0301587301587 0.00873015873016 0.0214285714286 0.0 0.0714285714286 0.197619047619 0.065873015873 0.0571428571429 0.0277777777778 0.000793650793651 0.00555555555556 0.0166666666667
58 0.097619047619 0.0031746031746 0.102380952381 0.130952380952 0.0047619047619 0.0357142857143 0.00873015873016 0.00793650793651 0.143650793651 0.0190476190476 0.00634920634921 0.0690476190476 0.00238095238095 0.084126984127 0.0865079365079 0.11746031746 0.0412698412698 0.00952380952381 0.0031746031746 0.00634920634921 0.0198412698413
59 0.0301587301587 0.00396825396825 0.0031746031746 0.0166666666667 0.0571428571429 0.00238095238095 0.0198412698413 0.0603174603175 0.0650793650794 0.364285714286 0.0611111111111 0.0246031746032 0.000793650793651 0.034126984127 0.0714285714286 0.0111111111111 0.0285714285714 0.018253968254 0.0285714285714 0.031746031746 0.0666666666667
60 0.0492063492063 0.0333333333333 0.00238095238095 0.00238095238095 0.0285714285714 0.000793650793651 0.0015873015873 0.147619047619 0.00396825396825 0.398412698413 0.0261904761905 0.00396825396825 0.0015873015873 0.00634920634921 0.00793650793651 0.0047619047619 0.0333333333333 0.175396825397 0.00714285714286 0.00634920634921 0.0587301587302
61 0.0357142857143 0.00793650793651 0.0150793650794 0.0230158730159 0.00396825396825 0.0214285714286 0.0031746031746 0.015873015873 0.0380952380952 0.065873015873 0.0111111111111 0.0142857142857 0.0730158730159 0.0126984126984 0.0222222222222 0.0309523809524 0.0230158730159 0.0309523809524 0.00238095238095 0.00555555555556 0.543650793651
62 0.0825396825397 0.0015873015873 0.0468253968254 0.0777777777778 0.0214285714286 0.0603174603175 0.0206349206349 0.0452380952381 0.0674603174603 0.120634920635 0.0190476190476 0.0761904761905 0.0388888888889 0.0452380952381 0.0690476190476 0.0444444444444 0.0238095238095 0.0420634920635 0.0031746031746 0.0103174603175 0.0833333333333
63 0.0769841269841 0.00396825396825 0.0642857142857 0.0206349206349 0.0031746031746 0.393650793651 0.0214285714286 0.0031746031746 0.0444444444444 0.0198412698413 0.00238095238095 0.0873015873016 0.00634920634921 0.0690476190476 0.0555555555556 0.0444444444444 0.0246031746032 0.00634920634921 0.0015873015873 0.00555555555556 0.0452380952381
64 0.0388888888889 0.0031746031746 0.0333333333333 0.052380952381 0.0047619047619 0.0857142857143 0.0214285714286 0.0015873015873 0.25 0.00555555555556 0.00396825396825 0.0238095238095 0.0126984126984 0.0873015873016 0.190476190476 0.0555555555556 0.0547619047619 0.00793650793651 0.0015873015873 0.00555555555556 0.0595238095238
65 0.0428571428571 0.0015873015873 0.081746031746 0.105555555556 0.0142857142857 0.0214285714286 0.0174603174603 0.0214285714286 0.103174603175 0.0166666666667 0.00793650793651 0.0531746031746 0.0769841269841 0.0587301587302 0.0873015873016 0.0738095238095 0.129365079365 0.0380952380952 0.00714285714286 0.0142857142857 0.0269841269841
66 0.0452380952381 0.00873015873016 0.00555555555556 0.0031746031746 0.0301587301587 0.00555555555556 0.0 0.181746031746 0.00555555555556 0.0960317460317 0.0047619047619 0.00238095238095 0.00714285714286 0.0047619047619 0.0047619047619 0.00873015873016 0.00873015873016 0.551587301587 0.0047619047619 0.0031746031746 0.0174603174603
67 0.0309523809524 0.00555555555556 0.0460317460317 0.111904761905 0.0357142857143 0.0150793650794 0.0198412698413 0.0365079365079 0.0714285714286 0.0452380952381 0.0119047619048 0.0222222222222 0.00238095238095 0.0539682539683 0.119047619048 0.0619047619048 0.150793650794 0.0547619047619 0.0269841269841 0.0611111111111 0.0166666666667
68 0.0261904761905 0.138888888889 0.000793650793651 0.0015873015873 0.0603174603175 0.00793650793651 0.0 0.178571428571 0.00396825396825 0.288095238095 0.0190476190476 0.0015873015873 0.000793650793651 0.00238095238095 0.0031746031746 0.0047619047619 0.0119047619048 0.211904761905 0.00238095238095 0.0142857142857 0.0214285714286
69 0.0357142857143 0.00238095238095 0.0634920634921 0.209523809524 0.018253968254 0.00793650793651 0.0166666666667 0.0404761904762 0.0793650793651 0.0365079365079 0.00873015873016 0.0230158730159 0.00396825396825 0.0690476190476 0.102380952381 0.0563492063492 0.0809523809524 0.0968253968254 0.00873015873016 0.015873015873 0.0238095238095
70 0.0563492063492 0.015873015873 0.018253968254 0.0333333333333 0.097619047619 0.0198412698413 0.00555555555556 0.0912698412698 0.0214285714286 0.0936507936508 0.00873015873016 0.0111111111111 0.0714285714286 0.0230158730159 0.0349206349206 0.0515873015873 0.0555555555556 0.114285714286 0.00714285714286 0.0595238095238 0.109523809524
71 0.0365079365079 0.0015873015873 0.230158730159 0.0944444444444 0.0126984126984 0.0412698412698 0.018253968254 0.05 0.0253968253968 0.0579365079365 0.00793650793651 0.0253968253968 0.0230158730159 0.0261904761905 0.0301587301587 0.0388888888889 0.0388888888889 0.0753968253968 0.00634920634921 0.0166666666667 0.142857142857
72 0.00634920634921 0.000793650793651 0.0269841269841 0.0246031746032 0.00238095238095 0.0269841269841 0.00634920634921 0.00873015873016 0.0365079365079 0.00634920634921 0.0015873015873 0.0119047619048 0.0436507936508 0.0142857142857 0.0198412698413 0.0190476190476 0.015873015873 0.0111111111111 0.00238095238095 0.00873015873016 0.705555555556
73 0.0460317460317 0.0015873015873 0.034126984127 0.0404761904762 0.0047619047619 0.0690476190476 0.00396825396825 0.0166666666667 0.0261904761905 0.0293650793651 0.00238095238095 0.0293650793651 0.0309523809524 0.0301587301587 0.0325396825397 0.031746031746 0.0365079365079 0.0380952380952 0.00634920634921 0.0111111111111 0.478571428571
74 0.0460317460317 0.0 0.0626984126984 0.0619047619048 0.00634920634921 0.0492063492063 0.0111111111111 0.0198412698413 0.0301587301587 0.015873015873 0.00793650793651 0.0277777777778 0.0388888888889 0.0460317460317 0.0285714285714 0.0373015873016 0.034126984127 0.0253968253968 0.000793650793651 0.0246031746032 0.425396825397
75 0.0579365079365 0.0031746031746 0.103968253968 0.0753968253968 0.00555555555556 0.180952380952 0.0190476190476 0.015873015873 0.0801587301587 0.0261904761905 0.00873015873016 0.0380952380952 0.0293650793651 0.0357142857143 0.0761904761905 0.068253968254 0.0460317460317 0.0293650793651 0.0 0.015873015873 0.084126984127
76 0.0428571428571 0.0047619047619 0.0253968253968 0.0420634920635 0.0301587301587 0.031746031746 0.0134920634921 0.0539682539683 0.121428571429 0.0452380952381 0.0142857142857 0.018253968254 0.0373015873016 0.0420634920635 0.169047619048 0.0365079365079 0.119841269841 0.0753968253968 0.00634920634921 0.0230158730159 0.0468253968254
77 0.0230158730159 0.0031746031746 0.660317460317 0.0325396825397 0.0047619047619 0.0650793650794 0.00238095238095 0.00793650793651 0.0246031746032 0.00793650793651 0.00238095238095 0.0269841269841 0.015873015873 0.00952380952381 0.0174603174603 0.0261904761905 0.0269841269841 0.0111111111111 0.000793650793651 0.00396825396825 0.0269841269841
78 0.0452380952381 0.000793650793651 0.0388888888889 0.031746031746 0.00714285714286 0.0349206349206 0.0269841269841 0.0174603174603 0.193650793651 0.0103174603175 0.00634920634921 0.0396825396825 0.0333333333333 0.0674603174603 0.250793650794 0.0674603174603 0.0396825396825 0.0230158730159 0.00714285714286 0.0214285714286 0.0365079365079
79 0.0230158730159 0.00238095238095 0.0373015873016 0.018253968254 0.0793650793651 0.0285714285714 0.0238095238095 0.00793650793651 0.0214285714286 0.0103174603175 0.0031746031746 0.047619047619 0.00952380952381 0.0285714285714 0.0214285714286 0.0365079365079 0.0206349206349 0.0111111111111 0.0261904761905 0.497619047619 0.0452380952381
80 0.0166666666667 0.0031746031746 0.0992063492063 0.0230158730159 0.0126984126984 0.597619047619 0.0142857142857 0.0047619047619 0.0277777777778 0.0031746031746 0.000793650793651 0.0634920634921 0.0111111111111 0.0230158730159 0.0238095238095 0.0238095238095 0.0103174603175 0.0047619047619 0.000793650793651 0.00238095238095 0.0333333333333
81 0.0238095238095 0.0047619047619 0.0126984126984 0.0198412698413 0.0047619047619 0.0119047619048 0.0119047619048 0.0103174603175 0.0150793650794 0.0134920634921 0.00793650793651 0.0388888888889 0.0103174603175 0.0166666666667 0.688888888889 0.0142857142857 0.0253968253968 0.0230158730159 0.0047619047619 0.00952380952381 0.031746031746
82 0.0555555555556 0.0142857142857 0.0126984126984 0.0285714285714 0.0547619047619 0.00793650793651 0.0174603174603 0.103174603175 0.0246031746032 0.234920634921 0.0246031746032 0.0166666666667 0.0412698412698 0.0206349206349 0.0230158730159 0.0325396825397 0.0936507936508 0.0968253968254 0.0238095238095 0.0515873015873 0.0214285714286
83 0.0103174603175 0.00634920634921 0.0031746031746 0.0134920634921 0.0277777777778 0.0015873015873 0.00873015873016 0.107142857143 0.0031746031746 0.42619047619 0.018253968254 0.0031746031746 0.0261904761905 0.00714285714286 0.0134920634921 0.018253968254 0.0246031746032 0.22619047619 0.00634920634921 0.0261904761905 0.0222222222222
84 0.449206349206 0.0515873015873 0.0 0.0031746031746 0.00396825396825 0.247619047619 0.00238095238095 0.00396825396825 0.000793650793651 0.0142857142857 0.0047619047619 0.0 0.00238095238095 0.0047619047619 0.052380952381 0.0285714285714 0.0119047619048 0.0880952380952 0.000793650793651 0.00555555555556 0.0238095238095
85 0.0309523809524 0.00873015873016 0.0555555555556 0.0674603174603 0.0357142857143 0.0047619047619 0.0563492063492 0.0539682539683 0.0349206349206 0.0484126984127 0.0103174603175 0.0325396825397 0.00634920634921 0.0357142857143 0.0714285714286 0.0555555555556 0.0928571428571 0.0690476190476 0.0293650793651 0.187301587302 0.0126984126984
86 0.0325396825397 0.135714285714 0.0015873015873 0.00238095238095 0.0134920634921 0.0031746031746 0.0 0.165873015873 0.00238095238095 0.142063492063 0.0174603174603 0.0015873015873 0.00634920634921 0.00238095238095 0.0015873015873 0.00238095238095 0.00634920634921 0.449206349206 0.00238095238095 0.0015873015873 0.00952380952381
87 0.0293650793651 0.0031746031746 0.0134920634921 0.0325396825397 0.169841269841 0.00714285714286 0.0222222222222 0.0436507936508 0.0301587301587 0.0650793650794 0.0198412698413 0.00873015873016 0.00555555555556 0.0206349206349 0.0611111111111 0.0420634920635 0.0611111111111 0.0460317460317 0.100793650794 0.207936507937 0.00952380952381
88 0.0920634920635 0.0238095238095 0.0214285714286 0.0111111111111 0.034126984127 0.00873015873016 0.034126984127 0.084126984127 0.0253968253968 0.192857142857 0.015873015873 0.0269841269841 0.0198412698413 0.0111111111111 0.0563492063492 0.0333333333333 0.0571428571429 0.189682539683 0.0015873015873 0.0468253968254 0.0134920634921
89 0.0373015873016 0.0015873015873 0.265079365079 0.0690476190476 0.00396825396825 0.192857142857 0.00952380952381 0.00873015873016 0.0428571428571 0.0119047619048 0.00238095238095 0.110317460317 0.0571428571429 0.0269841269841 0.0365079365079 0.05 0.018253968254 0.0103174603175 0.00396825396825 0.00634920634921 0.0349206349206
90 0.0333333333333 0.00396825396825 0.11746031746 0.0579365079365 0.0047619047619 0.411904761905 0.00793650793651 0.0015873015873 0.0674603174603 0.0047619047619 0.00238095238095 0.0714285714286 0.0126984126984 0.018253968254 0.0444444444444 0.034126984127 0.0301587301587 0.00952380952381 0.00396825396825 0.00952380952381 0.052380952381
91 0.0389285714286 3.96825396825e-05 0.0286111111111 0.0786111111111 0.00638888888889 0.0571825396825 0.0159126984127 0.0548015873016 0.103214285714 0.0714682539683 0.0159126984127 0.0230555555556 0.0119444444444 0.0730555555556 0.127817460317 0.0206746031746 0.104801587302 0.0976587301587 0.00321428571429 0.0167063492063 0.05
92 0.00555555555556 0.0277777777778 0.303968253968 0.0277777777778 0.0412698412698 0.00396825396825 0.0103174603175 0.0103174603175 0.00396825396825 0.103174603175 0.0349206349206 0.179365079365 0.0246031746032 0.00634920634921 0.0126984126984 0.118253968254 0.0246031746032 0.0134920634921 0.0166666666667 0.0142857142857 0.0166666666667
93 0.0285714285714 0.0031746031746 0.00793650793651 0.000793650793651 0.0515873015873 0.0 0.000793650793651 0.210317460317 0.000793650793651 0.327777777778 0.00714285714286 0.000793650793651 0.0047619047619 0.00238095238095 0.0 0.00238095238095 0.00555555555556 0.283333333333 0.00873015873016 0.0428571428571 0.0103174603175
94 0.154761904762 0.00634920634921 0.0103174603175 0.0142857142857 0.0 0.163492063492 0.00238095238095 0.00238095238095 0.0015873015873 0.0015873015873 0.000793650793651 0.397619047619 0.00238095238095 0.0873015873016 0.00396825396825 0.120634920635 0.0134920634921 0.00238095238095 0.0 0.000793650793651 0.0134920634921
95 0.156349206349 0.0111111111111 0.0452380952381 0.215079365079 0.0119047619048 0.0206349206349 0.0142857142857 0.0246031746032 0.0539682539683 0.14126984127 0.0103174603175 0.0142857142857 0.0031746031746 0.0611111111111 0.0634920634921 0.0373015873016 0.0349206349206 0.0436507936508 0.000793650793651 0.0206349206349 0.015873015873
96 0.125396825397 0.0015873015873 0.0373015873016 0.231746031746 0.0198412698413 0.0119047619048 0.0277777777778 0.0333333333333 0.0492063492063 0.0936507936508 0.0269841269841 0.00555555555556 0.0031746031746 0.0746031746032 0.0484126984127 0.0269841269841 0.0507936507937 0.0404761904762 0.0468253968254 0.0293650793651 0.0150793650794
97 0.0198412698413 0.000793650793651 0.000793650793651 0.0047619047619 0.0015873015873 0.00238095238095 0.000793650793651 0.0595238095238 0.000793650793651 0.54126984127 0.251587301587 0.0 0.000793650793651 0.0428571428571 0.000793650793651 0.00634920634921 0.0047619047619 0.0428571428571 0.0 0.000793650793651 0.0166666666667
98 0.034126984127 0.00634920634921 0.0 0.0 0.0015873015873 0.0015873015873 0.000793650793651 0.189682539683 0.00396825396825 0.300793650794 0.0126984126984 0.000793650793651 0.0 0.00238095238095 0.00396825396825 0.00396825396825 0.0103174603175 0.409523809524 0.0 0.000793650793651 0.0166666666667
99 0.128571428571 0.0015873015873 0.0246031746032 0.192857142857 0.0031746031746 0.0222222222222 0.0031746031746 0.00555555555556 0.144444444444 0.0190476190476 0.00714285714286 0.0198412698413 0.0 0.0634920634921 0.22380952381 0.0833333333333 0.0174603174603 0.0134920634921 0.0015873015873 0.00555555555556 0.0190476190476
100 0.146031746032 0.0015873015873 0.0484126984127 0.181746031746 0.00555555555556 0.0301587301587 0.0166666666667 0.0047619047619 0.0769841269841 0.0460317460317 0.00952380952381 0.104761904762 0.0 0.0968253968254 0.0761904761905 0.0896825396825 0.0277777777778 0.00873015873016 0.000793650793651 0.00714285714286 0.0206349206349
101 0.0047619047619 0.000793650793651 0.00793650793651 0.00555555555556 0.0 0.925396825397 0.000793650793651 0.0 0.00873015873016 0.0 0.0 0.00555555555556 0.0031746031746 0.0031746031746 0.0047619047619 0.00555555555556 0.000793650793651 0.000793650793651 0.000793650793651 0.0 0.0214285714286
102 0.0412698412698 0.00555555555556 0.0031746031746 0.00634920634921 0.0777777777778 0.00634920634921 0.0563492063492 0.0111111111111 0.00555555555556 0.36746031746 0.052380952381 0.0119047619048 0.0 0.0166666666667 0.00555555555556 0.00873015873016 0.00396825396825 0.0166666666667 0.0960317460317 0.18253968254 0.0246031746032
103 0.748412698413 0.00714285714286 0.000793650793651 0.000793650793651 0.000793650793651 0.0936507936508 0.0015873015873 0.0015873015873 0.0015873015873 0.00793650793651 0.00396825396825 0.0 0.0015873015873 0.000793650793651 0.0015873015873 0.0261904761905 0.0142857142857 0.0571428571429 0.0 0.0031746031746 0.0269841269841
104 0.0253968253968 0.00873015873016 0.0126984126984 0.0515873015873 0.0349206349206 0.00634920634921 0.0142857142857 0.0428571428571 0.0849206349206 0.0563492063492 0.0174603174603 0.0126984126984 0.00873015873016 0.0325396825397 0.172222222222 0.0230158730159 0.0484126984127 0.084126984127 0.084126984127 0.0357142857143 0.142857142857
105 0.101587301587 0.0142857142857 0.00793650793651 0.0214285714286 0.0309523809524 0.0031746031746 0.0142857142857 0.0444444444444 0.00634920634921 0.0634920634921 0.00873015873016 0.00555555555556 0.0777777777778 0.00238095238095 0.0174603174603 0.015873015873 0.0309523809524 0.233333333333 0.0190476190476 0.0349206349206 0.246031746032
106 0.103174603175 0.00396825396825 0.0492063492063 0.0214285714286 0.0301587301587 0.0150793650794 0.031746031746 0.0190476190476 0.0277777777778 0.0365079365079 0.00952380952381 0.0373015873016 0.0111111111111 0.0150793650794 0.0452380952381 0.0333333333333 0.0277777777778 0.047619047619 0.0047619047619 0.110317460317 0.319841269841
107 0.0269841269841 0.00396825396825 0.031746031746 0.0325396825397 0.034126984127 0.0206349206349 0.00634920634921 0.0134920634921 0.018253968254 0.018253968254 0.00555555555556 0.0166666666667 0.0309523809524 0.018253968254 0.05 0.0261904761905 0.0301587301587 0.0166666666667 0.0420634920635 0.126984126984 0.430158730159
108 0.0603174603175 0.000793650793651 0.0634920634921 0.0333333333333 0.0269841269841 0.0301587301587 0.0325396825397 0.0595238095238 0.0428571428571 0.0230158730159 0.00793650793651 0.018253968254 0.065873015873 0.0190476190476 0.0436507936508 0.0396825396825 0.0484126984127 0.0809523809524 0.00873015873016 0.0246031746032 0.269841269841
109 0.0396825396825 0.0047619047619 0.0380952380952 0.0333333333333 0.0436507936508 0.0325396825397 0.0222222222222 0.0214285714286 0.0269841269841 0.0214285714286 0.00714285714286 0.0206349206349 0.0166666666667 0.0198412698413 0.0333333333333 0.0587301587302 0.0142857142857 0.0206349206349 0.0357142857143 0.198412698413 0.290476190476
110 0.05 0.00873015873016 0.0484126984127 0.0444444444444 0.0166666666667 0.068253968254 0.0150793650794 0.0190476190476 0.0365079365079 0.0269841269841 0.00714285714286 0.0285714285714 0.100793650794 0.0269841269841 0.0515873015873 0.0761904761905 0.0507936507937 0.018253968254 0.000793650793651 0.0190476190476 0.285714285714
111 0.0468253968254 0.0111111111111 0.052380952381 0.0309523809524 0.0134920634921 0.0555555555556 0.0174603174603 0.0134920634921 0.0571428571429 0.0396825396825 0.0047619047619 0.0269841269841 0.134920634921 0.0380952380952 0.0396825396825 0.0555555555556 0.0365079365079 0.0142857142857 0.0031746031746 0.0198412698413 0.288095238095
112 0.0404761904762 0.00238095238095 0.0761904761905 0.0547619047619 0.0142857142857 0.047619047619 0.0206349206349 0.00714285714286 0.05 0.0134920634921 0.0031746031746 0.124603174603 0.0444444444444 0.0230158730159 0.0436507936508 0.0531746031746 0.018253968254 0.00873015873016 0.0031746031746 0.031746031746 0.319047619048
113 0.0404761904762 0.0111111111111 0.0531746031746 0.0269841269841 0.0325396825397 0.0253968253968 0.0206349206349 0.0150793650794 0.0325396825397 0.0571428571429 0.0103174603175 0.0285714285714 0.0357142857143 0.0222222222222 0.0230158730159 0.0603174603175 0.0626984126984 0.0388888888889 0.0031746031746 0.0436507936508 0.356349206349
114 0.0698412698413 0.0047619047619 0.0571428571429 0.0460317460317 0.00873015873016 0.0325396825397 0.00952380952381 0.00714285714286 0.104761904762 0.0269841269841 0.00634920634921 0.0238095238095 0.0634920634921 0.0269841269841 0.0563492063492 0.0793650793651 0.0452380952381 0.0150793650794 0.0015873015873 0.00873015873016 0.305555555556
115 0.0222222222222 0.0309523809524 0.0333333333333 0.0293650793651 0.0515873015873 0.0325396825397 0.0261904761905 0.0230158730159 0.031746031746 0.0587301587302 0.0111111111111 0.0174603174603 0.0166666666667 0.018253968254 0.0484126984127 0.0269841269841 0.015873015873 0.0222222222222 0.00793650793651 0.205555555556 0.269841269841
116 0.0888888888889 0.0238095238095 0.0428571428571 0.031746031746 0.0214285714286 0.0365079365079 0.0246031746032 0.0253968253968 0.0428571428571 0.0730158730159 0.0134920634921 0.0174603174603 0.0150793650794 0.0396825396825 0.0738095238095 0.0547619047619 0.034126984127 0.0301587301587 0.0111111111111 0.0468253968254 0.252380952381
117 0.0896825396825 0.0031746031746 0.105555555556 0.0952380952381 0.00555555555556 0.0515873015873 0.0134920634921 0.0047619047619 0.0690476190476 0.0214285714286 0.0047619047619 0.0420634920635 0.0507936507937 0.0531746031746 0.0412698412698 0.052380952381 0.0365079365079 0.0134920634921 0.0031746031746 0.00873015873016 0.234126984127
118 0.109523809524 0.0150793650794 0.0603174603175 0.122222222222 0.00714285714286 0.0246031746032 0.015873015873 0.0214285714286 0.0634920634921 0.0436507936508 0.00873015873016 0.015873015873 0.0261904761905 0.0595238095238 0.0952380952381 0.0436507936508 0.0293650793651 0.0214285714286 0.00396825396825 0.0206349206349 0.192063492063
119 0.00396825396825 0.000793650793651 0.0 0.0015873015873 0.111111111111 0.0 0.0047619047619 0.0333333333333 0.0 0.32619047619 0.0333333333333 0.0 0.0 0.0031746031746 0.0047619047619 0.000793650793651 0.00238095238095 0.015873015873 0.0214285714286 0.250793650794 0.185714285714
120 0.0793650793651 0.00238095238095 0.0166666666667 0.0753968253968 0.0174603174603 0.0190476190476 0.00714285714286 0.0555555555556 0.0777777777778 0.131746031746 0.0190476190476 0.0142857142857 0.0047619047619 0.0484126984127 0.0936507936508 0.0333333333333 0.0293650793651 0.0603174603175 0.00396825396825 0.0253968253968 0.184920634921
