POS A C D E F G H I K L M N P Q R S T V W Y -
1 0.000798722044728 0.0 0.000798722044728 0.00479233226837 0.0 0.00798722044728 0.0 0.0 0.00159744408946 0.00319488817891 0.000798722044728 0.0 0.0 0.00319488817891 0.000798722044728 0.00638977635783 0.000798722044728 0.0 0.0 0.0 0.968849840256
2 0.00638977635783 0.0 0.00798722044728 0.0167731629393 0.0 0.00239616613419 0.00239616613419 0.00159744408946 0.0287539936102 0.00159744408946 0.0 0.00958466453674 0.00479233226837 0.00798722044728 0.00479233226837 0.00479233226837 0.0111821086262 0.00878594249201 0.0 0.0 0.880191693291
3 0.0231629392971 0.00319488817891 0.0119808306709 0.0271565495208 0.00878594249201 0.0143769968051 0.00399361022364 0.00798722044728 0.0247603833866 0.0271565495208 0.00319488817891 0.0111821086262 0.0271565495208 0.0119808306709 0.0231629392971 0.0375399361022 0.038338658147 0.0159744408946 0.00159744408946 0.00638977635783 0.670926517572
4 0.029552715655 0.000798722044728 0.0119808306709 0.0463258785942 0.0535143769968 0.0223642172524 0.00798722044728 0.0702875399361 0.0199680511182 0.0630990415335 0.0111821086262 0.00638977635783 0.0151757188498 0.0191693290735 0.0207667731629 0.0183706070288 0.0327476038339 0.0503194888179 0.0127795527157 0.0495207667732 0.437699680511
5 0.0375399361022 0.00239616613419 0.026357827476 0.0742811501597 0.00798722044728 0.0103833865815 0.017571884984 0.0207667731629 0.0630990415335 0.0327476038339 0.00319488817891 0.0247603833866 0.0575079872204 0.0351437699681 0.0463258785942 0.0535143769968 0.0870607028754 0.0239616613419 0.00399361022364 0.00718849840256 0.364217252396
6 0.197284345048 0.0399361022364 0.00958466453674 0.00638977635783 0.0159744408946 0.171725239617 0.00399361022364 0.0223642172524 0.00638977635783 0.0183706070288 0.00718849840256 0.00399361022364 0.0055910543131 0.00159744408946 0.00479233226837 0.0103833865815 0.0191693290735 0.111022364217 0.0055910543131 0.0319488817891 0.306709265176
7 0.0199680511182 0.0 0.017571884984 0.0535143769968 0.0135782747604 0.038338658147 0.0111821086262 0.0543130990415 0.11821086262 0.0319488817891 0.00319488817891 0.00798722044728 0.0135782747604 0.0351437699681 0.103833865815 0.0239616613419 0.126996805112 0.0615015974441 0.00239616613419 0.0199680511182 0.242811501597
8 0.0271565495208 0.0103833865815 0.0103833865815 0.00718849840256 0.0159744408946 0.0127795527157 0.00239616613419 0.102236421725 0.00638977635783 0.0630990415335 0.00798722044728 0.00798722044728 0.0215654952077 0.00958466453674 0.0135782747604 0.0127795527157 0.0127795527157 0.48482428115 0.00239616613419 0.00878594249201 0.159744408946
9 0.0846645367412 0.00239616613419 0.0343450479233 0.0958466453674 0.00718849840256 0.0135782747604 0.0103833865815 0.0766773162939 0.0503194888179 0.0694888178914 0.00399361022364 0.0215654952077 0.0159744408946 0.0143769968051 0.0247603833866 0.0319488817891 0.111821086262 0.174920127796 0.0055910543131 0.0151757188498 0.134984025559
10 0.0575079872204 0.0231629392971 0.0231629392971 0.0670926517572 0.0215654952077 0.0327476038339 0.0375399361022 0.00399361022364 0.115015974441 0.0103833865815 0.00239616613419 0.0215654952077 0.00159744408946 0.0511182108626 0.199680511182 0.109424920128 0.0215654952077 0.0103833865815 0.0127795527157 0.0583067092652 0.119009584665
11 0.0447284345048 0.0143769968051 0.00479233226837 0.00239616613419 0.0103833865815 0.00319488817891 0.00479233226837 0.163738019169 0.000798722044728 0.0103833865815 0.00638977635783 0.00239616613419 0.00319488817891 0.00159744408946 0.00239616613419 0.00479233226837 0.0135782747604 0.579073482428 0.0103833865815 0.00718849840256 0.109424920128
12 0.0367412140575 0.00239616613419 0.0151757188498 0.0135782747604 0.0239616613419 0.0255591054313 0.0351437699681 0.210862619808 0.017571884984 0.0974440894569 0.00479233226837 0.0135782747604 0.0199680511182 0.0103833865815 0.0319488817891 0.0447284345048 0.0479233226837 0.198881789137 0.00718849840256 0.0439297124601 0.0982428115016
13 0.0127795527157 0.0 0.69089456869 0.017571884984 0.000798722044728 0.0135782747604 0.00239616613419 0.0 0.0055910543131 0.00239616613419 0.0 0.0255591054313 0.0055910543131 0.00718849840256 0.0055910543131 0.0998402555911 0.0159744408946 0.0 0.0 0.000798722044728 0.0934504792332
14 0.064696485623 0.000798722044728 0.0127795527157 0.0055910543131 0.00239616613419 0.754792332268 0.00239616613419 0.00159744408946 0.00319488817891 0.0 0.0 0.00239616613419 0.0183706070288 0.00239616613419 0.00399361022364 0.0183706070288 0.00718849840256 0.00399361022364 0.000798722044728 0.00239616613419 0.0918530351438
15 0.0159744408946 0.0055910543131 0.678115015974 0.0167731629393 0.00159744408946 0.0407348242812 0.00798722044728 0.000798722044728 0.00239616613419 0.0055910543131 0.000798722044728 0.0415335463259 0.0 0.0135782747604 0.0135782747604 0.0487220447284 0.0103833865815 0.0055910543131 0.0 0.0 0.0902555910543
16 0.0167731629393 0.00479233226837 0.00638977635783 0.0111821086262 0.00159744408946 0.0119808306709 0.00399361022364 0.00958466453674 0.0103833865815 0.0127795527157 0.0055910543131 0.0143769968051 0.0 0.0119808306709 0.0495207667732 0.10303514377 0.617412140575 0.0167731629393 0.0 0.00239616613419 0.0894568690096
17 0.0287539936102 0.00638977635783 0.0 0.000798722044728 0.162939297125 0.00399361022364 0.0 0.242012779553 0.000798722044728 0.235623003195 0.0207667731629 0.0 0.0143769968051 0.000798722044728 0.0 0.00159744408946 0.00718849840256 0.159744408946 0.0055910543131 0.017571884984 0.091054313099
18 0.0231629392971 0.00319488817891 0.0638977635783 0.094249201278 0.00798722044728 0.00798722044728 0.0167731629393 0.0599041533546 0.107827476038 0.0431309904153 0.00638977635783 0.0119808306709 0.000798722044728 0.0231629392971 0.154952076677 0.0303514376997 0.0918530351438 0.111821086262 0.0247603833866 0.0247603833866 0.091054313099
19 0.0623003194888 0.0303514376997 0.00718849840256 0.00399361022364 0.0599041533546 0.00399361022364 0.00159744408946 0.157348242812 0.000798722044728 0.194888178914 0.0191693290735 0.00239616613419 0.00159744408946 0.00239616613419 0.00239616613419 0.00958466453674 0.0223642172524 0.29392971246 0.00319488817891 0.0135782747604 0.107028753994
20 0.0551118210863 0.00479233226837 0.0654952076677 0.0662939297125 0.0167731629393 0.0495207667732 0.0199680511182 0.0367412140575 0.0806709265176 0.0766773162939 0.0167731629393 0.038338658147 0.0055910543131 0.0287539936102 0.106230031949 0.0599041533546 0.0583067092652 0.0343450479233 0.00638977635783 0.0327476038339 0.140575079872
21 0.038338658147 0.0199680511182 0.0774760383387 0.0215654952077 0.0215654952077 0.047124600639 0.0167731629393 0.0838658146965 0.0239616613419 0.0902555910543 0.0143769968051 0.0375399361022 0.0223642172524 0.0103833865815 0.0279552715655 0.0479233226837 0.0495207667732 0.0670926517572 0.0055910543131 0.0223642172524 0.253993610224
22 0.0351437699681 0.00319488817891 0.101437699681 0.0367412140575 0.0055910543131 0.0670926517572 0.0111821086262 0.0119808306709 0.0431309904153 0.0255591054313 0.0 0.0702875399361 0.0758785942492 0.0247603833866 0.0167731629393 0.047124600639 0.0287539936102 0.0159744408946 0.00159744408946 0.00958466453674 0.36821086262
23 0.0183706070288 0.00399361022364 0.0535143769968 0.0375399361022 0.00239616613419 0.261980830671 0.00958466453674 0.00958466453674 0.0495207667732 0.0103833865815 0.000798722044728 0.0519169329073 0.0319488817891 0.0167731629393 0.0231629392971 0.0351437699681 0.0183706070288 0.0111821086262 0.00159744408946 0.00239616613419 0.349840255591
24 0.0343450479233 0.0111821086262 0.0479233226837 0.0742811501597 0.0103833865815 0.0479233226837 0.017571884984 0.0119808306709 0.0934504792332 0.0311501597444 0.00958466453674 0.0391373801917 0.0167731629393 0.0638977635783 0.0551118210863 0.0359424920128 0.0463258785942 0.0279552715655 0.000798722044728 0.00479233226837 0.319488817891
25 0.0247603833866 0.0 0.0247603833866 0.0854632587859 0.0119808306709 0.143769968051 0.0135782747604 0.0343450479233 0.0710862619808 0.038338658147 0.00718849840256 0.0287539936102 0.0303514376997 0.0431309904153 0.0615015974441 0.0527156549521 0.0726837060703 0.0375399361022 0.00479233226837 0.0119808306709 0.201277955272
26 0.0359424920128 0.00159744408946 0.0191693290735 0.106230031949 0.0327476038339 0.0223642172524 0.0183706070288 0.11661341853 0.0527156549521 0.0662939297125 0.0143769968051 0.0055910543131 0.00399361022364 0.0702875399361 0.0862619808307 0.0167731629393 0.0750798722045 0.113418530351 0.0055910543131 0.0399361022364 0.0966453674121
27 0.0215654952077 0.000798722044728 0.0127795527157 0.0327476038339 0.00958466453674 0.00638977635783 0.0239616613419 0.0231629392971 0.183706070288 0.0255591054313 0.00718849840256 0.0303514376997 0.0343450479233 0.0247603833866 0.218051118211 0.0686900958466 0.150159744409 0.0391373801917 0.00159744408946 0.00958466453674 0.0758785942492
28 0.0279552715655 0.00479233226837 0.0 0.00239616613419 0.0511182108626 0.00638977635783 0.00239616613419 0.257188498403 0.0 0.111022364217 0.0159744408946 0.000798722044728 0.0 0.0 0.000798722044728 0.00638977635783 0.00479233226837 0.428913738019 0.00239616613419 0.0239616613419 0.0527156549521
29 0.0151757188498 0.0055910543131 0.00718849840256 0.00958466453674 0.0055910543131 0.0111821086262 0.0215654952077 0.0103833865815 0.0207667731629 0.0199680511182 0.00479233226837 0.00958466453674 0.00239616613419 0.0303514376997 0.696485623003 0.0271565495208 0.0159744408946 0.0271565495208 0.00159744408946 0.00798722044728 0.0495207667732
30 0.00958466453674 0.00319488817891 0.000798722044728 0.000798722044728 0.0814696485623 0.000798722044728 0.00239616613419 0.0886581469649 0.00239616613419 0.640575079872 0.0303514376997 0.00319488817891 0.00718849840256 0.0 0.0 0.00239616613419 0.00159744408946 0.0511182108626 0.0 0.0279552715655 0.0455271565495
31 0.238817891374 0.0111821086262 0.0159744408946 0.0239616613419 0.0423322683706 0.0127795527157 0.0191693290735 0.0974440894569 0.0103833865815 0.168530351438 0.0103833865815 0.0207667731629 0.00399361022364 0.0199680511182 0.0303514376997 0.0702875399361 0.0183706070288 0.0527156549521 0.0127795527157 0.0758785942492 0.0439297124601
32 0.0343450479233 0.0351437699681 0.0599041533546 0.0183706070288 0.0151757188498 0.607827476038 0.0159744408946 0.00159744408946 0.00319488817891 0.0343450479233 0.00878594249201 0.0463258785942 0.000798722044728 0.00319488817891 0.00638977635783 0.0367412140575 0.00319488817891 0.00239616613419 0.00399361022364 0.0183706070288 0.0439297124601
33 0.017571884984 0.00878594249201 0.000798722044728 0.0 0.0183706070288 0.000798722044728 0.000798722044728 0.523961661342 0.0 0.0790734824281 0.0183706070288 0.0 0.00239616613419 0.0 0.0 0.00319488817891 0.0111821086262 0.257987220447 0.0 0.0135782747604 0.0431309904153
34 0.0343450479233 0.000798722044728 0.565495207668 0.0495207667732 0.00159744408946 0.00479233226837 0.0055910543131 0.00958466453674 0.0343450479233 0.0103833865815 0.00159744408946 0.0806709265176 0.00159744408946 0.0399361022364 0.0519169329073 0.0207667731629 0.0167731629393 0.0167731629393 0.00399361022364 0.0055910543131 0.0439297124601
35 0.421725239617 0.064696485623 0.00239616613419 0.00479233226837 0.00638977635783 0.0055910543131 0.000798722044728 0.017571884984 0.00399361022364 0.0215654952077 0.00399361022364 0.00319488817891 0.0191693290735 0.00399361022364 0.00399361022364 0.0527156549521 0.27875399361 0.0351437699681 0.00319488817891 0.00319488817891 0.0431309904153
36 0.0287539936102 0.0111821086262 0.00958466453674 0.00638977635783 0.00798722044728 0.00239616613419 0.00239616613419 0.00718849840256 0.00718849840256 0.0215654952077 0.00718849840256 0.00638977635783 0.776357827476 0.00399361022364 0.0103833865815 0.0143769968051 0.0159744408946 0.0135782747604 0.00159744408946 0.000798722044728 0.0447284345048
37 0.038338658147 0.0 0.0479233226837 0.624600638978 0.00159744408946 0.0215654952077 0.00399361022364 0.0055910543131 0.0279552715655 0.0127795527157 0.00319488817891 0.0143769968051 0.0327476038339 0.0279552715655 0.0439297124601 0.029552715655 0.0127795527157 0.00479233226837 0.0 0.00159744408946 0.0447284345048
38 0.038338658147 0.00479233226837 0.0127795527157 0.0215654952077 0.0151757188498 0.0271565495208 0.00239616613419 0.0878594249201 0.0694888178914 0.148562300319 0.0487220447284 0.0135782747604 0.0511182108626 0.0119808306709 0.0630990415335 0.0830670926518 0.125399361022 0.0662939297125 0.0055910543131 0.0159744408946 0.0870607028754
39 0.0662939297125 0.0055910543131 0.0758785942492 0.0423322683706 0.0151757188498 0.150159744409 0.0343450479233 0.0055910543131 0.0862619808307 0.0127795527157 0.00239616613419 0.0463258785942 0.0375399361022 0.0167731629393 0.0686900958466 0.0678913738019 0.0439297124601 0.0439297124601 0.00399361022364 0.026357827476 0.147763578275
40 0.0319488817891 0.0 0.038338658147 0.0351437699681 0.0159744408946 0.0527156549521 0.064696485623 0.00479233226837 0.0718849840256 0.0151757188498 0.00718849840256 0.0215654952077 0.0215654952077 0.105431309904 0.0710862619808 0.0423322683706 0.038338658147 0.0167731629393 0.00479233226837 0.0247603833866 0.315495207668
41 0.0487220447284 0.00638977635783 0.0399361022364 0.038338658147 0.017571884984 0.0567092651757 0.00878594249201 0.00718849840256 0.047124600639 0.0143769968051 0.00638977635783 0.0311501597444 0.107827476038 0.0191693290735 0.0567092651757 0.0543130990415 0.0567092651757 0.0215654952077 0.00159744408946 0.0111821086262 0.348242811502
42 0.0455271565495 0.0718849840256 0.0583067092652 0.0247603833866 0.00399361022364 0.0814696485623 0.00319488817891 0.00798722044728 0.0519169329073 0.0119808306709 0.00319488817891 0.0503194888179 0.0159744408946 0.0255591054313 0.0535143769968 0.0399361022364 0.0279552715655 0.0127795527157 0.00239616613419 0.00638977635783 0.400958466454
43 0.0311501597444 0.0503194888179 0.0247603833866 0.0343450479233 0.0055910543131 0.0846645367412 0.0127795527157 0.0119808306709 0.0726837060703 0.0207667731629 0.0119808306709 0.0287539936102 0.0255591054313 0.026357827476 0.0447284345048 0.0311501597444 0.0327476038339 0.0143769968051 0.00239616613419 0.00958466453674 0.423322683706
44 0.0391373801917 0.0191693290735 0.0439297124601 0.0511182108626 0.00798722044728 0.0463258785942 0.00479233226837 0.0119808306709 0.0543130990415 0.0239616613419 0.00479233226837 0.0215654952077 0.113418530351 0.0311501597444 0.038338658147 0.0303514376997 0.0271565495208 0.0247603833866 0.000798722044728 0.00798722044728 0.39696485623
45 0.0902555910543 0.00399361022364 0.0607028753994 0.0846645367412 0.00399361022364 0.0702875399361 0.0103833865815 0.026357827476 0.0319488817891 0.0303514376997 0.00638977635783 0.0231629392971 0.0423322683706 0.0415335463259 0.0255591054313 0.0487220447284 0.0255591054313 0.0575079872204 0.00319488817891 0.00638977635783 0.306709265176
46 0.0335463258786 0.00239616613419 0.0415335463259 0.230830670927 0.0143769968051 0.029552715655 0.00878594249201 0.0151757188498 0.0335463258786 0.0231629392971 0.00878594249201 0.0111821086262 0.0143769968051 0.208466453674 0.038338658147 0.0239616613419 0.0247603833866 0.0143769968051 0.0575079872204 0.0351437699681 0.130191693291
47 0.0838658146965 0.0870607028754 0.0431309904153 0.073482428115 0.017571884984 0.0127795527157 0.0119808306709 0.0119808306709 0.0367412140575 0.0183706070288 0.000798722044728 0.0231629392971 0.29552715655 0.0391373801917 0.0463258785942 0.0223642172524 0.0239616613419 0.0151757188498 0.00239616613419 0.0223642172524 0.111821086262
48 0.0303514376997 0.107028753994 0.0103833865815 0.0151757188498 0.166932907348 0.0774760383387 0.026357827476 0.0183706070288 0.0143769968051 0.104632587859 0.017571884984 0.00638977635783 0.00319488817891 0.0167731629393 0.0215654952077 0.00878594249201 0.00798722044728 0.0143769968051 0.0750798722045 0.163738019169 0.0934504792332
49 0.257987220447 0.0 0.00479233226837 0.0111821086262 0.0159744408946 0.490415335463 0.00319488817891 0.00399361022364 0.00239616613419 0.00399361022364 0.00159744408946 0.00638977635783 0.00638977635783 0.0103833865815 0.00958466453674 0.0583067092652 0.0111821086262 0.00479233226837 0.00399361022364 0.0271565495208 0.0662939297125
50 0.0758785942492 0.0 0.0742811501597 0.120607028754 0.0279552715655 0.0159744408946 0.0151757188498 0.0367412140575 0.110223642173 0.0599041533546 0.0183706070288 0.0343450479233 0.0511182108626 0.0846645367412 0.0926517571885 0.0287539936102 0.0231629392971 0.038338658147 0.0167731629393 0.0183706070288 0.0567092651757
51 0.147763578275 0.00159744408946 0.047124600639 0.304313099042 0.00399361022364 0.00638977635783 0.00878594249201 0.0207667731629 0.0990415335463 0.0391373801917 0.0151757188498 0.0207667731629 0.00958466453674 0.101437699681 0.0662939297125 0.0191693290735 0.0207667731629 0.0215654952077 0.00638977635783 0.0055910543131 0.0343450479233
52 0.708466453674 0.00638977635783 0.00479233226837 0.00319488817891 0.00239616613419 0.0223642172524 0.000798722044728 0.00798722044728 0.00159744408946 0.00718849840256 0.00239616613419 0.00479233226837 0.00159744408946 0.00239616613419 0.00159744408946 0.158146964856 0.0127795527157 0.0151757188498 0.00239616613419 0.00159744408946 0.0319488817891
53 0.0758785942492 0.00159744408946 0.0055910543131 0.0135782747604 0.0143769968051 0.0135782747604 0.0143769968051 0.0135782747604 0.256389776358 0.0495207667732 0.0103833865815 0.00798722044728 0.00239616613419 0.0327476038339 0.214856230032 0.0830670926518 0.132587859425 0.00958466453674 0.00798722044728 0.0135782747604 0.026357827476
54 0.134984025559 0.000798722044728 0.129392971246 0.164536741214 0.017571884984 0.017571884984 0.0215654952077 0.0119808306709 0.0782747603834 0.0351437699681 0.00798722044728 0.0583067092652 0.0 0.101437699681 0.0662939297125 0.0407348242812 0.0535143769968 0.0159744408946 0.00479233226837 0.0119808306709 0.0271565495208
55 0.153354632588 0.00479233226837 0.00319488817891 0.0287539936102 0.254792332268 0.0103833865815 0.0391373801917 0.0103833865815 0.0247603833866 0.0527156549521 0.0143769968051 0.0119808306709 0.000798722044728 0.0207667731629 0.0926517571885 0.0159744408946 0.0255591054313 0.0223642172524 0.0654952076677 0.128594249201 0.0191693290735
56 0.0918530351438 0.000798722044728 0.0 0.00319488817891 0.0183706070288 0.00319488817891 0.000798722044728 0.0207667731629 0.0 0.551916932907 0.0351437699681 0.0247603833866 0.000798722044728 0.00319488817891 0.000798722044728 0.0127795527157 0.111022364217 0.100638977636 0.000798722044728 0.000798722044728 0.0183706070288
57 0.0846645367412 0.00958466453674 0.0215654952077 0.147763578275 0.00479233226837 0.0183706070288 0.0143769968051 0.0327476038339 0.156549520767 0.0319488817891 0.00958466453674 0.026357827476 0.0 0.0726837060703 0.190095846645 0.0718849840256 0.0599041533546 0.0247603833866 0.00159744408946 0.0055910543131 0.0151757188498
58 0.0902555910543 0.00239616613419 0.107827476038 0.124600638978 0.00399361022364 0.0407348242812 0.00878594249201 0.00878594249201 0.144568690096 0.0207667731629 0.0055910543131 0.0710862619808 0.00239616613419 0.0790734824281 0.0894568690096 0.125399361022 0.0375399361022 0.0103833865815 0.00399361022364 0.00479233226837 0.017571884984
59 0.029552715655 0.00479233226837 0.00319488817891 0.0167731629393 0.0575079872204 0.00319488817891 0.0215654952077 0.0591054313099 0.0702875399361 0.361821086262 0.0567092651757 0.0271565495208 0.000798722044728 0.0327476038339 0.0782747603834 0.00878594249201 0.0287539936102 0.0191693290735 0.0271565495208 0.029552715655 0.0630990415335
60 0.0511182108626 0.0327476038339 0.00239616613419 0.00319488817891 0.0215654952077 0.000798722044728 0.00159744408946 0.146166134185 0.00399361022364 0.403354632588 0.0231629392971 0.00399361022364 0.00239616613419 0.00479233226837 0.00718849840256 0.0055910543131 0.0351437699681 0.17731629393 0.00798722044728 0.00638977635783 0.0591054313099
61 0.0367412140575 0.00798722044728 0.0151757188498 0.0247603833866 0.0055910543131 0.0183706070288 0.00399361022364 0.017571884984 0.0375399361022 0.0630990415335 0.00958466453674 0.0119808306709 0.0758785942492 0.0135782747604 0.0207667731629 0.0271565495208 0.0223642172524 0.0335463258786 0.00239616613419 0.00479233226837 0.547124600639
62 0.0798722044728 0.000798722044728 0.0399361022364 0.0782747603834 0.0199680511182 0.064696485623 0.0199680511182 0.0447284345048 0.0638977635783 0.128594249201 0.0183706070288 0.0766773162939 0.0343450479233 0.047124600639 0.0750798722045 0.0375399361022 0.0215654952077 0.0479233226837 0.00399361022364 0.0135782747604 0.0830670926518
63 0.0750798722045 0.00319488817891 0.0623003194888 0.0199680511182 0.00399361022364 0.398562300319 0.0207667731629 0.00399361022364 0.0447284345048 0.0191693290735 0.00239616613419 0.091054313099 0.00718849840256 0.0678913738019 0.0551118210863 0.0431309904153 0.0223642172524 0.00638977635783 0.00239616613419 0.00479233226837 0.0455271565495
64 0.038338658147 0.00239616613419 0.0287539936102 0.0519169329073 0.00479233226837 0.0862619808307 0.0255591054313 0.00239616613419 0.255591054313 0.00718849840256 0.00319488817891 0.0303514376997 0.0143769968051 0.082268370607 0.185303514377 0.055910543131 0.0487220447284 0.00798722044728 0.00159744408946 0.00638977635783 0.0607028753994
65 0.0439297124601 0.00159744408946 0.0854632587859 0.107028753994 0.0111821086262 0.0191693290735 0.0191693290735 0.0223642172524 0.109424920128 0.017571884984 0.00718849840256 0.0511182108626 0.0726837060703 0.0630990415335 0.0918530351438 0.0710862619808 0.119808306709 0.038338658147 0.00718849840256 0.0135782747604 0.0271565495208
66 0.0431309904153 0.00958466453674 0.0055910543131 0.00399361022364 0.0303514376997 0.00479233226837 0.000798722044728 0.190095846645 0.00638977635783 0.0998402555911 0.00718849840256 0.00159744408946 0.00878594249201 0.00479233226837 0.00638977635783 0.00958466453674 0.00878594249201 0.531150159744 0.00638977635783 0.00319488817891 0.017571884984
67 0.029552715655 0.00319488817891 0.0415335463259 0.113418530351 0.0343450479233 0.0191693290735 0.0207667731629 0.0399361022364 0.0758785942492 0.0415335463259 0.0119808306709 0.0199680511182 0.00399361022364 0.0495207667732 0.121405750799 0.0615015974441 0.145367412141 0.0607028753994 0.029552715655 0.0607028753994 0.0159744408946
68 0.0279552715655 0.13338658147 0.000798722044728 0.00239616613419 0.0567092651757 0.00798722044728 0.0 0.180511182109 0.00319488817891 0.301916932907 0.0191693290735 0.00159744408946 0.000798722044728 0.00319488817891 0.00319488817891 0.00399361022364 0.0103833865815 0.20607028754 0.00319488817891 0.0119808306709 0.0215654952077
69 0.0319488817891 0.00319488817891 0.0591054313099 0.217252396166 0.0191693290735 0.00878594249201 0.017571884984 0.0399361022364 0.0790734824281 0.0375399361022 0.00718849840256 0.0223642172524 0.0055910543131 0.064696485623 0.10303514377 0.055910543131 0.0814696485623 0.0950479233227 0.00878594249201 0.0199680511182 0.0223642172524
70 0.0543130990415 0.0183706070288 0.0231629392971 0.0319488817891 0.0958466453674 0.0199680511182 0.00638977635783 0.0846645367412 0.0223642172524 0.0974440894569 0.00878594249201 0.00958466453674 0.0678913738019 0.0255591054313 0.0327476038339 0.0519169329073 0.055910543131 0.113418530351 0.00638977635783 0.0623003194888 0.111022364217
71 0.038338658147 0.00159744408946 0.234025559105 0.0982428115016 0.0127795527157 0.0391373801917 0.0191693290735 0.0511182108626 0.0247603833866 0.0599041533546 0.00878594249201 0.0215654952077 0.0239616613419 0.0199680511182 0.0319488817891 0.0359424920128 0.0391373801917 0.0678913738019 0.00718849840256 0.017571884984 0.14696485623
72 0.0111821086262 0.000798722044728 0.0255591054313 0.0239616613419 0.00319488817891 0.0271565495208 0.00638977635783 0.00958466453674 0.0343450479233 0.0055910543131 0.00159744408946 0.0111821086262 0.0447284345048 0.0127795527157 0.0223642172524 0.0159744408946 0.0151757188498 0.0119808306709 0.00239616613419 0.0143769968051 0.699680511182
73 0.0447284345048 0.00159744408946 0.0359424920128 0.0367412140575 0.00239616613419 0.0702875399361 0.00319488817891 0.0191693290735 0.0271565495208 0.0247603833866 0.00239616613419 0.0303514376997 0.0311501597444 0.0327476038339 0.0327476038339 0.0311501597444 0.038338658147 0.0407348242812 0.00638977635783 0.0111821086262 0.476837060703
74 0.047124600639 0.0 0.0575079872204 0.0630990415335 0.00479233226837 0.0583067092652 0.00878594249201 0.0199680511182 0.0359424920128 0.0135782747604 0.00638977635783 0.0239616613419 0.0367412140575 0.0495207667732 0.0271565495208 0.0351437699681 0.0399361022364 0.0231629392971 0.000798722044728 0.0223642172524 0.42571884984
75 0.0599041533546 0.00319488817891 0.103833865815 0.0798722044728 0.00638977635783 0.169329073482 0.0191693290735 0.0159744408946 0.0806709265176 0.0279552715655 0.00878594249201 0.0375399361022 0.0311501597444 0.0375399361022 0.0742811501597 0.0662939297125 0.0479233226837 0.0287539936102 0.000798722044728 0.0143769968051 0.0862619808307
76 0.0439297124601 0.00479233226837 0.0247603833866 0.0447284345048 0.0343450479233 0.026357827476 0.0135782747604 0.0479233226837 0.120607028754 0.0375399361022 0.0127795527157 0.0151757188498 0.0415335463259 0.0463258785942 0.164536741214 0.0359424920128 0.129392971246 0.0766773162939 0.00399361022364 0.0247603833866 0.0503194888179
77 0.026357827476 0.00319488817891 0.658146964856 0.0303514376997 0.0055910543131 0.064696485623 0.00239616613419 0.00718849840256 0.0279552715655 0.0103833865815 0.00319488817891 0.026357827476 0.0183706070288 0.0111821086262 0.0167731629393 0.0207667731629 0.0271565495208 0.0103833865815 0.000798722044728 0.00399361022364 0.0247603833866
78 0.0447284345048 0.000798722044728 0.038338658147 0.0311501597444 0.00718849840256 0.0407348242812 0.0271565495208 0.0159744408946 0.198881789137 0.0135782747604 0.00638977635783 0.0375399361022 0.0359424920128 0.0623003194888 0.247603833866 0.0702875399361 0.0351437699681 0.0247603833866 0.00718849840256 0.0231629392971 0.0311501597444
79 0.0231629392971 0.00159744408946 0.0399361022364 0.0255591054313 0.0798722044728 0.0303514376997 0.0279552715655 0.0055910543131 0.0191693290735 0.0103833865815 0.00399361022364 0.047124600639 0.0103833865815 0.0247603833866 0.0223642172524 0.0391373801917 0.0207667731629 0.0119808306709 0.0247603833866 0.491214057508 0.0399361022364
80 0.0151757188498 0.00319488817891 0.0966453674121 0.0207667731629 0.0127795527157 0.592651757188 0.0119808306709 0.00159744408946 0.0343450479233 0.00319488817891 0.000798722044728 0.0686900958466 0.0119808306709 0.0255591054313 0.029552715655 0.026357827476 0.00878594249201 0.00399361022364 0.000798722044728 0.00239616613419 0.0287539936102
81 0.0231629392971 0.00479233226837 0.0127795527157 0.0215654952077 0.00399361022364 0.0127795527157 0.0143769968051 0.0151757188498 0.0151757188498 0.0135782747604 0.0103833865815 0.0391373801917 0.0119808306709 0.0159744408946 0.686102236422 0.0143769968051 0.0199680511182 0.0223642172524 0.0055910543131 0.00798722044728 0.0287539936102
82 0.0551118210863 0.0135782747604 0.0103833865815 0.0311501597444 0.0535143769968 0.00798722044728 0.0167731629393 0.109424920128 0.0255591054313 0.235623003195 0.0199680511182 0.0143769968051 0.0407348242812 0.0247603833866 0.0239616613419 0.0327476038339 0.0990415335463 0.0950479233227 0.0239616613419 0.0463258785942 0.0199680511182
83 0.0151757188498 0.00718849840256 0.00319488817891 0.0127795527157 0.0279552715655 0.00159744408946 0.0103833865815 0.111022364217 0.00319488817891 0.429712460064 0.017571884984 0.00239616613419 0.0279552715655 0.00798722044728 0.0135782747604 0.0159744408946 0.0207667731629 0.2196485623 0.0055910543131 0.0255591054313 0.0207667731629
84 0.456869009585 0.047124600639 0.0 0.00239616613419 0.00399361022364 0.246805111821 0.00319488817891 0.00479233226837 0.000798722044728 0.0135782747604 0.00399361022364 0.000798722044728 0.00159744408946 0.00399361022364 0.0543130990415 0.0271565495208 0.0111821086262 0.0870607028754 0.0 0.00479233226837 0.0255591054313
85 0.0311501597444 0.0055910543131 0.0567092651757 0.0662939297125 0.0327476038339 0.00638977635783 0.0615015974441 0.0527156549521 0.0343450479233 0.0503194888179 0.0103833865815 0.0255591054313 0.00638977635783 0.0367412140575 0.073482428115 0.0551118210863 0.091054313099 0.0678913738019 0.0303514376997 0.191693290735 0.0135782747604
86 0.0335463258786 0.13178913738 0.000798722044728 0.00239616613419 0.0119808306709 0.00479233226837 0.0 0.166932907348 0.000798722044728 0.145367412141 0.017571884984 0.00159744408946 0.0055910543131 0.00159744408946 0.00159744408946 0.00239616613419 0.0055910543131 0.449680511182 0.00239616613419 0.00159744408946 0.0119808306709
87 0.0279552715655 0.00399361022364 0.0159744408946 0.0367412140575 0.155750798722 0.00718849840256 0.0215654952077 0.0463258785942 0.0303514376997 0.0607028753994 0.0167731629393 0.0111821086262 0.00479233226837 0.0183706070288 0.0591054313099 0.0479233226837 0.055910543131 0.0511182108626 0.105431309904 0.209265175719 0.0135782747604
88 0.0878594249201 0.0239616613419 0.017571884984 0.0119808306709 0.0303514376997 0.00718849840256 0.0343450479233 0.0846645367412 0.0247603833866 0.194888178914 0.017571884984 0.0231629392971 0.0199680511182 0.0127795527157 0.0607028753994 0.0423322683706 0.0575079872204 0.178913738019 0.00159744408946 0.0487220447284 0.0191693290735
89 0.0455271565495 0.000798722044728 0.265974440895 0.0710862619808 0.00319488817891 0.181309904153 0.00958466453674 0.00638977635783 0.0407348242812 0.0151757188498 0.00159744408946 0.106230031949 0.0535143769968 0.0255591054313 0.038338658147 0.0535143769968 0.0199680511182 0.0119808306709 0.00239616613419 0.00638977635783 0.0407348242812
90 0.0279552715655 0.00479233226837 0.108626198083 0.0615015974441 0.00479233226837 0.413738019169 0.00958466453674 0.00159744408946 0.0670926517572 0.00399361022364 0.00159744408946 0.0694888178914 0.0159744408946 0.0183706070288 0.047124600639 0.038338658147 0.0231629392971 0.00958466453674 0.00479233226837 0.00798722044728 0.0599041533546
91 0.0367811501597 0.000838658146965 0.0327875399361 0.0751198083067 0.00403354632588 0.0607428115016 0.0144169329073 0.0615415335463 0.0998801916933 0.0727236421725 0.0152156549521 0.0248003194888 0.0120207667732 0.0687300319489 0.127036741214 0.0200079872204 0.105471246006 0.0958865814696 0.00403354632588 0.0152156549521 0.0527156549521
92 0.00479233226837 0.0271565495208 0.300319488818 0.0303514376997 0.0431309904153 0.0055910543131 0.0103833865815 0.00798722044728 0.00319488817891 0.0982428115016 0.0367412140575 0.183706070288 0.0215654952077 0.00638977635783 0.0111821086262 0.115814696486 0.0279552715655 0.0135782747604 0.0183706070288 0.0135782747604 0.0199680511182
93 0.038338658147 0.00319488817891 0.00798722044728 0.000798722044728 0.0487220447284 0.0 0.000798722044728 0.208466453674 0.000798722044728 0.313897763578 0.0103833865815 0.000798722044728 0.00399361022364 0.00159744408946 0.0 0.00319488817891 0.0055910543131 0.285942492013 0.00718849840256 0.0439297124601 0.0143769968051
94 0.153354632588 0.00638977635783 0.00958466453674 0.0151757188498 0.0 0.168530351438 0.00239616613419 0.00239616613419 0.00159744408946 0.00159744408946 0.000798722044728 0.395367412141 0.00319488817891 0.0878594249201 0.00399361022364 0.113418530351 0.0135782747604 0.00239616613419 0.0 0.000798722044728 0.017571884984
95 0.147763578275 0.0119808306709 0.0447284345048 0.210063897764 0.0119808306709 0.0247603833866 0.0159744408946 0.0247603833866 0.0511182108626 0.137380191693 0.00878594249201 0.0143769968051 0.00319488817891 0.0607028753994 0.0662939297125 0.0431309904153 0.0335463258786 0.0463258785942 0.000798722044728 0.0231629392971 0.0191693290735
96 0.120607028754 0.000798722044728 0.0359424920128 0.233226837061 0.017571884984 0.0135782747604 0.0271565495208 0.0407348242812 0.0543130990415 0.0934504792332 0.026357827476 0.0055910543131 0.00319488817891 0.0766773162939 0.047124600639 0.026357827476 0.0479233226837 0.038338658147 0.0455271565495 0.026357827476 0.0191693290735
97 0.0231629392971 0.000798722044728 0.000798722044728 0.00399361022364 0.00159744408946 0.00239616613419 0.0 0.0527156549521 0.000798722044728 0.547124600639 0.252396166134 0.0 0.000798722044728 0.0423322683706 0.000798722044728 0.00638977635783 0.00399361022364 0.038338658147 0.0 0.000798722044728 0.0207667731629
98 0.0407348242812 0.00638977635783 0.0 0.0 0.000798722044728 0.0 0.0 0.188498402556 0.00399361022364 0.301916932907 0.0135782747604 0.000798722044728 0.0 0.00319488817891 0.00479233226837 0.00479233226837 0.00958466453674 0.399361022364 0.0 0.000798722044728 0.0207667731629
99 0.11821086262 0.00159744408946 0.0255591054313 0.194888178914 0.00159744408946 0.0199680511182 0.00319488817891 0.0055910543131 0.156549520767 0.0239616613419 0.00718849840256 0.0151757188498 0.0 0.0607028753994 0.218849840256 0.0870607028754 0.0183706070288 0.0127795527157 0.00239616613419 0.00399361022364 0.0223642172524
100 0.146166134185 0.00239616613419 0.047124600639 0.19249201278 0.00479233226837 0.0287539936102 0.0159744408946 0.00479233226837 0.0750798722045 0.047124600639 0.00958466453674 0.103833865815 0.0 0.0870607028754 0.0758785942492 0.0934504792332 0.026357827476 0.00878594249201 0.00159744408946 0.0055910543131 0.0231629392971
101 0.00479233226837 0.000798722044728 0.00878594249201 0.00638977635783 0.0 0.919329073482 0.0 0.0 0.0103833865815 0.0 0.0 0.00718849840256 0.00239616613419 0.00159744408946 0.00638977635783 0.0055910543131 0.000798722044728 0.000798722044728 0.000798722044728 0.0 0.0239616613419
102 0.0375399361022 0.00479233226837 0.00319488817891 0.00638977635783 0.0798722044728 0.00479233226837 0.0511182108626 0.0127795527157 0.00718849840256 0.372204472843 0.0519169329073 0.0119808306709 0.0 0.0183706070288 0.0055910543131 0.00878594249201 0.00319488817891 0.0159744408946 0.0918530351438 0.184504792332 0.0279552715655
103 0.749201277955 0.00878594249201 0.000798722044728 0.000798722044728 0.00159744408946 0.0830670926518 0.00159744408946 0.00239616613419 0.00159744408946 0.00798722044728 0.00399361022364 0.0 0.000798722044728 0.0 0.00159744408946 0.026357827476 0.0143769968051 0.0623003194888 0.0 0.00319488817891 0.029552715655
104 0.026357827476 0.00958466453674 0.0119808306709 0.0551118210863 0.0343450479233 0.00638977635783 0.0143769968051 0.0391373801917 0.0830670926518 0.0543130990415 0.0167731629393 0.0119808306709 0.00638977635783 0.0335463258786 0.178115015974 0.0199680511182 0.0503194888179 0.0926517571885 0.0758785942492 0.0367412140575 0.142971246006
105 0.111022364217 0.0135782747604 0.0119808306709 0.017571884984 0.029552715655 0.00239616613419 0.0103833865815 0.0479233226837 0.00718849840256 0.0599041533546 0.00958466453674 0.00638977635783 0.0742811501597 0.00399361022364 0.0183706070288 0.0103833865815 0.0327476038339 0.218849840256 0.0207667731629 0.0391373801917 0.253993610224
106 0.0990415335463 0.00798722044728 0.0495207667732 0.0199680511182 0.0311501597444 0.0183706070288 0.0367412140575 0.0127795527157 0.0271565495208 0.0367412140575 0.0111821086262 0.038338658147 0.00958466453674 0.0151757188498 0.0391373801917 0.0311501597444 0.0287539936102 0.0455271565495 0.00718849840256 0.106230031949 0.328274760383
107 0.0375399361022 0.00319488817891 0.026357827476 0.0279552715655 0.0455271565495 0.0215654952077 0.00878594249201 0.017571884984 0.0167731629393 0.0167731629393 0.00479233226837 0.0143769968051 0.0487220447284 0.0183706070288 0.0511182108626 0.0247603833866 0.029552715655 0.0159744408946 0.0415335463259 0.129392971246 0.399361022364
108 0.0519169329073 0.0 0.0670926517572 0.0311501597444 0.0215654952077 0.0287539936102 0.0279552715655 0.0607028753994 0.0439297124601 0.0239616613419 0.00718849840256 0.0167731629393 0.0511182108626 0.0231629392971 0.0551118210863 0.0399361022364 0.0423322683706 0.0814696485623 0.00958466453674 0.0255591054313 0.290734824281
109 0.0399361022364 0.00159744408946 0.0391373801917 0.0343450479233 0.0423322683706 0.0327476038339 0.0215654952077 0.0207667731629 0.0247603833866 0.0191693290735 0.0055910543131 0.0159744408946 0.017571884984 0.0199680511182 0.0279552715655 0.0543130990415 0.017571884984 0.0215654952077 0.0343450479233 0.212460063898 0.296325878594
110 0.0479233226837 0.00878594249201 0.0519169329073 0.0463258785942 0.017571884984 0.0607028753994 0.0119808306709 0.0191693290735 0.0359424920128 0.0279552715655 0.00479233226837 0.0287539936102 0.102236421725 0.0279552715655 0.0487220447284 0.0750798722045 0.047124600639 0.0215654952077 0.000798722044728 0.0215654952077 0.293130990415
111 0.0431309904153 0.00958466453674 0.0551118210863 0.0335463258786 0.0151757188498 0.0567092651757 0.0143769968051 0.00958466453674 0.0535143769968 0.038338658147 0.00638977635783 0.0319488817891 0.127795527157 0.0391373801917 0.0391373801917 0.0527156549521 0.0303514376997 0.0167731629393 0.000798722044728 0.0207667731629 0.305111821086
112 0.0359424920128 0.00319488817891 0.0766773162939 0.0463258785942 0.0167731629393 0.0495207667732 0.0191693290735 0.00638977635783 0.0519169329073 0.0143769968051 0.00319488817891 0.13178913738 0.0431309904153 0.0207667731629 0.0431309904153 0.0495207667732 0.0135782747604 0.00958466453674 0.00319488817891 0.0351437699681 0.326677316294
113 0.0407348242812 0.0127795527157 0.0503194888179 0.0303514376997 0.0335463258786 0.0239616613419 0.0159744408946 0.0159744408946 0.029552715655 0.0583067092652 0.0119808306709 0.0279552715655 0.0343450479233 0.0231629392971 0.0199680511182 0.0615015974441 0.0630990415335 0.0351437699681 0.00239616613419 0.0423322683706 0.36661341853
114 0.0630990415335 0.00479233226837 0.0535143769968 0.0487220447284 0.00638977635783 0.0319488817891 0.0111821086262 0.00638977635783 0.106230031949 0.029552715655 0.00638977635783 0.0223642172524 0.0638977635783 0.026357827476 0.0591054313099 0.0758785942492 0.0423322683706 0.017571884984 0.00239616613419 0.0055910543131 0.316293929712
115 0.0247603833866 0.0311501597444 0.0367412140575 0.026357827476 0.0535143769968 0.0239616613419 0.0279552715655 0.0199680511182 0.0319488817891 0.0519169329073 0.0111821086262 0.0167731629393 0.0167731629393 0.0199680511182 0.0535143769968 0.0271565495208 0.017571884984 0.0199680511182 0.00798722044728 0.205271565495 0.275559105431
116 0.0902555910543 0.0199680511182 0.0415335463259 0.0359424920128 0.0247603833866 0.0311501597444 0.0223642172524 0.0255591054313 0.0391373801917 0.0758785942492 0.0151757188498 0.0159744408946 0.0119808306709 0.038338658147 0.0774760383387 0.0591054313099 0.0319488817891 0.0311501597444 0.0103833865815 0.047124600639 0.254792332268
117 0.0854632587859 0.00319488817891 0.109424920128 0.0958466453674 0.00399361022364 0.0583067092652 0.0135782747604 0.00718849840256 0.0678913738019 0.0207667731629 0.0055910543131 0.038338658147 0.0511182108626 0.047124600639 0.0399361022364 0.0591054313099 0.0351437699681 0.0135782747604 0.00319488817891 0.00798722044728 0.233226837061
118 0.108626198083 0.0135782747604 0.0551118210863 0.11661341853 0.00638977635783 0.0239616613419 0.0159744408946 0.0215654952077 0.0662939297125 0.0463258785942 0.00958466453674 0.0151757188498 0.0287539936102 0.0630990415335 0.094249201278 0.0391373801917 0.029552715655 0.0231629392971 0.00479233226837 0.0223642172524 0.195686900958
119 0.00239616613419 0.00159744408946 0.0 0.000798722044728 0.115814696486 0.0 0.00479233226837 0.0359424920128 0.000798722044728 0.320287539936 0.0303514376997 0.0 0.0 0.00159744408946 0.00319488817891 0.000798722044728 0.00239616613419 0.0183706070288 0.0183706070288 0.249201277955 0.193290734824
120 0.0790734824281 0.00239616613419 0.017571884984 0.0742811501597 0.0167731629393 0.017571884984 0.0055910543131 0.0479233226837 0.0774760383387 0.144568690096 0.0191693290735 0.0167731629393 0.00718849840256 0.0439297124601 0.0966453674121 0.0287539936102 0.0247603833866 0.0591054313099 0.00399361022364 0.0247603833866 0.191693290735
