POS A C D E F G H I K L M N P Q R S T V W Y -
1 0.0 0.0 0.00394321766562 0.000788643533123 0.0 0.000788643533123 0.0 0.0 0.0118296529968 0.0 0.0 0.000788643533123 0.0 0.0 0.000788643533123 0.000788643533123 0.000788643533123 0.0 0.0 0.0 0.979495268139
2 0.000828075709779 3.94321766562e-05 0.000828075709779 0.00634858044164 0.0016167192429 0.0442034700315 0.000828075709779 0.000828075709779 0.00871451104101 0.00477129337539 0.00240536277603 0.0102917981073 3.94321766562e-05 0.0016167192429 0.0016167192429 0.0110804416404 0.00713722397476 0.000828075709779 3.94321766562e-05 0.000828075709779 0.895110410095
3 0.0173895899054 3.94321766562e-05 0.0110804416404 0.0300078864353 0.00398264984227 0.00950315457413 0.00477129337539 0.00634858044164 0.0528785488959 0.00713722397476 0.000828075709779 0.0189668769716 0.00477129337539 0.0118690851735 0.0126577287066 0.0142350157729 0.0229100946372 0.0142350157729 0.0016167192429 0.000828075709779 0.753943217666
4 0.0331624605678 0.00240536277603 0.0158123028391 0.0268533123028 0.0102917981073 0.0142350157729 0.00477129337539 0.0142350157729 0.0307965299685 0.0300078864353 0.00319400630915 0.0118690851735 0.0307965299685 0.0166009463722 0.027641955836 0.0378943217666 0.0442034700315 0.021332807571 0.0102917981073 0.00950315457413 0.604100946372
5 0.0268533123028 0.000828075709779 0.0118690851735 0.0505126182965 0.053667192429 0.0189668769716 0.00398264984227 0.0710173501577 0.0221214511041 0.0639195583596 0.00792586750789 0.00792586750789 0.0166009463722 0.0197555205047 0.0173895899054 0.0173895899054 0.0331624605678 0.059976340694 0.0166009463722 0.0513012618297 0.428233438486
6 0.0331230283912 0.00315457413249 0.0331230283912 0.0749211356467 0.00788643533123 0.0157728706625 0.0165615141956 0.0220820189274 0.0670347003155 0.0362776025237 0.00157728706625 0.0268138801262 0.0528391167192 0.0370662460568 0.0496845425868 0.0583596214511 0.0922712933754 0.0236593059937 0.00552050473186 0.00946372239748 0.332807570978
7 0.203470031546 0.0410094637224 0.0110410094637 0.00709779179811 0.0141955835962 0.183753943218 0.00552050473186 0.0197160883281 0.00630914826498 0.0157728706625 0.00867507886435 0.00473186119874 0.00867507886435 0.000788643533123 0.00394321766562 0.0110410094637 0.0205047318612 0.115141955836 0.00630914826498 0.0307570977918 0.281545741325
8 0.0236593059937 0.0 0.0149842271293 0.0544164037855 0.0149842271293 0.0417981072555 0.0134069400631 0.0599369085174 0.11356466877 0.0354889589905 0.00552050473186 0.00630914826498 0.0157728706625 0.0354889589905 0.109621451104 0.0291798107256 0.117507886435 0.0780757097792 0.00157728706625 0.0220820189274 0.206624605678
9 0.0299684542587 0.00946372239748 0.0141955835962 0.00552050473186 0.018927444795 0.0102523659306 0.00157728706625 0.108044164038 0.00788643533123 0.0623028391167 0.00867507886435 0.00788643533123 0.0205047318612 0.00867507886435 0.018927444795 0.0149842271293 0.0102523659306 0.480283911672 0.00236593059937 0.00867507886435 0.150630914826
10 0.0820189274448 0.00236593059937 0.032334384858 0.104100946372 0.00709779179811 0.0165615141956 0.0102523659306 0.0725552050473 0.0559936908517 0.0646687697161 0.00236593059937 0.0212933753943 0.018927444795 0.0165615141956 0.0228706624606 0.0347003154574 0.115930599369 0.178233438486 0.00394321766562 0.0118296529968 0.125394321767
11 0.0591482649842 0.0212933753943 0.0268138801262 0.0630914826498 0.0252365930599 0.0354889589905 0.0394321766562 0.00630914826498 0.115141955836 0.0118296529968 0.00315457413249 0.0220820189274 0.00157728706625 0.0488958990536 0.190063091483 0.11119873817 0.0236593059937 0.00946372239748 0.0102523659306 0.0583596214511 0.117507886435
12 0.0441640378549 0.0181388012618 0.00394321766562 0.00236593059937 0.0118296529968 0.00236593059937 0.00552050473186 0.152996845426 0.000788643533123 0.0102523659306 0.00630914826498 0.00315457413249 0.00157728706625 0.00157728706625 0.00236593059937 0.00473186119874 0.0149842271293 0.589116719243 0.00946372239748 0.00709779179811 0.107255520505
13 0.0370662460568 0.00236593059937 0.0165615141956 0.0157728706625 0.0268138801262 0.0220820189274 0.0339116719243 0.21214511041 0.018927444795 0.0954258675079 0.00394321766562 0.0102523659306 0.0220820189274 0.00946372239748 0.0299684542587 0.0457413249211 0.0473186119874 0.198738170347 0.00709779179811 0.0481072555205 0.096214511041
14 0.0157728706625 0.0 0.688485804416 0.0181388012618 0.000788643533123 0.0110410094637 0.00236593059937 0.0 0.00473186119874 0.00315457413249 0.0 0.0205047318612 0.00630914826498 0.00709779179811 0.00709779179811 0.109621451104 0.0134069400631 0.0 0.0 0.000788643533123 0.0906940063091
15 0.0646687697161 0.000788643533123 0.01261829653 0.00473186119874 0.00236593059937 0.759463722397 0.00236593059937 0.00157728706625 0.00315457413249 0.000788643533123 0.0 0.00315457413249 0.0197160883281 0.00236593059937 0.00315457413249 0.0157728706625 0.00630914826498 0.00552050473186 0.000788643533123 0.00157728706625 0.0891167192429
16 0.0181388012618 0.00630914826498 0.675867507886 0.0149842271293 0.00157728706625 0.0433753943218 0.00788643533123 0.00157728706625 0.00236593059937 0.00552050473186 0.00315457413249 0.0402208201893 0.0 0.0118296529968 0.0134069400631 0.0465299684543 0.0149842271293 0.00473186119874 0.0 0.0 0.0875394321767
17 0.0173501577287 0.00552050473186 0.00709779179811 0.00946372239748 0.00236593059937 0.01261829653 0.00315457413249 0.00946372239748 0.0118296529968 0.0118296529968 0.00552050473186 0.0141955835962 0.0 0.0118296529968 0.0536277602524 0.0977917981073 0.620662460568 0.0157728706625 0.0 0.00315457413249 0.0867507886435
18 0.0315457413249 0.00709779179811 0.0 0.0 0.168769716088 0.00394321766562 0.0 0.235015772871 0.000788643533123 0.240536277603 0.0197160883281 0.0 0.01261829653 0.000788643533123 0.0 0.00236593059937 0.00788643533123 0.156151419558 0.00552050473186 0.018927444795 0.0883280757098
19 0.0220820189274 0.00236593059937 0.0607255520505 0.0977917981073 0.00709779179811 0.00630914826498 0.018927444795 0.063880126183 0.0985804416404 0.0441640378549 0.00788643533123 0.0134069400631 0.0 0.0291798107256 0.154574132492 0.0299684542587 0.0954258675079 0.11119873817 0.0236593059937 0.0244479495268 0.0883280757098
20 0.0607255520505 0.0315457413249 0.00788643533123 0.00394321766562 0.0599369085174 0.00630914826498 0.0 0.150630914826 0.000788643533123 0.194006309148 0.0173501577287 0.00157728706625 0.00157728706625 0.00236593059937 0.00236593059937 0.00867507886435 0.0244479495268 0.305205047319 0.00473186119874 0.01261829653 0.103312302839
21 0.0599369085174 0.00473186119874 0.0623028391167 0.0646687697161 0.0181388012618 0.0544164037855 0.0220820189274 0.0362776025237 0.0828075709779 0.0741324921136 0.0157728706625 0.038643533123 0.00552050473186 0.0291798107256 0.106466876972 0.057570977918 0.0607255520505 0.0347003154574 0.00709779179811 0.0331230283912 0.131703470032
22 0.0354889589905 0.0181388012618 0.0891167192429 0.0228706624606 0.0236593059937 0.0473186119874 0.0165615141956 0.0812302839117 0.0220820189274 0.0843848580442 0.0165615141956 0.0378548895899 0.0236593059937 0.01261829653 0.0299684542587 0.0481072555205 0.0465299684543 0.063880126183 0.00630914826498 0.0220820189274 0.251577287066
23 0.032334384858 0.00236593059937 0.10094637224 0.0339116719243 0.00473186119874 0.0678233438486 0.0118296529968 0.0134069400631 0.0362776025237 0.0260252365931 0.00157728706625 0.0717665615142 0.0780757097792 0.0244479495268 0.0212933753943 0.0457413249211 0.0315457413249 0.0134069400631 0.00157728706625 0.00946372239748 0.371451104101
24 0.0181388012618 0.00394321766562 0.0552050473186 0.044952681388 0.00394321766562 0.248422712934 0.0110410094637 0.00867507886435 0.044952681388 0.00867507886435 0.000788643533123 0.0520504731861 0.0354889589905 0.0157728706625 0.0236593059937 0.0315457413249 0.0197160883281 0.0141955835962 0.00157728706625 0.00236593059937 0.354889589905
25 0.0370662460568 0.01261829653 0.0410094637224 0.0686119873817 0.00946372239748 0.0567823343849 0.0205047318612 0.0149842271293 0.089905362776 0.0291798107256 0.00788643533123 0.0370662460568 0.0157728706625 0.0591482649842 0.0544164037855 0.0370662460568 0.0473186119874 0.0315457413249 0.000788643533123 0.00788643533123 0.320977917981
26 0.0331230283912 0.0 0.0268138801262 0.0796529968454 0.00946372239748 0.140378548896 0.0110410094637 0.0315457413249 0.0670347003155 0.0417981072555 0.00788643533123 0.0354889589905 0.032334384858 0.0410094637224 0.0686119873817 0.0473186119874 0.0686119873817 0.0425867507886 0.00394321766562 0.0110410094637 0.200315457413
27 0.0354889589905 0.00236593059937 0.0181388012618 0.108044164038 0.032334384858 0.0205047318612 0.0197160883281 0.115141955836 0.0496845425868 0.063880126183 0.018927444795 0.00867507886435 0.00709779179811 0.0701892744479 0.0828075709779 0.018927444795 0.0725552050473 0.111987381703 0.00552050473186 0.0402208201893 0.0977917981073
28 0.0236593059937 0.000788643533123 0.01261829653 0.0315457413249 0.00946372239748 0.00946372239748 0.0220820189274 0.0236593059937 0.179810725552 0.0299684542587 0.00788643533123 0.0307570977918 0.0378548895899 0.0268138801262 0.215299684543 0.063880126183 0.150630914826 0.0362776025237 0.00157728706625 0.0102523659306 0.0757097791798
29 0.0268138801262 0.00630914826498 0.0 0.00236593059937 0.0544164037855 0.00473186119874 0.00236593059937 0.255520504732 0.0 0.11119873817 0.0157728706625 0.0 0.0 0.0 0.000788643533123 0.00552050473186 0.00630914826498 0.425867507886 0.00236593059937 0.0268138801262 0.0528391167192
30 0.0173501577287 0.00473186119874 0.00709779179811 0.00946372239748 0.00315457413249 0.00946372239748 0.0228706624606 0.0102523659306 0.0205047318612 0.0220820189274 0.00394321766562 0.0110410094637 0.00157728706625 0.0307570977918 0.695583596215 0.0244479495268 0.018927444795 0.0244479495268 0.000788643533123 0.00709779179811 0.0544164037855
31 0.0110410094637 0.00394321766562 0.000788643533123 0.000788643533123 0.0772870662461 0.000788643533123 0.00157728706625 0.0875394321767 0.00236593059937 0.633280757098 0.0339116719243 0.00315457413249 0.00788643533123 0.0 0.0 0.00157728706625 0.00157728706625 0.0528391167192 0.0 0.0291798107256 0.0504731861199
32 0.241324921136 0.0110410094637 0.0141955835962 0.0236593059937 0.0402208201893 0.01261829653 0.0181388012618 0.0970031545741 0.0118296529968 0.169558359621 0.0110410094637 0.0173501577287 0.00552050473186 0.0236593059937 0.0276025236593 0.0670347003155 0.0165615141956 0.051261829653 0.0118296529968 0.0796529968454 0.0488958990536
33 0.0315457413249 0.0347003154574 0.0591482649842 0.0228706624606 0.0149842271293 0.61119873817 0.0141955835962 0.00236593059937 0.00394321766562 0.0347003154574 0.00788643533123 0.0457413249211 0.000788643533123 0.00394321766562 0.00394321766562 0.0347003154574 0.00315457413249 0.00157728706625 0.00394321766562 0.0165615141956 0.0481072555205
34 0.018927444795 0.00946372239748 0.000788643533123 0.0 0.0173501577287 0.000788643533123 0.000788643533123 0.529968454259 0.0 0.0725552050473 0.0165615141956 0.0 0.00236593059937 0.0 0.0 0.00315457413249 0.00867507886435 0.260252365931 0.0 0.0110410094637 0.0473186119874
35 0.0339116719243 0.000788643533123 0.567823343849 0.0481072555205 0.00236593059937 0.00394321766562 0.00473186119874 0.00946372239748 0.0331230283912 0.00867507886435 0.00157728706625 0.0741324921136 0.00157728706625 0.038643533123 0.051261829653 0.0212933753943 0.018927444795 0.018927444795 0.00394321766562 0.00630914826498 0.0504731861199
36 0.425867507886 0.0670347003155 0.0 0.00315457413249 0.00630914826498 0.00867507886435 0.000788643533123 0.0157728706625 0.00394321766562 0.0220820189274 0.00394321766562 0.00394321766562 0.0205047318612 0.00236593059937 0.00394321766562 0.0567823343849 0.271293375394 0.0299684542587 0.00236593059937 0.00315457413249 0.0481072555205
37 0.0307570977918 0.0118296529968 0.00630914826498 0.00709779179811 0.00867507886435 0.00236593059937 0.00315457413249 0.00630914826498 0.00709779179811 0.0220820189274 0.00630914826498 0.01261829653 0.771293375394 0.00315457413249 0.0110410094637 0.0134069400631 0.01261829653 0.0134069400631 0.00157728706625 0.000788643533123 0.0481072555205
38 0.0315457413249 0.0 0.0536277602524 0.624605678233 0.00157728706625 0.0197160883281 0.00394321766562 0.00473186119874 0.0283911671924 0.0134069400631 0.00394321766562 0.0134069400631 0.0291798107256 0.0299684542587 0.0457413249211 0.0299684542587 0.0118296529968 0.00552050473186 0.000788643533123 0.00157728706625 0.0465299684543
39 0.0394321766562 0.00394321766562 0.01261829653 0.0220820189274 0.0134069400631 0.0220820189274 0.00157728706625 0.096214511041 0.0701892744479 0.146687697161 0.0465299684543 0.01261829653 0.051261829653 0.01261829653 0.0630914826498 0.0851735015773 0.125394321767 0.057570977918 0.00788643533123 0.0141955835962 0.0954258675079
40 0.0741324921136 0.00630914826498 0.0733438485804 0.0370662460568 0.0149842271293 0.149842271293 0.0339116719243 0.00709779179811 0.089905362776 0.0118296529968 0.00157728706625 0.0504731861199 0.0331230283912 0.0181388012618 0.0662460567823 0.0662460567823 0.038643533123 0.0394321766562 0.00473186119874 0.0244479495268 0.158517350158
41 0.032334384858 0.0 0.0362776025237 0.0378548895899 0.0157728706625 0.0559936908517 0.0623028391167 0.00630914826498 0.0694006309148 0.0149842271293 0.00867507886435 0.0205047318612 0.018927444795 0.109621451104 0.0686119873817 0.0417981072555 0.0339116719243 0.0165615141956 0.00394321766562 0.0244479495268 0.321766561514
42 0.0488958990536 0.00630914826498 0.0417981072555 0.0410094637224 0.0173501577287 0.0567823343849 0.00867507886435 0.00946372239748 0.044952681388 0.0149842271293 0.00552050473186 0.0299684542587 0.104889589905 0.0173501577287 0.0544164037855 0.051261829653 0.0583596214511 0.018927444795 0.00315457413249 0.00867507886435 0.357255520505
43 0.0433753943218 0.0717665615142 0.0528391167192 0.0260252365931 0.00315457413249 0.083596214511 0.00236593059937 0.00630914826498 0.0481072555205 0.01261829653 0.00236593059937 0.051261829653 0.0149842271293 0.0212933753943 0.0552050473186 0.0417981072555 0.0268138801262 0.0118296529968 0.00157728706625 0.00709779179811 0.415615141956
44 0.0307570977918 0.0465299684543 0.0276025236593 0.0370662460568 0.00788643533123 0.0749211356467 0.01261829653 0.0149842271293 0.0709779179811 0.018927444795 0.0102523659306 0.0276025236593 0.0291798107256 0.0260252365931 0.0457413249211 0.0276025236593 0.0307570977918 0.0149842271293 0.00236593059937 0.0102523659306 0.432965299685
45 0.038643533123 0.0197160883281 0.0457413249211 0.0465299684543 0.00709779179811 0.0425867507886 0.00473186119874 0.0110410094637 0.0583596214511 0.0236593059937 0.00473186119874 0.018927444795 0.112776025237 0.032334384858 0.0433753943218 0.0339116719243 0.0212933753943 0.0228706624606 0.000788643533123 0.0110410094637 0.399842271293
46 0.0804416403785 0.00236593059937 0.0591482649842 0.0867507886435 0.00394321766562 0.0709779179811 0.0110410094637 0.0212933753943 0.0339116719243 0.0283911671924 0.00788643533123 0.0228706624606 0.044952681388 0.038643533123 0.0236593059937 0.0481072555205 0.0283911671924 0.063880126183 0.00315457413249 0.00552050473186 0.314668769716
47 0.0228706624606 0.00315457413249 0.038643533123 0.228706624606 0.0134069400631 0.0291798107256 0.00946372239748 0.0149842271293 0.0362776025237 0.0220820189274 0.01261829653 0.0141955835962 0.0157728706625 0.210567823344 0.0283911671924 0.0173501577287 0.0260252365931 0.0141955835962 0.0599369085174 0.0339116719243 0.148264984227
48 0.0954258675079 0.0843848580442 0.0473186119874 0.0733438485804 0.0181388012618 0.0149842271293 0.0110410094637 0.00946372239748 0.0378548895899 0.0205047318612 0.00157728706625 0.0197160883281 0.284700315457 0.0331230283912 0.0481072555205 0.0315457413249 0.0220820189274 0.0157728706625 0.00236593059937 0.0220820189274 0.106466876972
49 0.0268138801262 0.109621451104 0.0110410094637 0.0173501577287 0.169558359621 0.0717665615142 0.0252365930599 0.0197160883281 0.0165615141956 0.105678233438 0.0173501577287 0.00473186119874 0.00394321766562 0.0157728706625 0.0228706624606 0.0110410094637 0.00788643533123 0.0157728706625 0.0717665615142 0.166403785489 0.0891167192429
50 0.247634069401 0.0 0.00552050473186 0.00946372239748 0.01261829653 0.494479495268 0.00157728706625 0.00394321766562 0.00473186119874 0.00394321766562 0.00157728706625 0.00552050473186 0.00630914826498 0.00946372239748 0.00867507886435 0.0623028391167 0.0110410094637 0.00552050473186 0.00473186119874 0.0307570977918 0.0701892744479
51 0.0812302839117 0.0 0.0725552050473 0.119873817035 0.0276025236593 0.0157728706625 0.0165615141956 0.038643533123 0.105678233438 0.0599369085174 0.0173501577287 0.0378548895899 0.044952681388 0.0875394321767 0.0843848580442 0.0283911671924 0.0252365930599 0.0402208201893 0.0181388012618 0.0181388012618 0.0599369085174
52 0.14905362776 0.00157728706625 0.0410094637224 0.311514195584 0.00315457413249 0.00630914826498 0.0102523659306 0.0197160883281 0.104889589905 0.0394321766562 0.0141955835962 0.0197160883281 0.0110410094637 0.0985804416404 0.063880126183 0.0157728706625 0.0197160883281 0.0228706624606 0.00630914826498 0.00394321766562 0.0370662460568
53 0.702681388013 0.00709779179811 0.00473186119874 0.00315457413249 0.00315457413249 0.0205047318612 0.000788643533123 0.00788643533123 0.00157728706625 0.00630914826498 0.00236593059937 0.00473186119874 0.00236593059937 0.00394321766562 0.00157728706625 0.162460567823 0.0110410094637 0.0149842271293 0.00236593059937 0.00157728706625 0.0347003154574
54 0.0796529968454 0.00157728706625 0.00630914826498 0.0165615141956 0.0149842271293 0.01261829653 0.00946372239748 0.01261829653 0.251577287066 0.0528391167192 0.0102523659306 0.00709779179811 0.00236593059937 0.0315457413249 0.216876971609 0.0796529968454 0.131703470032 0.0102523659306 0.00630914826498 0.0157728706625 0.0299684542587
55 0.134069400631 0.000788643533123 0.135646687697 0.157728706625 0.018927444795 0.0141955835962 0.0181388012618 0.01261829653 0.0733438485804 0.0362776025237 0.00630914826498 0.0607255520505 0.0 0.104100946372 0.0725552050473 0.0402208201893 0.0528391167192 0.0149842271293 0.00473186119874 0.0110410094637 0.0307570977918
56 0.157768138801 0.00477129337539 0.00319400630915 0.0284305993691 0.249250788644 0.0102917981073 0.0371056782334 0.0110804416404 0.027641955836 0.0449921135647 0.015023659306 0.0110804416404 0.000828075709779 0.021332807571 0.0970425867508 0.0134463722397 0.0268533123028 0.0260646687697 0.0654968454259 0.127799684543 0.0205047318612
57 0.0962539432177 0.0016167192429 3.94321766562e-05 0.0016167192429 0.0197555205047 0.00319400630915 0.000828075709779 0.0197555205047 3.94321766562e-05 0.545780757098 0.0371056782334 0.0244873817035 0.000828075709779 0.00240536277603 0.000828075709779 0.0134463722397 0.106506309148 0.105717665615 0.000828075709779 0.000828075709779 0.0181388012618
58 0.0875788643533 0.00950315457413 0.021332807571 0.142783911672 0.00398264984227 0.0173895899054 0.0126577287066 0.0300078864353 0.155402208202 0.0292192429022 0.00871451104101 0.0252760252366 3.94321766562e-05 0.0678627760252 0.197988958991 0.0773264984227 0.0591876971609 0.0284305993691 0.000828075709779 0.00792586750789 0.0165615141956
59 0.0867902208202 0.00319400630915 0.102563091483 0.134897476341 0.00555993690852 0.0434148264984 0.00950315457413 0.00871451104101 0.142783911672 0.0181782334385 0.00477129337539 0.0718059936909 0.00240536277603 0.078903785489 0.0804810725552 0.118335962145 0.0465694006309 0.0110804416404 0.00398264984227 0.00555993690852 0.0205047318612
60 0.0284305993691 0.00319400630915 0.00319400630915 0.0173895899054 0.059976340694 0.00240536277603 0.0221214511041 0.0560331230284 0.0670741324921 0.368335962145 0.0520899053628 0.0268533123028 0.0016167192429 0.0339511041009 0.0804810725552 0.0110804416404 0.0284305993691 0.021332807571 0.027641955836 0.0244873817035 0.063880126183
61 0.0449921135647 0.0363170347003 0.00240536277603 0.00240536277603 0.0244873817035 0.000828075709779 0.0016167192429 0.146727129338 0.00398264984227 0.403036277603 0.0236987381703 0.00398264984227 0.00240536277603 0.00555993690852 0.00713722397476 0.00555993690852 0.0331624605678 0.179061514196 0.00713722397476 0.00634858044164 0.0591482649842
62 0.0331230283912 0.00788643533123 0.0149842271293 0.0236593059937 0.00394321766562 0.0149842271293 0.00315457413249 0.0149842271293 0.0394321766562 0.0583596214511 0.00867507886435 0.0173501577287 0.0741324921136 0.0134069400631 0.0205047318612 0.0268138801262 0.0220820189274 0.0315457413249 0.00236593059937 0.00394321766562 0.564668769716
63 0.0733832807571 0.000828075709779 0.0418375394322 0.0796924290221 0.0229100946372 0.0654968454259 0.0197555205047 0.0418375394322 0.0615536277603 0.130954258675 0.0197555205047 0.0749605678233 0.0371056782334 0.0434148264984 0.0773264984227 0.0355283911672 0.0252760252366 0.0481466876972 0.00319400630915 0.0126577287066 0.0843848580442
64 0.078903785489 0.00319400630915 0.0631309148265 0.0221214511041 0.00398264984227 0.392783911672 0.021332807571 0.00240536277603 0.0442034700315 0.0166009463722 0.00319400630915 0.0820583596215 0.00792586750789 0.072594637224 0.0552444794953 0.0434148264984 0.0236987381703 0.00634858044164 0.00240536277603 0.00634858044164 0.0481072555205
65 0.0394716088328 0.00240536277603 0.0339511041009 0.0528785488959 0.00477129337539 0.0796924290221 0.021332807571 0.00240536277603 0.25082807571 0.00713722397476 0.00555993690852 0.0307965299685 0.015023659306 0.0860015772871 0.189313880126 0.0528785488959 0.0520899053628 0.0102917981073 0.00319400630915 0.00477129337539 0.0552050473186
66 0.0465694006309 0.0016167192429 0.0804810725552 0.112815457413 0.015023659306 0.0244873817035 0.0189668769716 0.0244873817035 0.102563091483 0.0173895899054 0.00555993690852 0.0528785488959 0.0623422712934 0.0623422712934 0.0923107255521 0.0710173501577 0.116758675079 0.0426261829653 0.00713722397476 0.0126577287066 0.0299684542587
67 0.0442034700315 0.0102917981073 0.00634858044164 0.00319400630915 0.0260646687697 0.00477129337539 0.000828075709779 0.18773659306 0.00555993690852 0.0930993690852 0.00477129337539 0.00240536277603 0.00792586750789 0.00634858044164 0.00477129337539 0.00950315457413 0.00713722397476 0.546569400631 0.00477129337539 0.00477129337539 0.018927444795
68 0.0307965299685 0.00240536277603 0.0394716088328 0.112815457413 0.0339511041009 0.0197555205047 0.0173895899054 0.0378943217666 0.0670741324921 0.0371056782334 0.0142350157729 0.0229100946372 0.00555993690852 0.0544558359621 0.119913249211 0.0654968454259 0.153036277603 0.0568217665615 0.027641955836 0.0631309148265 0.0181388012618
69 0.0229100946372 0.132531545741 0.000828075709779 0.00240536277603 0.0583990536278 0.00713722397476 3.94321766562e-05 0.179850157729 0.00319400630915 0.302089905363 0.0189668769716 0.0016167192429 0.0016167192429 0.00319400630915 0.00477129337539 0.00398264984227 0.00950315457413 0.205086750789 0.00240536277603 0.015023659306 0.0244479495268
70 0.0355283911672 0.00319400630915 0.0686514195584 0.201143533123 0.0181782334385 0.00792586750789 0.0189668769716 0.0386829652997 0.0757492113565 0.0378943217666 0.00713722397476 0.0236987381703 0.00398264984227 0.0694400630915 0.100985804416 0.0497239747634 0.0899447949527 0.0923107255521 0.00792586750789 0.0229100946372 0.0260252365931
71 0.0544558359621 0.015023659306 0.0236987381703 0.0307965299685 0.0907334384858 0.021332807571 0.00555993690852 0.0860015772871 0.0244873817035 0.0930993690852 0.00871451104101 0.0118690851735 0.0694400630915 0.0229100946372 0.0378943217666 0.0520899053628 0.0528785488959 0.117547318612 0.00634858044164 0.0576104100946 0.117507886435
72 0.0434148264984 0.000828075709779 0.234266561514 0.0899447949527 0.0118690851735 0.0394716088328 0.0173895899054 0.0513012618297 0.0236987381703 0.0631309148265 0.0102917981073 0.0252760252366 0.0205441640379 0.0197555205047 0.0292192429022 0.0378943217666 0.0363170347003 0.0710173501577 0.00555993690852 0.015023659306 0.153785488959
73 0.00709779179811 0.000788643533123 0.0260252365931 0.0260252365931 0.00315457413249 0.0236593059937 0.00788643533123 0.00788643533123 0.0347003154574 0.00552050473186 0.00157728706625 0.0134069400631 0.044952681388 0.0134069400631 0.0205047318612 0.0181388012618 0.0157728706625 0.0102523659306 0.00236593059937 0.0118296529968 0.705047318612
74 0.0441640378549 0.00236593059937 0.0276025236593 0.0370662460568 0.00394321766562 0.0694006309148 0.00473186119874 0.0212933753943 0.0291798107256 0.0291798107256 0.00236593059937 0.0276025236593 0.0347003154574 0.0315457413249 0.0307570977918 0.032334384858 0.0331230283912 0.0417981072555 0.00709779179811 0.01261829653 0.477129337539
75 0.0425867507886 0.0 0.063880126183 0.0623028391167 0.00473186119874 0.0536277602524 0.0102523659306 0.0244479495268 0.0331230283912 0.0157728706625 0.00630914826498 0.0260252365931 0.0370662460568 0.0481072555205 0.0283911671924 0.0354889589905 0.0331230283912 0.0244479495268 0.000788643533123 0.0268138801262 0.422712933754
76 0.0576104100946 0.00319400630915 0.104140378549 0.0836356466877 0.00555993690852 0.177484227129 0.0205441640379 0.0134463722397 0.078903785489 0.0292192429022 0.00950315457413 0.0339511041009 0.0292192429022 0.0307965299685 0.072594637224 0.0765378548896 0.0465694006309 0.0252760252366 0.000828075709779 0.0158123028391 0.0851735015773
77 0.0465694006309 0.00555993690852 0.0236987381703 0.0410488958991 0.0355283911672 0.0268533123028 0.0134463722397 0.0481466876972 0.120701892744 0.0394716088328 0.0126577287066 0.0205441640379 0.0371056782334 0.0434148264984 0.165654574132 0.0394716088328 0.118335962145 0.0781151419558 0.00477129337539 0.0284305993691 0.0504731861199
78 0.021332807571 0.00398264984227 0.653036277603 0.0363170347003 0.00319400630915 0.0654968454259 0.00240536277603 0.00713722397476 0.0284305993691 0.00792586750789 0.00398264984227 0.027641955836 0.0158123028391 0.0110804416404 0.0158123028391 0.0229100946372 0.027641955836 0.0110804416404 0.000828075709779 0.00398264984227 0.0299684542587
79 0.047358044164 0.000828075709779 0.0378943217666 0.0307965299685 0.00713722397476 0.0371056782334 0.0205441640379 0.0158123028391 0.196411671924 0.015023659306 0.00555993690852 0.0315851735016 0.0386829652997 0.0654968454259 0.256348580442 0.0710173501577 0.0363170347003 0.0236987381703 0.00555993690852 0.0236987381703 0.0331230283912
80 0.0252760252366 0.0016167192429 0.0386829652997 0.0205441640379 0.0749605678233 0.0331624605678 0.0252760252366 0.00871451104101 0.021332807571 0.0102917981073 0.00319400630915 0.0457807570978 0.00950315457413 0.0236987381703 0.0197555205047 0.0363170347003 0.0244873817035 0.0110804416404 0.0260646687697 0.496884858044 0.0433753943218
81 0.0157728706625 0.00315457413249 0.0954258675079 0.0236593059937 0.01261829653 0.590694006309 0.0149842271293 0.00157728706625 0.0362776025237 0.00236593059937 0.000788643533123 0.063880126183 0.00946372239748 0.0276025236593 0.0268138801262 0.0307570977918 0.00709779179811 0.00473186119874 0.000788643533123 0.00236593059937 0.0291798107256
82 0.0212933753943 0.00630914826498 0.01261829653 0.0205047318612 0.00236593059937 0.0149842271293 0.0134069400631 0.0102523659306 0.0157728706625 0.0149842271293 0.00709779179811 0.0347003154574 0.0102523659306 0.0165615141956 0.683753943218 0.018927444795 0.0260252365931 0.0228706624606 0.00552050473186 0.00946372239748 0.032334384858
83 0.0567823343849 0.0134069400631 0.01261829653 0.0291798107256 0.0599369085174 0.0102523659306 0.0141955835962 0.103312302839 0.0260252365931 0.22476340694 0.0260252365931 0.0149842271293 0.0378548895899 0.0228706624606 0.0244479495268 0.032334384858 0.096214511041 0.0985804416404 0.0228706624606 0.051261829653 0.0220820189274
84 0.0134069400631 0.00788643533123 0.00315457413249 0.0118296529968 0.0260252365931 0.00236593059937 0.00867507886435 0.114353312303 0.00473186119874 0.430599369085 0.0141955835962 0.00473186119874 0.0283911671924 0.00946372239748 0.0134069400631 0.0181388012618 0.0252365930599 0.210567823344 0.00630914826498 0.0236593059937 0.0228706624606
85 0.454258675079 0.0504731861199 0.0 0.00315457413249 0.00473186119874 0.25 0.00394321766562 0.00236593059937 0.000788643533123 0.0165615141956 0.00315457413249 0.0 0.00157728706625 0.00394321766562 0.051261829653 0.0315457413249 0.0102523659306 0.0828075709779 0.0 0.00473186119874 0.0244479495268
86 0.0268138801262 0.00788643533123 0.057570977918 0.0646687697161 0.0331230283912 0.00709779179811 0.0591482649842 0.0520504731861 0.0362776025237 0.0473186119874 0.00867507886435 0.0291798107256 0.00552050473186 0.0354889589905 0.0749211356467 0.0536277602524 0.0946372239748 0.0733438485804 0.0307570977918 0.18927444795 0.01261829653
87 0.032334384858 0.134858044164 0.00157728706625 0.00236593059937 0.0149842271293 0.00315457413249 0.0 0.159305993691 0.00236593059937 0.147476340694 0.0173501577287 0.00157728706625 0.00630914826498 0.000788643533123 0.00157728706625 0.00236593059937 0.00709779179811 0.450315457413 0.00236593059937 0.00157728706625 0.0102523659306
88 0.0276025236593 0.00315457413249 0.0149842271293 0.0347003154574 0.156151419558 0.00630914826498 0.0205047318612 0.0441640378549 0.0331230283912 0.057570977918 0.0165615141956 0.0102523659306 0.00473186119874 0.0212933753943 0.063880126183 0.0481072555205 0.0583596214511 0.0520504731861 0.102523659306 0.212933753943 0.0110410094637
89 0.089905362776 0.0228706624606 0.0220820189274 0.00946372239748 0.0347003154574 0.0102523659306 0.0347003154574 0.089905362776 0.0244479495268 0.202681388013 0.0149842271293 0.0268138801262 0.018927444795 0.0134069400631 0.0520504731861 0.0362776025237 0.0591482649842 0.172712933754 0.00157728706625 0.0473186119874 0.0157728706625
90 0.038643533123 0.000788643533123 0.260252365931 0.0654574132492 0.00236593059937 0.18690851735 0.0118296529968 0.00867507886435 0.0465299684543 0.0118296529968 0.00315457413249 0.116719242902 0.057570977918 0.0244479495268 0.0370662460568 0.0504731861199 0.0212933753943 0.0102523659306 0.00394321766562 0.00552050473186 0.0362776025237
91 0.032334384858 0.00473186119874 0.103312302839 0.0591482649842 0.00473186119874 0.413249211356 0.00630914826498 0.00157728706625 0.0701892744479 0.00552050473186 0.00236593059937 0.0749211356467 0.01261829653 0.018927444795 0.0465299684543 0.0417981072555 0.0260252365931 0.00867507886435 0.00315457413249 0.00709779179811 0.0567823343849
92 0.0442034700315 0.000828075709779 0.0300078864353 0.0757492113565 0.00555993690852 0.0623422712934 0.0142350157729 0.0560331230284 0.098619873817 0.0647082018927 0.0166009463722 0.0260646687697 0.0134463722397 0.072594637224 0.127011041009 0.0205441640379 0.108083596215 0.0907334384858 0.00398264984227 0.0166009463722 0.0520504731861
93 0.00630914826498 0.0236593059937 0.309936908517 0.0268138801262 0.0402208201893 0.00315457413249 0.00867507886435 0.00788643533123 0.00315457413249 0.0985804416404 0.0394321766562 0.175867507886 0.0236593059937 0.00709779179811 0.0102523659306 0.120662460568 0.0268138801262 0.0141955835962 0.018927444795 0.0141955835962 0.0205047318612
94 0.0347003154574 0.00315457413249 0.00788643533123 0.000788643533123 0.0488958990536 0.0 0.000788643533123 0.214511041009 0.000788643533123 0.331230283912 0.00709779179811 0.000788643533123 0.00552050473186 0.00157728706625 0.0 0.00236593059937 0.00473186119874 0.272082018927 0.00788643533123 0.0425867507886 0.01261829653
95 0.157728706625 0.00709779179811 0.0102523659306 0.0165615141956 0.0 0.171924290221 0.000788643533123 0.00236593059937 0.00236593059937 0.00157728706625 0.000788643533123 0.389589905363 0.00236593059937 0.0859621451104 0.00473186119874 0.112776025237 0.0149842271293 0.00236593059937 0.0 0.000788643533123 0.0149842271293
96 0.154574132492 0.0118296529968 0.038643533123 0.216088328076 0.0118296529968 0.0236593059937 0.0157728706625 0.0260252365931 0.0496845425868 0.132492113565 0.0102523659306 0.0141955835962 0.00315457413249 0.0646687697161 0.0694006309148 0.0394321766562 0.0315457413249 0.044952681388 0.000788643533123 0.0244479495268 0.0165615141956
97 0.112776025237 0.00157728706625 0.0347003154574 0.228706624606 0.0197160883281 0.0141955835962 0.0268138801262 0.0362776025237 0.0504731861199 0.0977917981073 0.0331230283912 0.00709779179811 0.00236593059937 0.0780757097792 0.0417981072555 0.0260252365931 0.0465299684543 0.0465299684543 0.0465299684543 0.032334384858 0.0165615141956
98 0.0220820189274 0.000788643533123 0.000788643533123 0.00394321766562 0.00157728706625 0.00236593059937 0.000788643533123 0.0559936908517 0.000788643533123 0.547318611987 0.251577287066 0.0 0.000788643533123 0.044952681388 0.000788643533123 0.00630914826498 0.00315457413249 0.0370662460568 0.0 0.000788643533123 0.0181388012618
99 0.0315457413249 0.00473186119874 0.0 0.000788643533123 0.000788643533123 0.00157728706625 0.0 0.187697160883 0.00473186119874 0.304416403785 0.01261829653 0.0 0.0 0.00315457413249 0.00394321766562 0.00394321766562 0.01261829653 0.408517350158 0.0 0.000788643533123 0.0181388012618
100 0.120662460568 0.00157728706625 0.0260252365931 0.183753943218 0.00236593059937 0.0228706624606 0.00236593059937 0.00552050473186 0.150630914826 0.0212933753943 0.0102523659306 0.018927444795 0.0 0.0630914826498 0.220820189274 0.089905362776 0.0205047318612 0.0134069400631 0.00157728706625 0.00473186119874 0.0197160883281
101 0.144321766562 0.00157728706625 0.0496845425868 0.187697160883 0.00473186119874 0.0307570977918 0.0165615141956 0.00473186119874 0.0686119873817 0.0410094637224 0.0110410094637 0.114353312303 0.0 0.0914826498423 0.0780757097792 0.089905362776 0.0276025236593 0.00946372239748 0.00157728706625 0.00473186119874 0.0220820189274
102 0.00552050473186 0.000788643533123 0.00867507886435 0.00552050473186 0.0 0.925867507886 0.0 0.0 0.00946372239748 0.000788643533123 0.0 0.00473186119874 0.00315457413249 0.00236593059937 0.00157728706625 0.00630914826498 0.000788643533123 0.000788643533123 0.000788643533123 0.0 0.0228706624606
103 0.038643533123 0.00630914826498 0.00394321766562 0.00552050473186 0.0772870662461 0.00552050473186 0.057570977918 0.0141955835962 0.00630914826498 0.375394321767 0.0520504731861 0.0118296529968 0.0 0.0181388012618 0.00552050473186 0.00946372239748 0.00630914826498 0.0149842271293 0.0906940063091 0.17429022082 0.0260252365931
104 0.747634069401 0.00788643533123 0.000788643533123 0.000788643533123 0.000788643533123 0.0859621451104 0.00157728706625 0.00236593059937 0.00157728706625 0.00788643533123 0.00315457413249 0.0 0.000788643533123 0.0 0.00157728706625 0.0252365930599 0.0141955835962 0.0670347003155 0.0 0.00236593059937 0.0283911671924
105 0.0268138801262 0.00867507886435 0.0118296529968 0.0559936908517 0.0331230283912 0.00473186119874 0.0134069400631 0.0433753943218 0.0828075709779 0.0552050473186 0.0165615141956 0.0110410094637 0.00630914826498 0.0378548895899 0.18690851735 0.0197160883281 0.044952681388 0.0828075709779 0.0788643533123 0.0339116719243 0.145110410095
106 0.102523659306 0.0141955835962 0.0118296529968 0.018927444795 0.0291798107256 0.00236593059937 0.0134069400631 0.0417981072555 0.00709779179811 0.0623028391167 0.00946372239748 0.00552050473186 0.0796529968454 0.00157728706625 0.0173501577287 0.0141955835962 0.0283911671924 0.232649842271 0.018927444795 0.0354889589905 0.253154574132
107 0.100157728707 0.00552050473186 0.0457413249211 0.0212933753943 0.0299684542587 0.0157728706625 0.0315457413249 0.0149842271293 0.0268138801262 0.0402208201893 0.00946372239748 0.0378548895899 0.0134069400631 0.0165615141956 0.0402208201893 0.0339116719243 0.0307570977918 0.0496845425868 0.00709779179811 0.10094637224 0.328075709779
108 0.0315457413249 0.00315457413249 0.032334384858 0.0347003154574 0.0410094637224 0.0205047318612 0.00630914826498 0.0141955835962 0.0165615141956 0.0197160883281 0.00552050473186 0.0205047318612 0.0347003154574 0.0149842271293 0.0520504731861 0.0205047318612 0.0283911671924 0.018927444795 0.0425867507886 0.130914826498 0.410883280757
109 0.0646687697161 0.00157728706625 0.0591482649842 0.0291798107256 0.0236593059937 0.0307570977918 0.0394321766562 0.0615141955836 0.0457413249211 0.0260252365931 0.00709779179811 0.0149842271293 0.0646687697161 0.0181388012618 0.0552050473186 0.0402208201893 0.0457413249211 0.0780757097792 0.00788643533123 0.0244479495268 0.261829652997
110 0.0394321766562 0.00157728706625 0.038643533123 0.0354889589905 0.0465299684543 0.0268138801262 0.0220820189274 0.0228706624606 0.0276025236593 0.0173501577287 0.00709779179811 0.0165615141956 0.018927444795 0.0228706624606 0.0291798107256 0.0599369085174 0.0197160883281 0.0236593059937 0.0291798107256 0.209779179811 0.284700315457
111 0.0488958990536 0.00788643533123 0.0504731861199 0.0473186119874 0.0149842271293 0.0591482649842 0.0134069400631 0.0149842271293 0.0362776025237 0.032334384858 0.00552050473186 0.0315457413249 0.104100946372 0.0276025236593 0.0496845425868 0.0741324921136 0.0457413249211 0.0228706624606 0.00157728706625 0.0212933753943 0.290220820189
112 0.0417981072555 0.00946372239748 0.0559936908517 0.0283911671924 0.0134069400631 0.0567823343849 0.0141955835962 0.0110410094637 0.0559936908517 0.0370662460568 0.00552050473186 0.0339116719243 0.126971608833 0.0496845425868 0.038643533123 0.0496845425868 0.0315457413249 0.0157728706625 0.00236593059937 0.0212933753943 0.30047318612
113 0.0362776025237 0.00236593059937 0.0764984227129 0.0520504731861 0.0141955835962 0.0488958990536 0.0181388012618 0.00630914826498 0.0473186119874 0.0165615141956 0.00473186119874 0.129337539432 0.0410094637224 0.0220820189274 0.0394321766562 0.051261829653 0.0165615141956 0.00867507886435 0.00473186119874 0.0307570977918 0.332807570978
114 0.0402208201893 0.0134069400631 0.051261829653 0.0299684542587 0.0354889589905 0.0244479495268 0.0165615141956 0.0157728706625 0.0339116719243 0.0504731861199 0.00867507886435 0.0291798107256 0.0370662460568 0.0212933753943 0.018927444795 0.0615141955836 0.0630914826498 0.038643533123 0.00315457413249 0.038643533123 0.368296529968
115 0.063880126183 0.00473186119874 0.0504731861199 0.0488958990536 0.00709779179811 0.0331230283912 0.00946372239748 0.00946372239748 0.109621451104 0.0268138801262 0.00630914826498 0.0236593059937 0.0615141955836 0.0252365930599 0.0552050473186 0.0725552050473 0.0417981072555 0.0181388012618 0.00315457413249 0.00867507886435 0.320189274448
116 0.0205047318612 0.0291798107256 0.0347003154574 0.0307570977918 0.0488958990536 0.0268138801262 0.0299684542587 0.018927444795 0.0299684542587 0.0488958990536 0.0102523659306 0.0228706624606 0.0149842271293 0.0181388012618 0.0473186119874 0.0299684542587 0.0173501577287 0.0205047318612 0.00788643533123 0.216876971609 0.27523659306
117 0.0891167192429 0.0220820189274 0.0362776025237 0.032334384858 0.0236593059937 0.0307570977918 0.0212933753943 0.0244479495268 0.0354889589905 0.0709779179811 0.0165615141956 0.0173501577287 0.0157728706625 0.038643533123 0.0733438485804 0.0599369085174 0.0307570977918 0.0331230283912 0.01261829653 0.0528391167192 0.26261829653
118 0.0820189274448 0.00315457413249 0.108832807571 0.0985804416404 0.00630914826498 0.0544164037855 0.0134069400631 0.00236593059937 0.0623028391167 0.0173501577287 0.00473186119874 0.0457413249211 0.0552050473186 0.0544164037855 0.0402208201893 0.0520504731861 0.0370662460568 0.0141955835962 0.00315457413249 0.00788643533123 0.236593059937
119 0.106466876972 0.0141955835962 0.0567823343849 0.115930599369 0.00788643533123 0.0260252365931 0.0134069400631 0.0212933753943 0.0717665615142 0.0481072555205 0.00788643533123 0.0173501577287 0.0252365930599 0.0559936908517 0.0954258675079 0.0378548895899 0.0252365930599 0.0276025236593 0.00630914826498 0.0197160883281 0.19952681388
