POS A C D E F G H I K L M N P Q R S T V W Y -
1 0.0 0.0 0.000782472613459 0.0 0.0 0.000782472613459 0.0 0.0 0.0093896713615 0.0 0.0 0.000782472613459 0.0 0.0 0.00156494522692 0.0 0.000782472613459 0.0 0.0 0.0 0.985915492958
2 0.000821596244131 3.91236306729e-05 0.000821596244131 0.00629890453834 0.00160406885759 0.0399452269171 3.91236306729e-05 0.000821596244131 0.012558685446 0.00395148669797 0.00160406885759 0.00864632237872 3.91236306729e-05 0.00160406885759 0.00238654147105 0.012558685446 0.00629890453834 0.00160406885759 3.91236306729e-05 0.000821596244131 0.897496087637
3 0.0164710485133 3.91236306729e-05 0.0102112676056 0.0274256651017 0.00551643192488 0.0102112676056 0.00629890453834 0.0070813771518 0.0493348982786 0.00551643192488 0.000821596244131 0.0219483568075 0.00629890453834 0.0133411580595 0.0117762128326 0.0117762128326 0.0203834115806 0.0196009389671 0.00160406885759 0.000821596244131 0.753521126761
4 0.0368153364632 0.00316901408451 0.012558685446 0.0289906103286 0.0133411580595 0.0133411580595 0.00316901408451 0.0117762128326 0.0305555555556 0.0297730829421 0.00473395931142 0.0149061032864 0.0266431924883 0.0149061032864 0.0274256651017 0.0375978090767 0.0485524256651 0.022730829421 0.0070813771518 0.0102112676056 0.60172143975
5 0.0329420970266 0.000860719874804 0.0118153364632 0.0478090766823 0.0556338028169 0.0235524256651 0.00320813771518 0.0767605633803 0.0204225352113 0.0689358372457 0.00868544600939 0.00712050078247 0.0149452269171 0.0196400625978 0.0196400625978 0.0157276995305 0.0329420970266 0.0493740219092 0.0157276995305 0.0485915492958 0.425665101721
6 0.0360328638498 0.00238654147105 0.0344679186228 0.07906885759 0.00864632237872 0.0133411580595 0.0156885758998 0.0203834115806 0.0696791862285 0.0336854460094 0.00238654147105 0.0258607198748 0.0524647887324 0.0352503912363 0.0469874804382 0.0610719874804 0.0931533646322 0.0274256651017 0.00395148669797 0.00864632237872 0.329420970266
7 0.206611893584 0.0438575899844 0.00942879499218 0.00786384976526 0.0149061032864 0.183920187793 0.00473395931142 0.0235133020344 0.00551643192488 0.0180359937402 0.00864632237872 0.00395148669797 0.0070813771518 0.00160406885759 0.00473395931142 0.0117762128326 0.0196009389671 0.108020344288 0.00629890453834 0.0305555555556 0.279342723005
8 0.0211267605634 0.0 0.0148669796557 0.0532081377152 0.0156494522692 0.0399061032864 0.0133020344288 0.0602503912363 0.111111111111 0.0383411580595 0.00469483568075 0.00547730829421 0.0133020344288 0.037558685446 0.111111111111 0.0258215962441 0.1220657277 0.0798122065728 0.00156494522692 0.0195618153365 0.211267605634
9 0.0328638497653 0.0109546165884 0.0125195618153 0.00625978090767 0.0156494522692 0.00860719874804 0.00234741784038 0.10641627543 0.00625978090767 0.0586854460094 0.010172143975 0.00782472613459 0.0242566510172 0.00625978090767 0.0156494522692 0.0148669796557 0.0133020344288 0.48200312989 0.00234741784038 0.00860719874804 0.154147104851
10 0.0790297339593 0.00156494522692 0.0367762128326 0.0954616588419 0.00704225352113 0.0179968701095 0.010172143975 0.0758998435055 0.0539906103286 0.0672926447574 0.00391236306729 0.0211267605634 0.0195618153365 0.0156494522692 0.0266040688576 0.0312989045383 0.115805946792 0.175273865415 0.00469483568075 0.0133020344288 0.127543035994
11 0.0579029733959 0.0203442879499 0.0250391236307 0.0696400625978 0.0226917057903 0.0336463223787 0.0406885758998 0.00625978090767 0.118935837246 0.0125195618153 0.00312989045383 0.0195618153365 0.00234741784038 0.0485133020344 0.186228482003 0.112676056338 0.0242566510172 0.010172143975 0.0093896713615 0.0571205007825 0.118935837246
12 0.0422535211268 0.0164319248826 0.00469483568075 0.00234741784038 0.0117370892019 0.00234741784038 0.00469483568075 0.154929577465 0.000782472613459 0.00782472613459 0.00469483568075 0.00312989045383 0.00312989045383 0.00234741784038 0.00234741784038 0.00391236306729 0.0148669796557 0.591549295775 0.0093896713615 0.00782472613459 0.108763693271
13 0.0383411580595 0.00234741784038 0.0156494522692 0.0117370892019 0.0281690140845 0.0211267605634 0.0344287949922 0.206572769953 0.0211267605634 0.0985915492958 0.00391236306729 0.0125195618153 0.018779342723 0.010172143975 0.028951486698 0.0500782472613 0.0539906103286 0.193270735524 0.00704225352113 0.0469483568075 0.0962441314554
14 0.0140845070423 0.0 0.692488262911 0.018779342723 0.000782472613459 0.0117370892019 0.00156494522692 0.0 0.00469483568075 0.00234741784038 0.0 0.0226917057903 0.00547730829421 0.00704225352113 0.00625978090767 0.10641627543 0.0133020344288 0.0 0.0 0.000782472613459 0.0915492957746
15 0.0696400625978 0.000782472613459 0.0133020344288 0.00469483568075 0.00234741784038 0.750391236307 0.00234741784038 0.00156494522692 0.00312989045383 0.000782472613459 0.0 0.00312989045383 0.0226917057903 0.00234741784038 0.00312989045383 0.0156494522692 0.00782472613459 0.00391236306729 0.000782472613459 0.00156494522692 0.0899843505477
16 0.0172143974961 0.00704225352113 0.68544600939 0.0148669796557 0.00156494522692 0.0383411580595 0.00704225352113 0.00156494522692 0.00234741784038 0.00547730829421 0.00312989045383 0.0399061032864 0.0 0.0125195618153 0.0133020344288 0.0422535211268 0.0148669796557 0.00469483568075 0.0 0.0 0.0884194053208
17 0.0172143974961 0.00469483568075 0.00625978090767 0.00860719874804 0.00156494522692 0.0164319248826 0.00469483568075 0.0093896713615 0.010172143975 0.0133020344288 0.00547730829421 0.0133020344288 0.0 0.0125195618153 0.0500782472613 0.104851330203 0.614241001565 0.0156494522692 0.0 0.00391236306729 0.0876369327074
18 0.0266040688576 0.00704225352113 0.0 0.0 0.173708920188 0.00312989045383 0.0 0.245696400626 0.000782472613459 0.233959311424 0.0219092331768 0.0 0.0133020344288 0.000782472613459 0.0 0.00156494522692 0.00782472613459 0.149452269171 0.00547730829421 0.0195618153365 0.0892018779343
19 0.0234741784038 0.00156494522692 0.0594679186228 0.0868544600939 0.00782472613459 0.00782472613459 0.0172143974961 0.0594679186228 0.108763693271 0.0453834115806 0.00782472613459 0.0148669796557 0.000782472613459 0.0297339593114 0.158059467919 0.0297339593114 0.0931142410016 0.112676056338 0.0219092331768 0.0242566510172 0.0892018779343
20 0.0618153364632 0.0281690140845 0.00782472613459 0.00312989045383 0.0602503912363 0.00547730829421 0.00156494522692 0.152582159624 0.000782472613459 0.195618153365 0.018779342723 0.00234741784038 0.00156494522692 0.00156494522692 0.00156494522692 0.010172143975 0.0226917057903 0.304381846635 0.00469483568075 0.0109546165884 0.10406885759
21 0.056338028169 0.00547730829421 0.0649452269171 0.0641627543036 0.0179968701095 0.0524256651017 0.0179968701095 0.0336463223787 0.0790297339593 0.0704225352113 0.0172143974961 0.0430359937402 0.00547730829421 0.0336463223787 0.107198748044 0.0625978090767 0.0586854460094 0.0336463223787 0.00782472613459 0.0352112676056 0.133020344288
22 0.0367762128326 0.0226917057903 0.085289514867 0.0226917057903 0.0219092331768 0.0500782472613 0.0203442879499 0.0907668231612 0.0219092331768 0.0899843505477 0.0156494522692 0.0406885758998 0.0211267605634 0.0093896713615 0.0297339593114 0.0453834115806 0.0469483568075 0.066510172144 0.00625978090767 0.0219092331768 0.233959311424
23 0.0320813771518 0.00234741784038 0.104851330203 0.0383411580595 0.00469483568075 0.0672926447574 0.0125195618153 0.0148669796557 0.0359937402191 0.0219092331768 0.0 0.075117370892 0.0821596244131 0.0297339593114 0.0140845070423 0.0446009389671 0.027386541471 0.0133020344288 0.000782472613459 0.0093896713615 0.368544600939
24 0.0164319248826 0.00312989045383 0.0532081377152 0.0414710485133 0.00234741784038 0.250391236307 0.0093896713615 0.0109546165884 0.0508607198748 0.0093896713615 0.000782472613459 0.0492957746479 0.037558685446 0.0195618153365 0.0250391236307 0.0328638497653 0.0226917057903 0.010172143975 0.00156494522692 0.00234741784038 0.350547730829
25 0.028951486698 0.0117370892019 0.0344287949922 0.0688575899844 0.0109546165884 0.0532081377152 0.0179968701095 0.0133020344288 0.0993740219092 0.028951486698 0.0093896713615 0.0328638497653 0.0172143974961 0.0516431924883 0.0579029733959 0.0359937402191 0.0461658841941 0.0312989045383 0.000782472613459 0.00547730829421 0.343505477308
26 0.027386541471 0.0 0.028951486698 0.0845070422535 0.0109546165884 0.140062597809 0.0093896713615 0.0344287949922 0.0743348982786 0.0383411580595 0.00782472613459 0.0312989045383 0.0312989045383 0.0406885758998 0.0633802816901 0.047730829421 0.0719874804382 0.0414710485133 0.00312989045383 0.0109546165884 0.201877934272
27 0.0305164319249 0.00156494522692 0.0195618153365 0.110328638498 0.0328638497653 0.018779342723 0.018779342723 0.118153364632 0.0508607198748 0.0657276995305 0.018779342723 0.00704225352113 0.00782472613459 0.0719874804382 0.085289514867 0.0148669796557 0.0735524256651 0.10641627543 0.00625978090767 0.0414710485133 0.0993740219092
28 0.0226917057903 0.000782472613459 0.0156494522692 0.0305164319249 0.0093896713615 0.00860719874804 0.0211267605634 0.0258215962441 0.175273865415 0.0281690140845 0.00860719874804 0.0344287949922 0.0328638497653 0.027386541471 0.216744913928 0.0672926447574 0.149452269171 0.0359937402191 0.00156494522692 0.0109546165884 0.0766823161189
29 0.0250391236307 0.00625978090767 0.0 0.00234741784038 0.0579029733959 0.00547730829421 0.00234741784038 0.254303599374 0.0 0.111893583725 0.0172143974961 0.0 0.0 0.0 0.000782472613459 0.00547730829421 0.00469483568075 0.429577464789 0.00156494522692 0.0203442879499 0.0547730829421
30 0.0179968701095 0.00547730829421 0.00625978090767 0.00782472613459 0.00312989045383 0.010172143975 0.0226917057903 0.010172143975 0.0219092331768 0.0179968701095 0.00391236306729 0.0109546165884 0.00156494522692 0.0312989045383 0.697965571205 0.028951486698 0.0172143974961 0.0242566510172 0.000782472613459 0.00782472613459 0.0516431924883
31 0.0109546165884 0.00312989045383 0.000782472613459 0.000782472613459 0.075117370892 0.000782472613459 0.00156494522692 0.0892018779343 0.00234741784038 0.640062597809 0.0352112676056 0.00312989045383 0.00704225352113 0.0 0.0 0.00156494522692 0.00156494522692 0.0524256651017 0.0 0.027386541471 0.0469483568075
32 0.237871674491 0.0109546165884 0.0148669796557 0.027386541471 0.0446009389671 0.0117370892019 0.0203442879499 0.0899843505477 0.0133020344288 0.169796557121 0.0117370892019 0.0195618153365 0.00469483568075 0.0226917057903 0.0281690140845 0.0672926447574 0.0172143974961 0.0508607198748 0.0125195618153 0.0790297339593 0.0453834115806
33 0.0336463223787 0.0344287949922 0.0571205007825 0.0211267605634 0.0172143974961 0.607981220657 0.0156494522692 0.00234741784038 0.00312989045383 0.0367762128326 0.00782472613459 0.0422535211268 0.000782472613459 0.00234741784038 0.00782472613459 0.0391236306729 0.00312989045383 0.00156494522692 0.00391236306729 0.0172143974961 0.0446009389671
34 0.0140845070423 0.0093896713615 0.000782472613459 0.0 0.0203442879499 0.000782472613459 0.000782472613459 0.525821596244 0.0 0.0766823161189 0.0172143974961 0.0 0.00234741784038 0.0 0.0 0.00312989045383 0.00860719874804 0.266040688576 0.0 0.010172143975 0.0438184663537
35 0.0312989045383 0.000782472613459 0.568857589984 0.0485133020344 0.00234741784038 0.00469483568075 0.00469483568075 0.0093896713615 0.0320813771518 0.010172143975 0.00234741784038 0.0821596244131 0.00156494522692 0.0399061032864 0.0532081377152 0.0211267605634 0.0179968701095 0.0133020344288 0.00469483568075 0.00391236306729 0.0469483568075
36 0.428012519562 0.0610328638498 0.000782472613459 0.00469483568075 0.00625978090767 0.00782472613459 0.000782472613459 0.0156494522692 0.00391236306729 0.0242566510172 0.00469483568075 0.00391236306729 0.0179968701095 0.00234741784038 0.00391236306729 0.0586854460094 0.27386541471 0.0312989045383 0.00156494522692 0.00312989045383 0.0453834115806
37 0.028951486698 0.010172143975 0.00782472613459 0.00782472613459 0.00782472613459 0.00312989045383 0.00312989045383 0.00547730829421 0.00704225352113 0.0242566510172 0.00547730829421 0.0125195618153 0.770735524257 0.00312989045383 0.010172143975 0.0140845070423 0.0140845070423 0.0140845070423 0.00156494522692 0.000782472613459 0.047730829421
38 0.0305164319249 0.0 0.0469483568075 0.632237871674 0.00234741784038 0.0195618153365 0.00391236306729 0.00547730829421 0.0281690140845 0.0117370892019 0.00312989045383 0.0140845070423 0.0305164319249 0.0266040688576 0.0438184663537 0.0305164319249 0.0109546165884 0.00625978090767 0.0 0.00156494522692 0.0516431924883
39 0.0399061032864 0.00469483568075 0.0117370892019 0.0226917057903 0.0172143974961 0.027386541471 0.00234741784038 0.0907668231612 0.066510172144 0.149452269171 0.0453834115806 0.0133020344288 0.0500782472613 0.0117370892019 0.0641627543036 0.0805946791862 0.129107981221 0.0594679186228 0.00704225352113 0.0140845070423 0.0923317683881
40 0.0704225352113 0.00625978090767 0.0758998435055 0.0383411580595 0.0156494522692 0.14710485133 0.0344287949922 0.00469483568075 0.0985915492958 0.0117370892019 0.00156494522692 0.0461658841941 0.028951486698 0.0203442879499 0.0657276995305 0.0672926447574 0.0406885758998 0.0422535211268 0.00469483568075 0.0226917057903 0.156494522692
41 0.0320813771518 0.0 0.0399061032864 0.0399061032864 0.0156494522692 0.0516431924883 0.0633802816901 0.00625978090767 0.0680751173709 0.0156494522692 0.00860719874804 0.0226917057903 0.0195618153365 0.107981220657 0.0735524256651 0.0422535211268 0.0359937402191 0.0117370892019 0.00312989045383 0.0219092331768 0.320031298905
42 0.0406885758998 0.00469483568075 0.0336463223787 0.0414710485133 0.0172143974961 0.0539906103286 0.010172143975 0.010172143975 0.0492957746479 0.0125195618153 0.00547730829421 0.0297339593114 0.112676056338 0.0179968701095 0.0579029733959 0.0547730829421 0.0579029733959 0.0179968701095 0.00156494522692 0.00860719874804 0.361502347418
43 0.0492957746479 0.0719874804382 0.0571205007825 0.0226917057903 0.00312989045383 0.0845070422535 0.00391236306729 0.00704225352113 0.0430359937402 0.0109546165884 0.00234741784038 0.0485133020344 0.0125195618153 0.0242566510172 0.0547730829421 0.0422535211268 0.0258215962441 0.0117370892019 0.00156494522692 0.00625978090767 0.41627543036
44 0.0305164319249 0.0524256651017 0.028951486698 0.0352112676056 0.00782472613459 0.0735524256651 0.0133020344288 0.0125195618153 0.0790297339593 0.0195618153365 0.0109546165884 0.0258215962441 0.027386541471 0.0258215962441 0.0422535211268 0.0297339593114 0.028951486698 0.018779342723 0.00234741784038 0.0093896713615 0.425665101721
45 0.0383411580595 0.0164319248826 0.0391236306729 0.0539906103286 0.00782472613459 0.0406885758998 0.00625978090767 0.0117370892019 0.056338028169 0.0234741784038 0.00547730829421 0.0164319248826 0.110328638498 0.0320813771518 0.0430359937402 0.0359937402191 0.0234741784038 0.0242566510172 0.00156494522692 0.010172143975 0.402973395931
46 0.0829420970266 0.00156494522692 0.0602503912363 0.0892018779343 0.00312989045383 0.0657276995305 0.0133020344288 0.027386541471 0.0367762128326 0.0312989045383 0.00704225352113 0.0226917057903 0.0414710485133 0.0320813771518 0.0250391236307 0.0469483568075 0.0242566510172 0.0618153364632 0.00312989045383 0.00782472613459 0.316118935837
47 0.028951486698 0.00391236306729 0.0414710485133 0.219874804382 0.0125195618153 0.0250391236307 0.00704225352113 0.0140845070423 0.0383411580595 0.0234741784038 0.0133020344288 0.0125195618153 0.0133020344288 0.209702660407 0.0352112676056 0.0172143974961 0.027386541471 0.0140845070423 0.0586854460094 0.037558685446 0.146322378717
48 0.102503912363 0.0821596244131 0.0446009389671 0.0798122065728 0.0164319248826 0.0156494522692 0.0125195618153 0.010172143975 0.0399061032864 0.0219092331768 0.000782472613459 0.0226917057903 0.284037558685 0.0305164319249 0.0422535211268 0.0281690140845 0.0219092331768 0.0148669796557 0.00234741784038 0.0226917057903 0.10406885759
49 0.0305164319249 0.107198748044 0.0093896713615 0.0172143974961 0.169014084507 0.0743348982786 0.0250391236307 0.018779342723 0.0203442879499 0.107981220657 0.0179968701095 0.00469483568075 0.00312989045383 0.0140845070423 0.0250391236307 0.010172143975 0.00547730829421 0.0156494522692 0.0696400625978 0.166666666667 0.0876369327074
50 0.250391236307 0.0 0.00469483568075 0.0093896713615 0.0164319248826 0.494522691706 0.00312989045383 0.00391236306729 0.00469483568075 0.00547730829421 0.00156494522692 0.00782472613459 0.00469483568075 0.00782472613459 0.010172143975 0.0602503912363 0.010172143975 0.00469483568075 0.00547730829421 0.027386541471 0.0672926447574
51 0.0766823161189 0.0 0.0688575899844 0.121283255086 0.0242566510172 0.0148669796557 0.0156494522692 0.0422535211268 0.10641627543 0.0602503912363 0.0164319248826 0.0367762128326 0.0485133020344 0.0876369327074 0.0923317683881 0.028951486698 0.028951486698 0.0406885758998 0.0164319248826 0.0211267605634 0.0516431924883
52 0.143192488263 0.00156494522692 0.0438184663537 0.31220657277 0.00312989045383 0.00547730829421 0.010172143975 0.0203442879499 0.100156494523 0.0391236306729 0.0133020344288 0.0211267605634 0.0117370892019 0.10172143975 0.0672926447574 0.0172143974961 0.0195618153365 0.0219092331768 0.00704225352113 0.00547730829421 0.0344287949922
53 0.704225352113 0.00860719874804 0.00469483568075 0.00312989045383 0.00234741784038 0.018779342723 0.000782472613459 0.00782472613459 0.00156494522692 0.00625978090767 0.00234741784038 0.00547730829421 0.00312989045383 0.00469483568075 0.00234741784038 0.160406885759 0.0125195618153 0.0148669796557 0.00234741784038 0.00156494522692 0.0320813771518
54 0.0766823161189 0.00234741784038 0.00547730829421 0.0148669796557 0.0148669796557 0.0140845070423 0.010172143975 0.0133020344288 0.251956181534 0.0516431924883 0.00860719874804 0.00704225352113 0.00234741784038 0.0344287949922 0.224569640063 0.0782472613459 0.131455399061 0.0109546165884 0.00704225352113 0.0148669796557 0.0250391236307
55 0.135367762128 0.000782472613459 0.137715179969 0.155712050078 0.0195618153365 0.0148669796557 0.0219092331768 0.0133020344288 0.0790297339593 0.0328638497653 0.00469483568075 0.0594679186228 0.0 0.100156494523 0.0766823161189 0.0367762128326 0.0492957746479 0.0179968701095 0.00625978090767 0.0109546165884 0.0266040688576
56 0.16044600939 0.00473395931142 0.00395148669797 0.0329029733959 0.249647887324 0.0109937402191 0.0391627543036 0.0109937402191 0.0258607198748 0.050117370892 0.012558685446 0.0102112676056 0.000821596244131 0.0203834115806 0.0884585289515 0.0133411580595 0.0250782472613 0.0266431924883 0.0649843505477 0.131494522692 0.0172143974961
57 0.0955007824726 0.00160406885759 3.91236306729e-05 0.00316901408451 0.0180359937402 0.00238654147105 0.000821596244131 0.0172535211268 3.91236306729e-05 0.548552425665 0.0360328638498 0.0235133020344 0.000821596244131 0.00238654147105 0.000821596244131 0.0141236306729 0.113497652582 0.103325508607 0.000821596244131 0.000821596244131 0.0164319248826
58 0.0892410015649 0.00864632237872 0.0188184663537 0.143231611894 0.00551643192488 0.0188184663537 0.012558685446 0.031338028169 0.161228482003 0.0282081377152 0.00864632237872 0.0258607198748 3.91236306729e-05 0.0696791862285 0.194092331768 0.0696791862285 0.0610719874804 0.031338028169 0.000821596244131 0.0070813771518 0.0140845070423
59 0.0900234741784 0.00395148669797 0.110367762128 0.129147104851 0.00473395931142 0.0422926447574 0.00786384976526 0.00864632237872 0.143231611894 0.0196009389671 0.00395148669797 0.0681142410016 0.00238654147105 0.0806338028169 0.0892410015649 0.120539906103 0.0407276995305 0.00942879499218 0.00316901408451 0.00551643192488 0.0164319248826
60 0.0274256651017 0.00473395931142 0.00316901408451 0.0156885758998 0.0555946791862 0.00395148669797 0.0203834115806 0.0587245696401 0.0657668231612 0.364671361502 0.0571596244131 0.0258607198748 0.000821596244131 0.0336854460094 0.0814162754304 0.00864632237872 0.0297730829421 0.0203834115806 0.0274256651017 0.0289906103286 0.0657276995305
61 0.0454225352113 0.0352503912363 0.00238654147105 0.00316901408451 0.0242957746479 0.000821596244131 0.00160406885759 0.151838810642 0.00395148669797 0.400665101721 0.0258607198748 0.00395148669797 0.00238654147105 0.00473395931142 0.00629890453834 0.00629890453834 0.0321205007825 0.177660406886 0.00786384976526 0.00629890453834 0.0571205007825
62 0.0336463223787 0.010172143975 0.0148669796557 0.0242566510172 0.00312989045383 0.0179968701095 0.00312989045383 0.0156494522692 0.0399061032864 0.0618153364632 0.010172143975 0.0156494522692 0.0727699530516 0.0125195618153 0.0172143974961 0.0297339593114 0.0234741784038 0.0320813771518 0.00234741784038 0.00469483568075 0.554773082942
63 0.0821987480438 0.000821596244131 0.0399452269171 0.07906885759 0.0235133020344 0.0704616588419 0.0188184663537 0.0469874804382 0.0626369327074 0.126017214397 0.0180359937402 0.0751564945227 0.0352503912363 0.0407276995305 0.0767214397496 0.0430751173709 0.0219483568075 0.0438575899844 0.00316901408451 0.0109937402191 0.0805946791862
64 0.0767214397496 0.00316901408451 0.0665492957746 0.0211658841941 0.00395148669797 0.397535211268 0.0203834115806 0.00316901408451 0.0462050078247 0.0188184663537 0.00316901408451 0.0884585289515 0.0109937402191 0.0704616588419 0.0508998435055 0.0375978090767 0.022730829421 0.00629890453834 0.00238654147105 0.00551643192488 0.0438184663537
65 0.0399452269171 0.00238654147105 0.0321205007825 0.050117370892 0.00551643192488 0.0814162754304 0.0258607198748 0.00316901408451 0.255125195618 0.00551643192488 0.00473395931142 0.031338028169 0.0156885758998 0.0892410015649 0.18079029734 0.0540297339593 0.050117370892 0.00786384976526 0.00238654147105 0.00473395931142 0.0579029733959
66 0.0462050078247 0.00160406885759 0.0845461658842 0.106455399061 0.0141236306729 0.0219483568075 0.0172535211268 0.0250782472613 0.111150234742 0.0180359937402 0.00473395931142 0.0524647887324 0.0634194053208 0.0563771517997 0.0955007824726 0.0642018779343 0.124452269171 0.0438575899844 0.00629890453834 0.0117762128326 0.0305164319249
67 0.0438575899844 0.0109937402191 0.00629890453834 0.00160406885759 0.0258607198748 0.00395148669797 3.91236306729e-05 0.187832550861 0.0070813771518 0.0955007824726 0.00629890453834 0.00160406885759 0.0070813771518 0.00629890453834 0.00551643192488 0.0102112676056 0.00942879499218 0.540727699531 0.00629890453834 0.00473395931142 0.018779342723
68 0.0305555555556 0.000821596244131 0.0430751173709 0.108802816901 0.0329029733959 0.0188184663537 0.0203834115806 0.0368153364632 0.0720266040689 0.0446400625978 0.012558685446 0.0219483568075 0.00473395931142 0.0485524256651 0.117410015649 0.0673317683881 0.150273865415 0.0571596244131 0.031338028169 0.060289514867 0.0195618153365
69 0.022730829421 0.133059467919 0.00160406885759 0.00238654147105 0.0626369327074 0.0070813771518 3.91236306729e-05 0.177660406886 0.00316901408451 0.298943661972 0.0172535211268 0.00160406885759 0.00160406885759 0.00238654147105 0.00473395931142 0.00473395931142 0.0102112676056 0.206611893584 0.00238654147105 0.0149061032864 0.0242566510172
70 0.0336854460094 0.00238654147105 0.060289514867 0.208959311424 0.0141236306729 0.00942879499218 0.0203834115806 0.0407276995305 0.0775039123631 0.0399452269171 0.0070813771518 0.022730829421 0.00395148669797 0.0704616588419 0.102543035994 0.050117370892 0.0908059467919 0.0915884194053 0.00786384976526 0.0211658841941 0.0242566510172
71 0.0532472613459 0.0164710485133 0.022730829421 0.0321205007825 0.0908059467919 0.0211658841941 0.0070813771518 0.0884585289515 0.022730829421 0.0931533646322 0.00786384976526 0.012558685446 0.0696791862285 0.0242957746479 0.0383802816901 0.0493348982786 0.0524647887324 0.114280125196 0.00551643192488 0.0618544600939 0.115805946792
72 0.0368153364632 0.000821596244131 0.233998435055 0.0931533646322 0.0117762128326 0.0407276995305 0.0180359937402 0.0540297339593 0.0250782472613 0.0563771517997 0.00786384976526 0.022730829421 0.022730829421 0.0219483568075 0.0289906103286 0.0391627543036 0.0360328638498 0.0767214397496 0.00629890453834 0.0156885758998 0.151017214397
73 0.0093896713615 0.000782472613459 0.0242566510172 0.027386541471 0.00312989045383 0.027386541471 0.00782472613459 0.0093896713615 0.0352112676056 0.00547730829421 0.00156494522692 0.0109546165884 0.0430359937402 0.0133020344288 0.0179968701095 0.0234741784038 0.0140845070423 0.0125195618153 0.00156494522692 0.010172143975 0.701095461659
74 0.0414710485133 0.00156494522692 0.0336463223787 0.0391236306729 0.00469483568075 0.0712050078247 0.00547730829421 0.0179968701095 0.0258215962441 0.0297339593114 0.00156494522692 0.0305164319249 0.0367762128326 0.0320813771518 0.0320813771518 0.0344287949922 0.0336463223787 0.0391236306729 0.00704225352113 0.0125195618153 0.469483568075
75 0.0438184663537 0.0 0.0610328638498 0.0618153364632 0.00704225352113 0.0516431924883 0.0140845070423 0.0219092331768 0.0297339593114 0.0156494522692 0.00782472613459 0.0305164319249 0.0320813771518 0.0500782472613 0.028951486698 0.037558685446 0.0352112676056 0.0226917057903 0.000782472613459 0.0266040688576 0.420970266041
76 0.0579420970266 0.00316901408451 0.102543035994 0.0743740219092 0.00629890453834 0.183920187793 0.0180359937402 0.0156885758998 0.0806338028169 0.0274256651017 0.0102112676056 0.0360328638498 0.0274256651017 0.0375978090767 0.0696791862285 0.0696791862285 0.0469874804382 0.0258607198748 3.91236306729e-05 0.0172535211268 0.0892018779343
77 0.0438575899844 0.00473395931142 0.0258607198748 0.0422926447574 0.0336854460094 0.0282081377152 0.0156885758998 0.0493348982786 0.115845070423 0.0407276995305 0.0133411580595 0.0196009389671 0.0391627543036 0.0454225352113 0.162010954617 0.0383802816901 0.118974960876 0.0767214397496 0.00473395931142 0.0274256651017 0.0539906103286
78 0.022730829421 0.00473395931142 0.650273865415 0.0352503912363 0.00473395931142 0.0649843505477 0.00160406885759 0.00786384976526 0.0289906103286 0.00864632237872 0.00316901408451 0.0274256651017 0.0203834115806 0.00942879499218 0.0156885758998 0.022730829421 0.0258607198748 0.0109937402191 0.000821596244131 0.00316901408451 0.0305164319249
79 0.0430751173709 0.000821596244131 0.0407276995305 0.0360328638498 0.00864632237872 0.0383802816901 0.0266431924883 0.0156885758998 0.192527386541 0.012558685446 0.00551643192488 0.0305555555556 0.0360328638498 0.0657668231612 0.252777777778 0.0696791862285 0.0336854460094 0.0242957746479 0.00551643192488 0.0258607198748 0.0352112676056
80 0.0219483568075 0.00160406885759 0.0360328638498 0.0211658841941 0.0814162754304 0.031338028169 0.0266431924883 0.00629890453834 0.0211658841941 0.012558685446 0.00316901408451 0.0485524256651 0.0102112676056 0.0250782472613 0.0203834115806 0.0375978090767 0.0211658841941 0.00942879499218 0.0250782472613 0.49534428795 0.0438184663537
81 0.0148669796557 0.00312989045383 0.0931142410016 0.0234741784038 0.0140845070423 0.590766823161 0.0140845070423 0.00234741784038 0.037558685446 0.00234741784038 0.0 0.0641627543036 0.010172143975 0.0266040688576 0.027386541471 0.0258215962441 0.00704225352113 0.00469483568075 0.000782472613459 0.00156494522692 0.0359937402191
82 0.0211267605634 0.00547730829421 0.0125195618153 0.018779342723 0.00234741784038 0.0109546165884 0.0117370892019 0.010172143975 0.0156494522692 0.0140845070423 0.00625978090767 0.0414710485133 0.010172143975 0.0179968701095 0.684663536776 0.0179968701095 0.027386541471 0.0226917057903 0.00469483568075 0.00782472613459 0.0359937402191
83 0.0539906103286 0.0133020344288 0.0133020344288 0.0297339593114 0.0571205007825 0.00782472613459 0.0164319248826 0.10406885759 0.0242566510172 0.230046948357 0.0242566510172 0.0156494522692 0.0414710485133 0.0234741784038 0.0226917057903 0.0344287949922 0.0946791862285 0.0970266040689 0.0242566510172 0.0492957746479 0.0226917057903
84 0.0125195618153 0.00860719874804 0.00391236306729 0.0117370892019 0.0281690140845 0.00156494522692 0.00860719874804 0.115023474178 0.00547730829421 0.430359937402 0.0156494522692 0.00391236306729 0.0266040688576 0.00782472613459 0.0140845070423 0.0164319248826 0.0226917057903 0.215962441315 0.00704225352113 0.0211267605634 0.0226917057903
85 0.451486697966 0.0508607198748 0.0 0.00312989045383 0.00469483568075 0.252738654147 0.00156494522692 0.00312989045383 0.000782472613459 0.0140845070423 0.00469483568075 0.000782472613459 0.00156494522692 0.00391236306729 0.0524256651017 0.0281690140845 0.010172143975 0.0829420970266 0.0 0.00547730829421 0.027386541471
86 0.027386541471 0.00547730829421 0.0618153364632 0.0633802816901 0.0328638497653 0.00469483568075 0.056338028169 0.0492957746479 0.0383411580595 0.0508607198748 0.0109546165884 0.028951486698 0.00625978090767 0.0344287949922 0.0704225352113 0.0579029733959 0.0931142410016 0.0704225352113 0.0312989045383 0.191705790297 0.0140845070423
87 0.0305164319249 0.136150234742 0.00156494522692 0.00234741784038 0.0133020344288 0.00312989045383 0.0 0.160406885759 0.00234741784038 0.154147104851 0.0148669796557 0.00156494522692 0.00704225352113 0.000782472613459 0.00156494522692 0.00234741784038 0.00625978090767 0.444444444444 0.00234741784038 0.00156494522692 0.0133020344288
88 0.0297339593114 0.00312989045383 0.0133020344288 0.0336463223787 0.152582159624 0.00704225352113 0.0172143974961 0.0438184663537 0.0320813771518 0.0594679186228 0.0156494522692 0.010172143975 0.00469483568075 0.0226917057903 0.0672926447574 0.0422535211268 0.0618153364632 0.0485133020344 0.102503912363 0.219092331768 0.0133020344288
89 0.0907668231612 0.0266040688576 0.0211267605634 0.0117370892019 0.0297339593114 0.0125195618153 0.0352112676056 0.0860719874804 0.0250391236307 0.207355242567 0.0156494522692 0.0234741784038 0.0156494522692 0.010172143975 0.0524256651017 0.0391236306729 0.0547730829421 0.179186228482 0.00156494522692 0.0430359937402 0.018779342723
90 0.037558685446 0.000782472613459 0.259780907668 0.0672926447574 0.00312989045383 0.183098591549 0.00860719874804 0.00547730829421 0.0485133020344 0.0133020344288 0.00234741784038 0.111893583725 0.0610328638498 0.0242566510172 0.0359937402191 0.0555555555556 0.0211267605634 0.010172143975 0.00391236306729 0.00547730829421 0.0406885758998
91 0.0328638497653 0.00391236306729 0.10406885759 0.0618153364632 0.00469483568075 0.410798122066 0.00704225352113 0.00156494522692 0.0657276995305 0.00391236306729 0.00312989045383 0.0735524256651 0.0117370892019 0.018779342723 0.0500782472613 0.0391236306729 0.028951486698 0.00860719874804 0.00391236306729 0.00625978090767 0.0594679186228
92 0.0422926447574 0.000821596244131 0.031338028169 0.0798513302034 0.00551643192488 0.060289514867 0.0164710485133 0.0555946791862 0.102543035994 0.0642018779343 0.0156885758998 0.0235133020344 0.0102112676056 0.0649843505477 0.124452269171 0.0211658841941 0.115062597809 0.0908059467919 0.00395148669797 0.0156885758998 0.0555555555556
93 0.00547730829421 0.0266040688576 0.305946791862 0.027386541471 0.0422535211268 0.00312989045383 0.010172143975 0.0109546165884 0.00391236306729 0.102503912363 0.0359937402191 0.176838810642 0.0226917057903 0.00547730829421 0.0109546165884 0.115023474178 0.0281690140845 0.0148669796557 0.0172143974961 0.0133020344288 0.0211267605634
94 0.0352112676056 0.00312989045383 0.00704225352113 0.000782472613459 0.0539906103286 0.0 0.00156494522692 0.212832550861 0.000782472613459 0.337245696401 0.00547730829421 0.0 0.00391236306729 0.00234741784038 0.0 0.00312989045383 0.00469483568075 0.266823161189 0.00704225352113 0.0399061032864 0.0140845070423
95 0.156494522692 0.00860719874804 0.0109546165884 0.0179968701095 0.0 0.163536776213 0.00156494522692 0.00234741784038 0.00312989045383 0.00156494522692 0.000782472613459 0.39593114241 0.00312989045383 0.085289514867 0.00469483568075 0.111893583725 0.0133020344288 0.00234741784038 0.0 0.000782472613459 0.0156494522692
96 0.157276995305 0.0109546165884 0.0422535211268 0.223004694836 0.0117370892019 0.0195618153365 0.0140845070423 0.0258215962441 0.0547730829421 0.133020344288 0.00860719874804 0.0125195618153 0.00234741784038 0.0633802816901 0.0672926447574 0.0391236306729 0.0281690140845 0.0453834115806 0.000782472613459 0.0211267605634 0.018779342723
97 0.123630672926 0.00156494522692 0.0359937402191 0.22613458529 0.0179968701095 0.0117370892019 0.028951486698 0.0367762128326 0.0492957746479 0.0962441314554 0.0305164319249 0.00704225352113 0.00234741784038 0.0704225352113 0.047730829421 0.0258215962441 0.0524256651017 0.0438184663537 0.0438184663537 0.0297339593114 0.0179968701095
98 0.0219092331768 0.000782472613459 0.000782472613459 0.00391236306729 0.00234741784038 0.00234741784038 0.00156494522692 0.0547730829421 0.000782472613459 0.541471048513 0.256651017214 0.0 0.000782472613459 0.0438184663537 0.000782472613459 0.00469483568075 0.00391236306729 0.0383411580595 0.0 0.000782472613459 0.0195618153365
99 0.0320813771518 0.00547730829421 0.0 0.0 0.00156494522692 0.000782472613459 0.0 0.191705790297 0.00391236306729 0.299687010955 0.0117370892019 0.000782472613459 0.0 0.00234741784038 0.00391236306729 0.00469483568075 0.0117370892019 0.408450704225 0.0 0.00156494522692 0.0195618153365
100 0.120500782473 0.00156494522692 0.0297339593114 0.181533646322 0.00234741784038 0.0211267605634 0.00312989045383 0.00704225352113 0.149452269171 0.0242566510172 0.00782472613459 0.0211267605634 0.0 0.0586854460094 0.220657276995 0.085289514867 0.0203442879499 0.0148669796557 0.00234741784038 0.00547730829421 0.0226917057903
101 0.147887323944 0.00156494522692 0.0485133020344 0.181533646322 0.00469483568075 0.0297339593114 0.0172143974961 0.00469483568075 0.0696400625978 0.0446009389671 0.0109546165884 0.112676056338 0.0 0.0899843505477 0.0813771517997 0.0899843505477 0.0258215962441 0.00860719874804 0.000782472613459 0.00469483568075 0.0250391236307
102 0.00469483568075 0.000782472613459 0.010172143975 0.00469483568075 0.0 0.919405320814 0.0 0.0 0.0093896713615 0.0 0.0 0.00625978090767 0.00234741784038 0.00156494522692 0.00625978090767 0.00547730829421 0.000782472613459 0.000782472613459 0.000782472613459 0.0 0.0266040688576
103 0.037558685446 0.00547730829421 0.00469483568075 0.00469483568075 0.0805946791862 0.00391236306729 0.0579029733959 0.0109546165884 0.00704225352113 0.363849765258 0.0547730829421 0.0117370892019 0.0 0.0148669796557 0.00547730829421 0.00704225352113 0.00547730829421 0.0148669796557 0.0946791862285 0.183881064163 0.0305164319249
104 0.74882629108 0.00704225352113 0.000782472613459 0.000782472613459 0.000782472613459 0.0876369327074 0.00156494522692 0.000782472613459 0.00156494522692 0.00782472613459 0.00312989045383 0.0 0.000782472613459 0.0 0.00156494522692 0.0226917057903 0.0148669796557 0.0649452269171 0.0 0.00234741784038 0.0320813771518
105 0.0250391236307 0.00782472613459 0.0109546165884 0.0555555555556 0.0352112676056 0.00469483568075 0.0125195618153 0.0438184663537 0.0790297339593 0.0516431924883 0.018779342723 0.0093896713615 0.00704225352113 0.0336463223787 0.186228482003 0.0203442879499 0.047730829421 0.085289514867 0.0821596244131 0.0352112676056 0.147887323944
106 0.103286384977 0.0148669796557 0.0140845070423 0.0195618153365 0.0305164319249 0.00312989045383 0.0125195618153 0.0485133020344 0.00625978090767 0.0602503912363 0.00860719874804 0.00625978090767 0.0774647887324 0.00312989045383 0.0140845070423 0.0125195618153 0.0305164319249 0.219092331768 0.0211267605634 0.0336463223787 0.260563380282
107 0.103286384977 0.00547730829421 0.0430359937402 0.0211267605634 0.0312989045383 0.0164319248826 0.0297339593114 0.0172143974961 0.0266040688576 0.0367762128326 0.00782472613459 0.0383411580595 0.010172143975 0.0172143974961 0.0414710485133 0.0344287949922 0.0297339593114 0.0446009389671 0.00860719874804 0.10641627543 0.330203442879
108 0.027386541471 0.00312989045383 0.0312989045383 0.0312989045383 0.0399061032864 0.0226917057903 0.00547730829421 0.0156494522692 0.0172143974961 0.0203442879499 0.00547730829421 0.018779342723 0.0344287949922 0.0156494522692 0.0516431924883 0.0226917057903 0.028951486698 0.0164319248826 0.0391236306729 0.130672926448 0.421752738654
109 0.0602503912363 0.000782472613459 0.0625978090767 0.0305164319249 0.0242566510172 0.0297339593114 0.0352112676056 0.0586854460094 0.0492957746479 0.0250391236307 0.00782472613459 0.0156494522692 0.0649452269171 0.0179968701095 0.0508607198748 0.0438184663537 0.0399061032864 0.0798122065728 0.0093896713615 0.0266040688576 0.266823161189
110 0.0399061032864 0.00156494522692 0.0383411580595 0.0344287949922 0.0453834115806 0.027386541471 0.0211267605634 0.0219092331768 0.028951486698 0.0219092331768 0.00547730829421 0.0211267605634 0.0179968701095 0.0226917057903 0.0281690140845 0.0516431924883 0.0172143974961 0.0234741784038 0.0312989045383 0.208920187793 0.291079812207
111 0.047730829421 0.00704225352113 0.047730829421 0.0446009389671 0.0125195618153 0.0610328638498 0.0156494522692 0.0179968701095 0.0383411580595 0.0312989045383 0.00391236306729 0.027386541471 0.103286384977 0.0281690140845 0.0532081377152 0.0727699530516 0.0500782472613 0.0195618153365 0.000782472613459 0.0211267605634 0.295774647887
112 0.0438184663537 0.0093896713615 0.0555555555556 0.027386541471 0.0140845070423 0.0579029733959 0.0140845070423 0.0093896713615 0.0602503912363 0.0383411580595 0.00782472613459 0.0328638497653 0.129890453834 0.0430359937402 0.0352112676056 0.0508607198748 0.0297339593114 0.0172143974961 0.00234741784038 0.0211267605634 0.299687010955
113 0.0352112676056 0.00234741784038 0.0821596244131 0.0516431924883 0.0179968701095 0.047730829421 0.0179968701095 0.00625978090767 0.0492957746479 0.0140845070423 0.00391236306729 0.128325508607 0.0406885758998 0.0234741784038 0.0406885758998 0.0422535211268 0.0195618153365 0.00860719874804 0.00312989045383 0.0320813771518 0.33255086072
114 0.0383411580595 0.0148669796557 0.0492957746479 0.0305164319249 0.0359937402191 0.0258215962441 0.0172143974961 0.0140845070423 0.0344287949922 0.0524256651017 0.010172143975 0.0281690140845 0.0320813771518 0.0266040688576 0.018779342723 0.0579029733959 0.0657276995305 0.037558685446 0.00234741784038 0.0399061032864 0.367762128326
115 0.0641627543036 0.00547730829421 0.0586854460094 0.0469483568075 0.00547730829421 0.0328638497653 0.0093896713615 0.00625978090767 0.108763693271 0.0281690140845 0.00547730829421 0.0242566510172 0.066510172144 0.0250391236307 0.0547730829421 0.075117370892 0.0399061032864 0.0164319248826 0.00156494522692 0.00782472613459 0.316901408451
116 0.0211267605634 0.027386541471 0.0422535211268 0.0258215962441 0.0492957746479 0.0281690140845 0.0250391236307 0.0211267605634 0.0297339593114 0.0516431924883 0.0093896713615 0.0211267605634 0.0164319248826 0.0195618153365 0.0485133020344 0.0305164319249 0.0179968701095 0.018779342723 0.00782472613459 0.20813771518 0.280125195618
117 0.0868544600939 0.0211267605634 0.0352112676056 0.0281690140845 0.0258215962441 0.0320813771518 0.0219092331768 0.0266040688576 0.0391236306729 0.0696400625978 0.0148669796557 0.0179968701095 0.0156494522692 0.037558685446 0.0774647887324 0.056338028169 0.0328638497653 0.0328638497653 0.0117370892019 0.0492957746479 0.266823161189
118 0.0876369327074 0.00312989045383 0.107198748044 0.100156494523 0.00547730829421 0.056338028169 0.0133020344288 0.00391236306729 0.0641627543036 0.0179968701095 0.00391236306729 0.0406885758998 0.0524256651017 0.0500782472613 0.0383411580595 0.0532081377152 0.0352112676056 0.0140845070423 0.00312989045383 0.00782472613459 0.241784037559
119 0.105633802817 0.0140845070423 0.0579029733959 0.123630672926 0.00782472613459 0.0211267605634 0.0164319248826 0.0172143974961 0.0657276995305 0.0430359937402 0.0093896713615 0.0179968701095 0.0242566510172 0.0633802816901 0.0970266040689 0.0359937402191 0.0258215962441 0.0250391236307 0.00547730829421 0.0203442879499 0.202660406886
