POS A C D E F G H I K L M N P Q R S T V W Y -
1 0.000794912559618 0.0 0.000794912559618 0.00635930047695 0.000794912559618 0.010333863275 0.0 0.000794912559618 0.00238473767886 0.00158982511924 0.0 0.0 0.0 0.0 0.0 0.00635930047695 0.000794912559618 0.000794912559618 0.0 0.0 0.968203497615
2 0.00715421303657 0.0 0.00794912559618 0.016693163752 0.0 0.00317965023847 0.00317965023847 0.00238473767886 0.0302066772655 0.00158982511924 0.0 0.010333863275 0.00317965023847 0.0087440381558 0.0087440381558 0.00476947535771 0.0119236883943 0.010333863275 0.0 0.0 0.869634340223
3 0.0254372019078 0.00158982511924 0.0151033386328 0.0278219395866 0.0087440381558 0.0127186009539 0.00317965023847 0.00953895071542 0.0254372019078 0.0230524642289 0.00317965023847 0.0119236883943 0.0278219395866 0.0119236883943 0.0238473767886 0.033386327504 0.0397456279809 0.0198728139905 0.00476947535771 0.00953895071542 0.661367249603
4 0.0294117647059 0.000794912559618 0.0151033386328 0.0453100158983 0.0556438791733 0.0222575516693 0.00397456279809 0.0755166931638 0.0206677265501 0.0643879173291 0.00953895071542 0.00635930047695 0.0151033386328 0.0182829888712 0.0190779014308 0.016693163752 0.0341812400636 0.0540540540541 0.0135135135135 0.0484896661367 0.431637519873
5 0.0325914149444 0.00238473767886 0.0262321144674 0.0739268680445 0.00635930047695 0.0111287758347 0.0143084260731 0.0230524642289 0.0620031796502 0.0381558028617 0.00238473767886 0.0262321144674 0.050079491256 0.0365659777424 0.0476947535771 0.0524642289348 0.0882352941176 0.0286168521463 0.00317965023847 0.010333863275 0.364069952305
6 0.197138314785 0.0413354531002 0.00953895071542 0.00635930047695 0.016693163752 0.180445151033 0.00397456279809 0.0182829888712 0.00556438791733 0.0190779014308 0.00953895071542 0.00397456279809 0.00635930047695 0.00158982511924 0.00397456279809 0.010333863275 0.0174880763116 0.109697933227 0.00556438791733 0.0302066772655 0.302861685215
7 0.0158982511924 0.0 0.016693163752 0.0556438791733 0.0119236883943 0.0413354531002 0.010333863275 0.0508744038156 0.113672496025 0.0365659777424 0.00476947535771 0.0087440381558 0.0119236883943 0.0349761526232 0.113672496025 0.0230524642289 0.12480127186 0.0635930047695 0.00238473767886 0.0174880763116 0.241653418124
8 0.027027027027 0.00953895071542 0.0111287758347 0.00556438791733 0.0151033386328 0.010333863275 0.00317965023847 0.100158982512 0.0087440381558 0.060413354531 0.00794912559618 0.00794912559618 0.0254372019078 0.00635930047695 0.0174880763116 0.0119236883943 0.0135135135135 0.490461049285 0.00238473767886 0.00635930047695 0.158982511924
9 0.0842607313196 0.00238473767886 0.0373608903021 0.0922098569157 0.0087440381558 0.0111287758347 0.0111287758347 0.0842607313196 0.0508744038156 0.0651828298887 0.00397456279809 0.0182829888712 0.016693163752 0.0135135135135 0.0214626391097 0.0349761526232 0.116852146264 0.172496025437 0.00476947535771 0.0151033386328 0.134340222576
10 0.0612082670906 0.0174880763116 0.0246422893482 0.0627980922099 0.0238473767886 0.0373608903021 0.0397456279809 0.00556438791733 0.112877583466 0.0111287758347 0.00238473767886 0.016693163752 0.00158982511924 0.050079491256 0.194753577107 0.110492845787 0.0254372019078 0.010333863275 0.0111287758347 0.060413354531 0.120031796502
11 0.0429252782194 0.0158982511924 0.00476947535771 0.00238473767886 0.00953895071542 0.00238473767886 0.00476947535771 0.159777424483 0.000794912559618 0.00953895071542 0.00556438791733 0.000794912559618 0.00238473767886 0.00238473767886 0.00238473767886 0.00476947535771 0.0151033386328 0.587440381558 0.00953895071542 0.00715421303657 0.109697933227
12 0.033386327504 0.00238473767886 0.016693163752 0.0127186009539 0.0230524642289 0.0254372019078 0.0357710651828 0.211446740859 0.0182829888712 0.0961844197138 0.00317965023847 0.0127186009539 0.0190779014308 0.010333863275 0.0310015898251 0.050079491256 0.0476947535771 0.197138314785 0.00794912559618 0.0476947535771 0.0977742448331
13 0.0158982511924 0.0 0.689189189189 0.0190779014308 0.000794912559618 0.0143084260731 0.00238473767886 0.0 0.00397456279809 0.00397456279809 0.0 0.0238473767886 0.00476947535771 0.00715421303657 0.00476947535771 0.100953895072 0.0151033386328 0.0 0.0 0.0 0.093799682035
14 0.0683624801272 0.000794912559618 0.0119236883943 0.00556438791733 0.00238473767886 0.752782193959 0.00238473767886 0.00158982511924 0.00317965023847 0.0 0.0 0.00317965023847 0.0190779014308 0.00238473767886 0.00397456279809 0.0174880763116 0.00556438791733 0.00397456279809 0.000794912559618 0.00238473767886 0.0922098569157
15 0.0174880763116 0.00635930047695 0.678060413355 0.0135135135135 0.00158982511924 0.0389507154213 0.00794912559618 0.000794912559618 0.00317965023847 0.00556438791733 0.000794912559618 0.0389507154213 0.0 0.0135135135135 0.0143084260731 0.0508744038156 0.0111287758347 0.00635930047695 0.0 0.0 0.0906200317965
16 0.0198728139905 0.00476947535771 0.00635930047695 0.0087440381558 0.00158982511924 0.0174880763116 0.00317965023847 0.0111287758347 0.0111287758347 0.0135135135135 0.00397456279809 0.0158982511924 0.0 0.0111287758347 0.050079491256 0.10413354531 0.608903020668 0.0151033386328 0.0 0.00317965023847 0.0898251192369
17 0.0286168521463 0.00794912559618 0.0 0.000794912559618 0.170906200318 0.00317965023847 0.0 0.238473767886 0.000794912559618 0.241653418124 0.0230524642289 0.0 0.0127186009539 0.000794912559618 0.0 0.00158982511924 0.00715421303657 0.149443561208 0.00476947535771 0.016693163752 0.0914149443561
18 0.0254372019078 0.00238473767886 0.0596184419714 0.0914149443561 0.00635930047695 0.00635930047695 0.0174880763116 0.0643879173291 0.107313195548 0.0405405405405 0.00715421303657 0.0127186009539 0.000794912559618 0.0286168521463 0.156597774245 0.0238473767886 0.0961844197138 0.112877583466 0.0230524642289 0.0254372019078 0.0914149443561
19 0.0612082670906 0.0286168521463 0.00715421303657 0.00317965023847 0.060413354531 0.00635930047695 0.00158982511924 0.161367249603 0.000794912559618 0.193958664547 0.016693163752 0.00238473767886 0.00158982511924 0.00158982511924 0.00317965023847 0.0087440381558 0.0222575516693 0.298887122417 0.00397456279809 0.010333863275 0.105723370429
20 0.0524642289348 0.00635930047695 0.0643879173291 0.0643879173291 0.016693163752 0.0556438791733 0.0214626391097 0.0349761526232 0.0794912559618 0.0739268680445 0.0143084260731 0.0373608903021 0.00556438791733 0.0286168521463 0.106518282989 0.0580286168521 0.0620031796502 0.0381558028617 0.00715421303657 0.0397456279809 0.132750397456
21 0.0413354531002 0.0222575516693 0.0866454689984 0.0190779014308 0.0222575516693 0.0596184419714 0.0198728139905 0.0818759936407 0.0262321144674 0.0898251192369 0.0158982511924 0.0397456279809 0.0198728139905 0.0127186009539 0.0325914149444 0.0461049284579 0.0516693163752 0.0691573926868 0.00476947535771 0.0214626391097 0.217011128776
22 0.033386327504 0.00317965023847 0.10492845787 0.0357710651828 0.00476947535771 0.0691573926868 0.0111287758347 0.0135135135135 0.0365659777424 0.0238473767886 0.0 0.0723370429253 0.0810810810811 0.0302066772655 0.0182829888712 0.0453100158983 0.0302066772655 0.016693163752 0.000794912559618 0.0087440381558 0.360095389507
23 0.0135135135135 0.00317965023847 0.0564387917329 0.0397456279809 0.00317965023847 0.259936406995 0.00953895071542 0.00556438791733 0.0532591414944 0.0087440381558 0.000794912559618 0.0524642289348 0.0357710651828 0.0182829888712 0.0230524642289 0.0341812400636 0.0222575516693 0.0127186009539 0.00158982511924 0.00238473767886 0.343402225755
24 0.0349761526232 0.0119236883943 0.0310015898251 0.0667726550079 0.0111287758347 0.0516693163752 0.016693163752 0.0119236883943 0.0985691573927 0.033386327504 0.00953895071542 0.033386327504 0.0174880763116 0.0620031796502 0.0556438791733 0.0341812400636 0.0508744038156 0.0286168521463 0.0 0.00556438791733 0.334658187599
25 0.0254372019078 0.0 0.0246422893482 0.0818759936407 0.0135135135135 0.12480127186 0.0127186009539 0.033386327504 0.0739268680445 0.0413354531002 0.00794912559618 0.0325914149444 0.0325914149444 0.0421303656598 0.0635930047695 0.0492845786963 0.0739268680445 0.0389507154213 0.00476947535771 0.010333863275 0.212241653418
26 0.0357710651828 0.00158982511924 0.0182829888712 0.106518282989 0.0349761526232 0.0222575516693 0.0174880763116 0.117647058824 0.0492845786963 0.0691573926868 0.0151033386328 0.00794912559618 0.00635930047695 0.0699523052464 0.0842607313196 0.0182829888712 0.0715421303657 0.110492845787 0.00635930047695 0.0381558028617 0.0985691573927
27 0.0206677265501 0.000794912559618 0.0135135135135 0.0310015898251 0.00953895071542 0.00794912559618 0.0246422893482 0.027027027027 0.174880763116 0.0262321144674 0.00635930047695 0.0365659777424 0.0357710651828 0.0254372019078 0.217011128776 0.0659777424483 0.147058823529 0.0389507154213 0.00158982511924 0.010333863275 0.0786963434022
28 0.027027027027 0.00556438791733 0.0 0.00238473767886 0.0572337042925 0.00556438791733 0.00158982511924 0.252782193959 0.0 0.106518282989 0.016693163752 0.000794912559618 0.0 0.0 0.000794912559618 0.00635930047695 0.00556438791733 0.432432432432 0.00158982511924 0.0222575516693 0.0548489666137
29 0.0182829888712 0.00476947535771 0.00556438791733 0.010333863275 0.00556438791733 0.00953895071542 0.0214626391097 0.0111287758347 0.0214626391097 0.0182829888712 0.00476947535771 0.0087440381558 0.00238473767886 0.0325914149444 0.696343402226 0.027027027027 0.0158982511924 0.0238473767886 0.00158982511924 0.0087440381558 0.0516693163752
30 0.0087440381558 0.00397456279809 0.0 0.000794912559618 0.0715421303657 0.000794912559618 0.00158982511924 0.0914149443561 0.00238473767886 0.651033386328 0.0286168521463 0.00317965023847 0.0087440381558 0.0 0.0 0.00238473767886 0.00158982511924 0.0468998410175 0.0 0.0278219395866 0.0484896661367
31 0.241653418124 0.0119236883943 0.0143084260731 0.0206677265501 0.0421303656598 0.0135135135135 0.0174880763116 0.0906200317965 0.0135135135135 0.168521462639 0.0135135135135 0.0214626391097 0.00635930047695 0.0214626391097 0.0286168521463 0.0731319554849 0.0182829888712 0.0516693163752 0.0127186009539 0.0715421303657 0.0468998410175
32 0.0349761526232 0.0341812400636 0.0556438791733 0.0222575516693 0.016693163752 0.612082670906 0.0127186009539 0.00158982511924 0.00317965023847 0.033386327504 0.0087440381558 0.0421303656598 0.000794912559618 0.00397456279809 0.00635930047695 0.0373608903021 0.00317965023847 0.00238473767886 0.00397456279809 0.0182829888712 0.0461049284579
33 0.0151033386328 0.0087440381558 0.000794912559618 0.0 0.0206677265501 0.000794912559618 0.000794912559618 0.538155802862 0.0 0.070747217806 0.0143084260731 0.0 0.00238473767886 0.0 0.0 0.00238473767886 0.00635930047695 0.263910969793 0.0 0.00953895071542 0.0453100158983
34 0.0310015898251 0.000794912559618 0.571542130366 0.0484896661367 0.00158982511924 0.00397456279809 0.00556438791733 0.00715421303657 0.0341812400636 0.00953895071542 0.00238473767886 0.0786963434022 0.00158982511924 0.0405405405405 0.0524642289348 0.0206677265501 0.0198728139905 0.0158982511924 0.00317965023847 0.00397456279809 0.0468998410175
35 0.4173290938 0.0691573926868 0.00158982511924 0.00158982511924 0.00635930047695 0.00556438791733 0.000794912559618 0.0174880763116 0.00397456279809 0.0222575516693 0.00556438791733 0.00397456279809 0.0151033386328 0.00317965023847 0.00476947535771 0.0556438791733 0.279014308426 0.0357710651828 0.00238473767886 0.00317965023847 0.0453100158983
36 0.0302066772655 0.0111287758347 0.0087440381558 0.00794912559618 0.00794912559618 0.00397456279809 0.00317965023847 0.00556438791733 0.00635930047695 0.0230524642289 0.00556438791733 0.00715421303657 0.773449920509 0.00317965023847 0.010333863275 0.0151033386328 0.0143084260731 0.0127186009539 0.00158982511924 0.00158982511924 0.0468998410175
37 0.0357710651828 0.0 0.0461049284579 0.628775834658 0.00158982511924 0.0190779014308 0.00397456279809 0.00397456279809 0.0278219395866 0.0119236883943 0.00317965023847 0.0151033386328 0.0286168521463 0.0302066772655 0.0461049284579 0.0294117647059 0.0119236883943 0.00476947535771 0.0 0.00158982511924 0.050079491256
38 0.0349761526232 0.00397456279809 0.0135135135135 0.0238473767886 0.0158982511924 0.027027027027 0.00317965023847 0.0802861685215 0.0683624801272 0.147853736089 0.0453100158983 0.0151033386328 0.0508744038156 0.010333863275 0.0635930047695 0.0842607313196 0.131955484897 0.0659777424483 0.00635930047695 0.016693163752 0.0906200317965
39 0.0763116057234 0.00556438791733 0.0723370429253 0.0373608903021 0.0158982511924 0.147058823529 0.0325914149444 0.00715421303657 0.0953895071542 0.0127186009539 0.00158982511924 0.0492845786963 0.0341812400636 0.0182829888712 0.0691573926868 0.0635930047695 0.0397456279809 0.0413354531002 0.00317965023847 0.0254372019078 0.151828298887
40 0.0294117647059 0.0 0.0365659777424 0.0349761526232 0.016693163752 0.0564387917329 0.0699523052464 0.00635930047695 0.0747217806041 0.0143084260731 0.00715421303657 0.0198728139905 0.0254372019078 0.106518282989 0.0691573926868 0.0445151033386 0.033386327504 0.0135135135135 0.00317965023847 0.0222575516693 0.315580286169
41 0.0429252782194 0.00635930047695 0.0365659777424 0.0389507154213 0.0206677265501 0.0548489666137 0.00953895071542 0.0119236883943 0.0516693163752 0.0119236883943 0.00556438791733 0.0325914149444 0.113672496025 0.0182829888712 0.0508744038156 0.0508744038156 0.0524642289348 0.0214626391097 0.00317965023847 0.010333863275 0.355325914149
42 0.0492845786963 0.0691573926868 0.0564387917329 0.0246422893482 0.00158982511924 0.087440381558 0.00317965023847 0.00715421303657 0.0421303656598 0.0111287758347 0.00238473767886 0.0508744038156 0.0151033386328 0.0238473767886 0.0588235294118 0.0413354531002 0.027027027027 0.0119236883943 0.00158982511924 0.00635930047695 0.408585055644
43 0.0286168521463 0.0468998410175 0.0294117647059 0.0325914149444 0.00635930047695 0.077106518283 0.0143084260731 0.0143084260731 0.070747217806 0.0214626391097 0.0111287758347 0.027027027027 0.0286168521463 0.027027027027 0.0468998410175 0.0278219395866 0.0317965023847 0.0182829888712 0.00238473767886 0.00953895071542 0.427662957075
44 0.0373608903021 0.0158982511924 0.0389507154213 0.0580286168521 0.00715421303657 0.0413354531002 0.00635930047695 0.0111287758347 0.0564387917329 0.0206677265501 0.00635930047695 0.0190779014308 0.109697933227 0.0310015898251 0.0453100158983 0.0341812400636 0.0230524642289 0.0230524642289 0.000794912559618 0.00953895071542 0.404610492846
45 0.0922098569157 0.00397456279809 0.0548489666137 0.0898251192369 0.00397456279809 0.0651828298887 0.00794912559618 0.0254372019078 0.033386327504 0.0317965023847 0.00794912559618 0.0238473767886 0.043720190779 0.0349761526232 0.0246422893482 0.043720190779 0.0294117647059 0.0627980922099 0.00238473767886 0.00794912559618 0.310015898251
46 0.0246422893482 0.00317965023847 0.043720190779 0.223370429253 0.0111287758347 0.0310015898251 0.00794912559618 0.0151033386328 0.033386327504 0.0198728139905 0.010333863275 0.0127186009539 0.0127186009539 0.219395866455 0.0349761526232 0.0206677265501 0.0286168521463 0.0135135135135 0.0556438791733 0.0357710651828 0.142289348172
47 0.0906200317965 0.0826709062003 0.0468998410175 0.0739268680445 0.0206677265501 0.016693163752 0.0127186009539 0.010333863275 0.0373608903021 0.0190779014308 0.00158982511924 0.0214626391097 0.298887122417 0.0294117647059 0.043720190779 0.0262321144674 0.0246422893482 0.0158982511924 0.00238473767886 0.0190779014308 0.105723370429
48 0.0286168521463 0.108108108108 0.00953895071542 0.0158982511924 0.170906200318 0.0715421303657 0.027027027027 0.0182829888712 0.0174880763116 0.100158982512 0.0182829888712 0.00556438791733 0.00238473767886 0.016693163752 0.0222575516693 0.00953895071542 0.00635930047695 0.0182829888712 0.0739268680445 0.16693163752 0.0922098569157
49 0.248012718601 0.0 0.00476947535771 0.00953895071542 0.0151033386328 0.496025437202 0.00158982511924 0.00397456279809 0.00397456279809 0.00238473767886 0.00158982511924 0.00715421303657 0.00635930047695 0.0111287758347 0.00715421303657 0.0572337042925 0.0087440381558 0.00476947535771 0.00556438791733 0.0294117647059 0.0755166931638
50 0.0755166931638 0.0 0.070747217806 0.121621621622 0.0278219395866 0.0182829888712 0.0158982511924 0.0405405405405 0.116057233704 0.0596184419714 0.016693163752 0.0317965023847 0.043720190779 0.0834658187599 0.0906200317965 0.0262321144674 0.0262321144674 0.0389507154213 0.0158982511924 0.0230524642289 0.0572337042925
51 0.143879173291 0.00158982511924 0.0413354531002 0.31240063593 0.00238473767886 0.00794912559618 0.0087440381558 0.0230524642289 0.0969793322734 0.0421303656598 0.0119236883943 0.0206677265501 0.0119236883943 0.100158982512 0.0635930047695 0.0190779014308 0.0182829888712 0.0238473767886 0.00556438791733 0.00556438791733 0.0389507154213
52 0.705087440382 0.00794912559618 0.00476947535771 0.00317965023847 0.00238473767886 0.0182829888712 0.000794912559618 0.00794912559618 0.00158982511924 0.00556438791733 0.00238473767886 0.00397456279809 0.00238473767886 0.00397456279809 0.00238473767886 0.158187599364 0.0119236883943 0.0151033386328 0.00238473767886 0.00158982511924 0.0381558028617
53 0.0779014308426 0.00158982511924 0.00556438791733 0.0143084260731 0.0143084260731 0.0135135135135 0.0135135135135 0.0135135135135 0.252782193959 0.0508744038156 0.00794912559618 0.00794912559618 0.00238473767886 0.0325914149444 0.215421303657 0.0802861685215 0.134340222576 0.00715421303657 0.00794912559618 0.0158982511924 0.0302066772655
54 0.138314785374 0.000794912559618 0.131955484897 0.161367249603 0.0190779014308 0.0151033386328 0.0214626391097 0.0119236883943 0.0763116057234 0.0286168521463 0.0087440381558 0.060413354531 0.0 0.10413354531 0.0691573926868 0.0397456279809 0.0484896661367 0.0158982511924 0.00556438791733 0.0119236883943 0.0310015898251
55 0.151828298887 0.00476947535771 0.00317965023847 0.0286168521463 0.244038155803 0.010333863275 0.0397456279809 0.0119236883943 0.027027027027 0.0476947535771 0.0127186009539 0.0119236883943 0.000794912559618 0.0222575516693 0.0930047694754 0.0135135135135 0.0230524642289 0.027027027027 0.0699523052464 0.136724960254 0.0198728139905
56 0.0985691573927 0.000794912559618 0.0 0.00238473767886 0.0158982511924 0.00238473767886 0.000794912559618 0.0198728139905 0.0 0.550874403816 0.033386327504 0.0254372019078 0.000794912559618 0.00317965023847 0.000794912559618 0.0143084260731 0.110492845787 0.100158982512 0.000794912559618 0.0 0.0190779014308
57 0.093799682035 0.00953895071542 0.0214626391097 0.148648648649 0.00476947535771 0.0174880763116 0.0119236883943 0.0325914149444 0.161367249603 0.027027027027 0.0087440381558 0.0230524642289 0.0 0.0691573926868 0.192368839428 0.0691573926868 0.0556438791733 0.0262321144674 0.00238473767886 0.00794912559618 0.016693163752
58 0.0882352941176 0.00317965023847 0.10413354531 0.129570747218 0.00397456279809 0.0373608903021 0.00953895071542 0.0087440381558 0.142289348172 0.0222575516693 0.00476947535771 0.0739268680445 0.00238473767886 0.0794912559618 0.0866454689984 0.120826709062 0.0453100158983 0.00953895071542 0.00317965023847 0.00476947535771 0.0198728139905
59 0.0278219395866 0.00317965023847 0.00317965023847 0.016693163752 0.0588235294118 0.00397456279809 0.0222575516693 0.0564387917329 0.0635930047695 0.371224165342 0.0588235294118 0.0230524642289 0.00158982511924 0.033386327504 0.0794912559618 0.010333863275 0.0294117647059 0.0206677265501 0.0246422893482 0.027027027027 0.0643879173291
60 0.0484896661367 0.033386327504 0.00238473767886 0.00317965023847 0.0246422893482 0.000794912559618 0.00158982511924 0.149443561208 0.00317965023847 0.398251192369 0.0206677265501 0.00476947535771 0.00238473767886 0.00635930047695 0.00556438791733 0.00397456279809 0.0357710651828 0.181240063593 0.00794912559618 0.00556438791733 0.060413354531
61 0.0317965023847 0.010333863275 0.0143084260731 0.0262321144674 0.00476947535771 0.0190779014308 0.00317965023847 0.0127186009539 0.0373608903021 0.0643879173291 0.010333863275 0.0151033386328 0.0755166931638 0.0135135135135 0.0206677265501 0.0294117647059 0.0230524642289 0.0357710651828 0.00238473767886 0.00476947535771 0.545310015898
62 0.0763116057234 0.000794912559618 0.0397456279809 0.077106518283 0.0214626391097 0.0683624801272 0.0206677265501 0.0476947535771 0.0620031796502 0.131955484897 0.016693163752 0.0723370429253 0.0381558028617 0.0476947535771 0.0723370429253 0.0405405405405 0.0198728139905 0.0492845786963 0.00238473767886 0.0111287758347 0.0834658187599
63 0.0739268680445 0.00317965023847 0.0627980922099 0.0198728139905 0.00317965023847 0.39666136725 0.0230524642289 0.00397456279809 0.0461049284579 0.0151033386328 0.00238473767886 0.0866454689984 0.0087440381558 0.070747217806 0.0564387917329 0.0413354531002 0.0238473767886 0.00635930047695 0.00317965023847 0.00556438791733 0.0468998410175
64 0.0405405405405 0.00238473767886 0.0286168521463 0.0540540540541 0.00476947535771 0.0810810810811 0.0222575516693 0.00238473767886 0.257551669316 0.00476947535771 0.00476947535771 0.0262321144674 0.0143084260731 0.0858505564388 0.184419713831 0.0564387917329 0.0492845786963 0.0111287758347 0.00158982511924 0.00556438791733 0.0620031796502
65 0.0405405405405 0.00158982511924 0.0826709062003 0.112877583466 0.0135135135135 0.0230524642289 0.016693163752 0.0238473767886 0.108903020668 0.016693163752 0.00556438791733 0.0564387917329 0.0675675675676 0.0588235294118 0.0882352941176 0.0683624801272 0.129570747218 0.0413354531002 0.00556438791733 0.0111287758347 0.027027027027
66 0.0421303656598 0.010333863275 0.00635930047695 0.00238473767886 0.0254372019078 0.00476947535771 0.0 0.18839427663 0.00635930047695 0.0961844197138 0.00556438791733 0.00158982511924 0.00715421303657 0.00635930047695 0.00635930047695 0.00953895071542 0.0087440381558 0.542925278219 0.00635930047695 0.00476947535771 0.0182829888712
67 0.0286168521463 0.00397456279809 0.0357710651828 0.110492845787 0.0317965023847 0.0174880763116 0.0198728139905 0.0397456279809 0.0675675675676 0.0453100158983 0.010333863275 0.0214626391097 0.00397456279809 0.0548489666137 0.12559618442 0.0612082670906 0.149443561208 0.0620031796502 0.0317965023847 0.0627980922099 0.0158982511924
68 0.0286168521463 0.137519872814 0.000794912559618 0.00238473767886 0.0588235294118 0.00715421303657 0.0 0.176470588235 0.00476947535771 0.301271860095 0.0174880763116 0.00158982511924 0.00158982511924 0.00238473767886 0.00397456279809 0.00397456279809 0.00953895071542 0.205087440382 0.00238473767886 0.0135135135135 0.0206677265501
69 0.0341812400636 0.00238473767886 0.0612082670906 0.20906200318 0.0174880763116 0.0087440381558 0.0214626391097 0.0429252782194 0.0794912559618 0.0405405405405 0.00715421303657 0.0206677265501 0.00476947535771 0.0699523052464 0.0985691573927 0.0524642289348 0.0890302066773 0.0914149443561 0.00794912559618 0.0182829888712 0.0222575516693
70 0.0548489666137 0.0174880763116 0.0190779014308 0.0310015898251 0.0953895071542 0.0230524642289 0.00715421303657 0.0898251192369 0.0182829888712 0.0945945945946 0.010333863275 0.0119236883943 0.0651828298887 0.0278219395866 0.0349761526232 0.0492845786963 0.0524642289348 0.114467408585 0.00635930047695 0.0667726550079 0.109697933227
71 0.0365659777424 0.00158982511924 0.234499205087 0.0993640699523 0.0127186009539 0.0389507154213 0.0182829888712 0.050079491256 0.0238473767886 0.0620031796502 0.00794912559618 0.0254372019078 0.0206677265501 0.0238473767886 0.0278219395866 0.0357710651828 0.0389507154213 0.0723370429253 0.00635930047695 0.016693163752 0.14626391097
72 0.00794912559618 0.000794912559618 0.0278219395866 0.0230524642289 0.00317965023847 0.0278219395866 0.00715421303657 0.00953895071542 0.0349761526232 0.00476947535771 0.00158982511924 0.0135135135135 0.0445151033386 0.0143084260731 0.0222575516693 0.0174880763116 0.0174880763116 0.0119236883943 0.00238473767886 0.0111287758347 0.696343402226
73 0.0468998410175 0.00158982511924 0.0317965023847 0.0325914149444 0.00158982511924 0.0643879173291 0.00397456279809 0.0190779014308 0.027027027027 0.0302066772655 0.00158982511924 0.033386327504 0.0302066772655 0.0302066772655 0.0349761526232 0.033386327504 0.033386327504 0.0421303656598 0.00715421303657 0.0111287758347 0.483306836248
74 0.0413354531002 0.000794912559618 0.0612082670906 0.0643879173291 0.00635930047695 0.0580286168521 0.0111287758347 0.0222575516693 0.0317965023847 0.0151033386328 0.00715421303657 0.0262321144674 0.0349761526232 0.0508744038156 0.0214626391097 0.0349761526232 0.0349761526232 0.0246422893482 0.000794912559618 0.0278219395866 0.423688394277
75 0.0572337042925 0.00317965023847 0.093799682035 0.077106518283 0.00476947535771 0.182829888712 0.0214626391097 0.0158982511924 0.0834658187599 0.0278219395866 0.010333863275 0.0381558028617 0.0310015898251 0.0349761526232 0.0747217806041 0.070747217806 0.0476947535771 0.0294117647059 0.0 0.0135135135135 0.0818759936407
76 0.0413354531002 0.00397456279809 0.0238473767886 0.0413354531002 0.0310015898251 0.0302066772655 0.0111287758347 0.0484896661367 0.123211446741 0.0389507154213 0.0143084260731 0.0198728139905 0.0373608903021 0.0492845786963 0.174085850556 0.0373608903021 0.116057233704 0.0794912559618 0.00397456279809 0.027027027027 0.0476947535771
77 0.0222575516693 0.00317965023847 0.661367249603 0.0365659777424 0.00476947535771 0.0659777424483 0.00238473767886 0.0087440381558 0.0246422893482 0.00953895071542 0.00476947535771 0.0238473767886 0.0151033386328 0.010333863275 0.0151033386328 0.0222575516693 0.027027027027 0.010333863275 0.000794912559618 0.00476947535771 0.0262321144674
78 0.043720190779 0.000794912559618 0.0349761526232 0.0302066772655 0.00715421303657 0.0373608903021 0.027027027027 0.0158982511924 0.197138314785 0.0111287758347 0.00556438791733 0.0413354531002 0.033386327504 0.0683624801272 0.257551669316 0.0659777424483 0.0373608903021 0.0246422893482 0.00635930047695 0.0206677265501 0.033386327504
79 0.0230524642289 0.00158982511924 0.0357710651828 0.0230524642289 0.0794912559618 0.0317965023847 0.0246422893482 0.00715421303657 0.0198728139905 0.0087440381558 0.00476947535771 0.0492845786963 0.0087440381558 0.0238473767886 0.0198728139905 0.0373608903021 0.0198728139905 0.0111287758347 0.0254372019078 0.50079491256 0.043720190779
80 0.0143084260731 0.00317965023847 0.0985691573927 0.0198728139905 0.0135135135135 0.589030206677 0.0127186009539 0.00238473767886 0.0325914149444 0.00317965023847 0.000794912559618 0.0715421303657 0.010333863275 0.0286168521463 0.0278219395866 0.0262321144674 0.00953895071542 0.00397456279809 0.000794912559618 0.00158982511924 0.0294117647059
81 0.0206677265501 0.00556438791733 0.0143084260731 0.0206677265501 0.00317965023847 0.010333863275 0.0143084260731 0.0158982511924 0.0151033386328 0.0143084260731 0.00953895071542 0.0389507154213 0.010333863275 0.0158982511924 0.691573926868 0.0127186009539 0.0206677265501 0.0206677265501 0.00556438791733 0.00953895071542 0.0302066772655
82 0.0524642289348 0.0158982511924 0.0127186009539 0.0302066772655 0.0548489666137 0.0087440381558 0.0151033386328 0.101748807631 0.0262321144674 0.238473767886 0.0222575516693 0.0151033386328 0.0397456279809 0.0246422893482 0.0230524642289 0.033386327504 0.0922098569157 0.100158982512 0.0230524642289 0.050079491256 0.0198728139905
83 0.0127186009539 0.00715421303657 0.00317965023847 0.0135135135135 0.027027027027 0.00317965023847 0.00953895071542 0.114467408585 0.00317965023847 0.430842607313 0.0174880763116 0.00238473767886 0.0246422893482 0.0087440381558 0.0127186009539 0.0151033386328 0.0230524642289 0.218600953895 0.00635930047695 0.027027027027 0.0190779014308
84 0.456279809221 0.0516693163752 0.0 0.00317965023847 0.00476947535771 0.245627980922 0.00238473767886 0.00317965023847 0.00158982511924 0.0143084260731 0.00397456279809 0.00158982511924 0.00238473767886 0.00397456279809 0.0492845786963 0.0294117647059 0.0127186009539 0.0858505564388 0.0 0.00476947535771 0.0230524642289
85 0.0294117647059 0.00715421303657 0.0580286168521 0.070747217806 0.0325914149444 0.00635930047695 0.0588235294118 0.050079491256 0.0349761526232 0.043720190779 0.0127186009539 0.0246422893482 0.00635930047695 0.033386327504 0.0739268680445 0.0588235294118 0.0906200317965 0.0691573926868 0.0317965023847 0.193958664547 0.0127186009539
86 0.0302066772655 0.131955484897 0.00238473767886 0.00238473767886 0.0111287758347 0.00556438791733 0.0 0.159777424483 0.00238473767886 0.147853736089 0.0158982511924 0.00158982511924 0.00715421303657 0.000794912559618 0.00158982511924 0.00238473767886 0.00715421303657 0.454689984102 0.00238473767886 0.00158982511924 0.0111287758347
87 0.0254372019078 0.00317965023847 0.0143084260731 0.0317965023847 0.156597774245 0.00635930047695 0.0206677265501 0.0405405405405 0.033386327504 0.060413354531 0.0198728139905 0.0127186009539 0.00476947535771 0.0222575516693 0.0627980922099 0.0461049284579 0.0516693163752 0.0508744038156 0.10492845787 0.218600953895 0.0127186009539
88 0.0858505564388 0.0230524642289 0.0198728139905 0.0119236883943 0.0294117647059 0.00953895071542 0.033386327504 0.087440381558 0.0238473767886 0.201907790143 0.016693163752 0.0254372019078 0.0182829888712 0.0119236883943 0.0540540540541 0.0373608903021 0.0540540540541 0.18759936407 0.00158982511924 0.0484896661367 0.0182829888712
89 0.0397456279809 0.000794912559618 0.255961844197 0.0699523052464 0.00317965023847 0.189189189189 0.00953895071542 0.00794912559618 0.0468998410175 0.0111287758347 0.00238473767886 0.105723370429 0.0572337042925 0.0254372019078 0.0349761526232 0.0572337042925 0.0198728139905 0.010333863275 0.00476947535771 0.00635930047695 0.0413354531002
90 0.0310015898251 0.00476947535771 0.108903020668 0.0588235294118 0.00556438791733 0.39666136725 0.00953895071542 0.00158982511924 0.0667726550079 0.00556438791733 0.00238473767886 0.0763116057234 0.0151033386328 0.0190779014308 0.0453100158983 0.0381558028617 0.0357710651828 0.00794912559618 0.00635930047695 0.00715421303657 0.0572337042925
91 0.0405802861685 3.97456279809e-05 0.0278616852146 0.077146263911 0.00560413354531 0.0628378378378 0.0135532591415 0.0548887122417 0.1009936407 0.0731717011129 0.01673290938 0.0246820349762 0.0135532591415 0.0676073131955 0.129610492846 0.0215023847377 0.107352941176 0.0914546899841 0.00480922098569 0.0127583465819 0.0532591414944
92 0.00556438791733 0.027027027027 0.305246422893 0.0302066772655 0.0453100158983 0.00317965023847 0.0087440381558 0.0087440381558 0.00397456279809 0.100158982512 0.0341812400636 0.182034976153 0.0206677265501 0.00556438791733 0.0119236883943 0.113672496025 0.027027027027 0.0143084260731 0.0198728139905 0.0127186009539 0.0198728139905
93 0.0357710651828 0.00317965023847 0.00794912559618 0.000794912559618 0.0516693163752 0.0 0.000794912559618 0.209856915739 0.000794912559618 0.320349761526 0.00635930047695 0.000794912559618 0.00476947535771 0.00158982511924 0.0 0.00397456279809 0.00476947535771 0.283783783784 0.00794912559618 0.0421303656598 0.0127186009539
94 0.151828298887 0.00635930047695 0.0111287758347 0.0158982511924 0.0 0.170906200318 0.00158982511924 0.00317965023847 0.00158982511924 0.00158982511924 0.000794912559618 0.400635930048 0.00317965023847 0.0818759936407 0.00397456279809 0.113672496025 0.0135135135135 0.00238473767886 0.0 0.000794912559618 0.0151033386328
95 0.149443561208 0.0111287758347 0.0397456279809 0.220985691574 0.0111287758347 0.0214626391097 0.0158982511924 0.027027027027 0.0524642289348 0.141494435612 0.00953895071542 0.0135135135135 0.00317965023847 0.0564387917329 0.0723370429253 0.0317965023847 0.033386327504 0.050079491256 0.000794912559618 0.0206677265501 0.0174880763116
96 0.120826709062 0.00158982511924 0.0341812400636 0.24960254372 0.0174880763116 0.0127186009539 0.0262321144674 0.0365659777424 0.0516693163752 0.0922098569157 0.0278219395866 0.00635930047695 0.00238473767886 0.0723370429253 0.0468998410175 0.0262321144674 0.0492845786963 0.0381558028617 0.0421303656598 0.0286168521463 0.016693163752
97 0.0214626391097 0.000794912559618 0.000794912559618 0.00397456279809 0.00158982511924 0.00238473767886 0.000794912559618 0.0564387917329 0.000794912559618 0.54213036566 0.258346581876 0.0 0.000794912559618 0.0429252782194 0.000794912559618 0.00556438791733 0.00317965023847 0.0381558028617 0.0 0.000794912559618 0.0182829888712
98 0.0349761526232 0.00556438791733 0.0 0.0 0.000794912559618 0.000794912559618 0.0 0.198728139905 0.00317965023847 0.302861685215 0.010333863275 0.000794912559618 0.0 0.00317965023847 0.00556438791733 0.00476947535771 0.00953895071542 0.398251192369 0.0 0.00238473767886 0.0182829888712
99 0.120826709062 0.000794912559618 0.0262321144674 0.194753577107 0.00238473767886 0.0198728139905 0.00317965023847 0.00476947535771 0.155802861685 0.0206677265501 0.00635930047695 0.0214626391097 0.0 0.060413354531 0.219395866455 0.0842607313196 0.0214626391097 0.0111287758347 0.000794912559618 0.00476947535771 0.0206677265501
100 0.14626391097 0.00158982511924 0.0484896661367 0.181240063593 0.00476947535771 0.0294117647059 0.016693163752 0.00556438791733 0.0675675675676 0.0453100158983 0.0111287758347 0.111287758347 0.0 0.0882352941176 0.0794912559618 0.0945945945946 0.027027027027 0.010333863275 0.00158982511924 0.00635930047695 0.0230524642289
101 0.00476947535771 0.000794912559618 0.0087440381558 0.00397456279809 0.0 0.926073131955 0.0 0.0 0.00794912559618 0.0 0.0 0.00715421303657 0.00238473767886 0.00238473767886 0.00476947535771 0.00397456279809 0.000794912559618 0.000794912559618 0.000794912559618 0.0 0.0246422893482
102 0.0381558028617 0.00635930047695 0.00476947535771 0.00635930047695 0.0802861685215 0.00556438791733 0.0572337042925 0.0111287758347 0.00715421303657 0.37440381558 0.0532591414944 0.0127186009539 0.0 0.0158982511924 0.00556438791733 0.00635930047695 0.00556438791733 0.0143084260731 0.0898251192369 0.177265500795 0.0278219395866
103 0.755961844197 0.00794912559618 0.000794912559618 0.000794912559618 0.00158982511924 0.0842607313196 0.00158982511924 0.000794912559618 0.00158982511924 0.00794912559618 0.00158982511924 0.0 0.000794912559618 0.0 0.00158982511924 0.0246422893482 0.0151033386328 0.060413354531 0.0 0.00317965023847 0.0294117647059
104 0.0278219395866 0.00794912559618 0.0087440381558 0.0532591414944 0.0317965023847 0.00556438791733 0.0158982511924 0.0413354531002 0.0882352941176 0.0556438791733 0.0182829888712 0.0119236883943 0.00715421303657 0.0341812400636 0.177265500795 0.0214626391097 0.050079491256 0.0834658187599 0.0802861685215 0.033386327504 0.14626391097
105 0.105723370429 0.0151033386328 0.0111287758347 0.0190779014308 0.0317965023847 0.00238473767886 0.0127186009539 0.0476947535771 0.00635930047695 0.0620031796502 0.0087440381558 0.00556438791733 0.070747217806 0.00397456279809 0.0143084260731 0.0158982511924 0.0325914149444 0.22893481717 0.0198728139905 0.033386327504 0.251987281399
106 0.100953895072 0.00635930047695 0.0508744038156 0.0198728139905 0.0294117647059 0.0127186009539 0.0310015898251 0.0151033386328 0.0262321144674 0.0325914149444 0.0111287758347 0.0381558028617 0.00953895071542 0.016693163752 0.0421303656598 0.0413354531002 0.0262321144674 0.0508744038156 0.00715421303657 0.107313195548 0.324324324324
107 0.0302066772655 0.00397456279809 0.0294117647059 0.0357710651828 0.0413354531002 0.0158982511924 0.00635930047695 0.016693163752 0.0182829888712 0.0174880763116 0.00715421303657 0.0174880763116 0.0278219395866 0.0143084260731 0.050079491256 0.0214626391097 0.0310015898251 0.0198728139905 0.0445151033386 0.135135135135 0.41573926868
108 0.0564387917329 0.00158982511924 0.0596184419714 0.0302066772655 0.0246422893482 0.0294117647059 0.0325914149444 0.0627980922099 0.0484896661367 0.0254372019078 0.00715421303657 0.0174880763116 0.070747217806 0.0182829888712 0.0492845786963 0.043720190779 0.0476947535771 0.0826709062003 0.00953895071542 0.0254372019078 0.256756756757
109 0.0421303656598 0.000794912559618 0.0365659777424 0.0341812400636 0.0429252782194 0.0294117647059 0.0190779014308 0.0214626391097 0.0294117647059 0.0198728139905 0.00715421303657 0.0174880763116 0.0214626391097 0.0206677265501 0.0341812400636 0.0564387917329 0.016693163752 0.0238473767886 0.0325914149444 0.214626391097 0.279014308426
110 0.0484896661367 0.0087440381558 0.0516693163752 0.0468998410175 0.0151033386328 0.0667726550079 0.0143084260731 0.0198728139905 0.0413354531002 0.0294117647059 0.00317965023847 0.027027027027 0.0961844197138 0.0294117647059 0.0516693163752 0.0739268680445 0.0492845786963 0.0206677265501 0.000794912559618 0.0190779014308 0.286168521463
111 0.0468998410175 0.00794912559618 0.0508744038156 0.0294117647059 0.0135135135135 0.0484896661367 0.016693163752 0.010333863275 0.0596184419714 0.0397456279809 0.00715421303657 0.033386327504 0.127980922099 0.0429252782194 0.0413354531002 0.0564387917329 0.033386327504 0.0158982511924 0.00158982511924 0.0206677265501 0.295707472178
112 0.0373608903021 0.00238473767886 0.0779014308426 0.0516693163752 0.0158982511924 0.0461049284579 0.0182829888712 0.00556438791733 0.0540540540541 0.0143084260731 0.00317965023847 0.134340222576 0.0429252782194 0.0206677265501 0.0389507154213 0.0476947535771 0.0174880763116 0.010333863275 0.00317965023847 0.0349761526232 0.322734499205
113 0.0389507154213 0.0127186009539 0.0524642289348 0.0246422893482 0.0349761526232 0.0238473767886 0.0206677265501 0.0151033386328 0.0310015898251 0.0572337042925 0.010333863275 0.0310015898251 0.0349761526232 0.0246422893482 0.0182829888712 0.0580286168521 0.0651828298887 0.0373608903021 0.00317965023847 0.0445151033386 0.360890302067
114 0.070747217806 0.00476947535771 0.0540540540541 0.0468998410175 0.00635930047695 0.0310015898251 0.0111287758347 0.00794912559618 0.105723370429 0.0294117647059 0.0087440381558 0.0222575516693 0.0620031796502 0.0246422893482 0.0572337042925 0.0763116057234 0.0453100158983 0.0174880763116 0.00158982511924 0.00635930047695 0.310015898251
115 0.0206677265501 0.0302066772655 0.0357710651828 0.0310015898251 0.0476947535771 0.0302066772655 0.0294117647059 0.0198728139905 0.0302066772655 0.0516693163752 0.00953895071542 0.0174880763116 0.0182829888712 0.0214626391097 0.0516693163752 0.0278219395866 0.0151033386328 0.0206677265501 0.0087440381558 0.217806041335 0.264705882353
116 0.0930047694754 0.0206677265501 0.0413354531002 0.033386327504 0.0238473767886 0.0373608903021 0.0230524642289 0.0246422893482 0.0421303656598 0.0699523052464 0.0151033386328 0.016693163752 0.0111287758347 0.0405405405405 0.0755166931638 0.060413354531 0.0317965023847 0.0325914149444 0.0127186009539 0.0484896661367 0.245627980922
117 0.0818759936407 0.00317965023847 0.112082670906 0.0985691573927 0.00397456279809 0.0524642289348 0.010333863275 0.00556438791733 0.070747217806 0.0190779014308 0.00556438791733 0.0413354531002 0.0540540540541 0.0516693163752 0.043720190779 0.0548489666137 0.0349761526232 0.0151033386328 0.00238473767886 0.0087440381558 0.22972972973
118 0.108903020668 0.0119236883943 0.0572337042925 0.1240063593 0.00635930047695 0.0230524642289 0.0127186009539 0.0198728139905 0.0659777424483 0.0421303656598 0.00953895071542 0.0174880763116 0.0238473767886 0.0651828298887 0.100953895072 0.0413354531002 0.0278219395866 0.0246422893482 0.00476947535771 0.0214626391097 0.190779014308
119 0.00238473767886 0.000794912559618 0.000794912559618 0.000794912559618 0.120031796502 0.0 0.00397456279809 0.0365659777424 0.0 0.322734499205 0.0341812400636 0.0 0.0 0.00317965023847 0.00397456279809 0.00158982511924 0.00158982511924 0.0127186009539 0.0190779014308 0.248807631161 0.18680445151
120 0.0786963434022 0.00238473767886 0.016693163752 0.0739268680445 0.016693163752 0.0190779014308 0.00556438791733 0.0524642289348 0.0739268680445 0.143879173291 0.0190779014308 0.0174880763116 0.00635930047695 0.0413354531002 0.0993640699523 0.0302066772655 0.027027027027 0.0620031796502 0.00397456279809 0.027027027027 0.182829888712
