POS A C D E F G H I K L M N P Q R S T V W Y -
1 0.0 0.0 0.000783699059561 0.00626959247649 0.000783699059561 0.0109717868339 0.0 0.0 0.00156739811912 0.00235109717868 0.0 0.0 0.0 0.0 0.000783699059561 0.00705329153605 0.000783699059561 0.000783699059561 0.0 0.0 0.967868338558
2 0.00626959247649 0.0 0.00705329153605 0.0180250783699 0.0 0.00470219435737 0.00313479623824 0.00235109717868 0.0282131661442 0.00156739811912 0.0 0.00940438871473 0.00470219435737 0.00862068965517 0.00470219435737 0.00626959247649 0.0117554858934 0.00940438871473 0.0 0.0 0.873824451411
3 0.0266457680251 0.00391849529781 0.0141065830721 0.025078369906 0.0109717868339 0.0117554858934 0.00391849529781 0.00862068965517 0.0242946708464 0.0266457680251 0.00391849529781 0.0109717868339 0.025078369906 0.012539184953 0.0219435736677 0.0313479623824 0.0384012539185 0.0180250783699 0.00235109717868 0.00783699059561 0.671630094044
4 0.0282131661442 0.00156739811912 0.0133228840125 0.051724137931 0.0587774294671 0.0219435736677 0.00470219435737 0.0666144200627 0.0188087774295 0.0650470219436 0.00940438871473 0.00626959247649 0.0164576802508 0.0188087774295 0.0188087774295 0.0148902821317 0.0282131661442 0.0579937304075 0.0133228840125 0.0493730407524 0.435736677116
5 0.0360501567398 0.00235109717868 0.0289968652038 0.0721003134796 0.00705329153605 0.00940438871473 0.0133228840125 0.019592476489 0.0666144200627 0.0368338557994 0.00156739811912 0.0258620689655 0.0501567398119 0.0352664576803 0.0470219435737 0.0525078369906 0.0901253918495 0.0274294670846 0.00470219435737 0.00705329153605 0.365987460815
6 0.200626959248 0.0376175548589 0.00705329153605 0.00548589341693 0.0133228840125 0.176332288401 0.00548589341693 0.0211598746082 0.00783699059561 0.0188087774295 0.00862068965517 0.00391849529781 0.00548589341693 0.00156739811912 0.00470219435737 0.00940438871473 0.019592476489 0.108934169279 0.00705329153605 0.032131661442 0.304858934169
7 0.0156739811912 0.0 0.0148902821317 0.0548589341693 0.0164576802508 0.0407523510972 0.012539184953 0.0564263322884 0.110501567398 0.0313479623824 0.00391849529781 0.00940438871473 0.0133228840125 0.0360501567398 0.104231974922 0.0282131661442 0.123824451411 0.0619122257053 0.00235109717868 0.019592476489 0.243730407524
8 0.0289968652038 0.00783699059561 0.0109717868339 0.00626959247649 0.0172413793103 0.00783699059561 0.00156739811912 0.0987460815047 0.00862068965517 0.0619122257053 0.00862068965517 0.00783699059561 0.0242946708464 0.00705329153605 0.0188087774295 0.0117554858934 0.0141065830721 0.486677115987 0.00235109717868 0.00705329153605 0.16144200627
9 0.0869905956113 0.00235109717868 0.0368338557994 0.08934169279 0.00783699059561 0.0117554858934 0.0117554858934 0.076802507837 0.051724137931 0.0658307210031 0.00470219435737 0.0211598746082 0.0148902821317 0.0148902821317 0.0242946708464 0.0352664576803 0.115203761755 0.172413793103 0.00391849529781 0.0148902821317 0.137147335423
10 0.0556426332288 0.019592476489 0.025078369906 0.0626959247649 0.0274294670846 0.0336990595611 0.0360501567398 0.00470219435737 0.115203761755 0.0133228840125 0.00156739811912 0.0188087774295 0.00235109717868 0.0493730407524 0.186520376176 0.115987460815 0.0282131661442 0.012539184953 0.012539184953 0.0587774294671 0.119905956113
11 0.0415360501567 0.0156739811912 0.00470219435737 0.00235109717868 0.00783699059561 0.00313479623824 0.00470219435737 0.162225705329 0.000783699059561 0.0109717868339 0.00626959247649 0.00156739811912 0.00313479623824 0.00235109717868 0.00313479623824 0.00626959247649 0.0133228840125 0.581504702194 0.0101880877743 0.00783699059561 0.110501567398
12 0.0360501567398 0.00235109717868 0.0180250783699 0.0101880877743 0.025078369906 0.0227272727273 0.0344827586207 0.206896551724 0.0211598746082 0.096394984326 0.00548589341693 0.0117554858934 0.0203761755486 0.00940438871473 0.0336990595611 0.0532915360502 0.0478056426332 0.190438871473 0.00705329153605 0.0478056426332 0.0995297805643
13 0.0141065830721 0.0 0.692006269592 0.0180250783699 0.000783699059561 0.0141065830721 0.00235109717868 0.0 0.00548589341693 0.00156739811912 0.0 0.0227272727273 0.00470219435737 0.00626959247649 0.00548589341693 0.102664576803 0.0141065830721 0.0 0.0 0.000783699059561 0.0948275862069
14 0.0697492163009 0.000783699059561 0.0117554858934 0.00548589341693 0.00235109717868 0.74921630094 0.00235109717868 0.00156739811912 0.00235109717868 0.0 0.0 0.00156739811912 0.0180250783699 0.00235109717868 0.00548589341693 0.0180250783699 0.00862068965517 0.00470219435737 0.000783699059561 0.00235109717868 0.0924764890282
15 0.0172413793103 0.00626959247649 0.679467084639 0.0156739811912 0.00156739811912 0.0391849529781 0.00626959247649 0.00156739811912 0.00235109717868 0.00626959247649 0.000783699059561 0.0384012539185 0.0 0.0117554858934 0.0133228840125 0.051724137931 0.0117554858934 0.00548589341693 0.0 0.0 0.0909090909091
16 0.0180250783699 0.00470219435737 0.00783699059561 0.00940438871473 0.00156739811912 0.0148902821317 0.00313479623824 0.0101880877743 0.0109717868339 0.0156739811912 0.00705329153605 0.0133228840125 0.0 0.012539184953 0.0462382445141 0.103448275862 0.613636363636 0.0141065830721 0.0 0.00313479623824 0.0901253918495
17 0.0289968652038 0.00626959247649 0.0 0.000783699059561 0.169278996865 0.00391849529781 0.0 0.239028213166 0.000783699059561 0.239028213166 0.0203761755486 0.0 0.012539184953 0.000783699059561 0.0 0.00156739811912 0.00705329153605 0.155956112853 0.00548589341693 0.0164576802508 0.0916927899687
18 0.0211598746082 0.00313479623824 0.0611285266458 0.0932601880878 0.00783699059561 0.00548589341693 0.0164576802508 0.0564263322884 0.1065830721 0.0454545454545 0.00705329153605 0.0133228840125 0.000783699059561 0.025078369906 0.15987460815 0.0282131661442 0.0956112852665 0.113636363636 0.0227272727273 0.025078369906 0.0916927899687
19 0.0626959247649 0.0274294670846 0.00783699059561 0.00313479623824 0.0650470219436 0.00626959247649 0.000783699059561 0.152821316614 0.00156739811912 0.199843260188 0.0156739811912 0.00235109717868 0.00156739811912 0.00235109717868 0.00156739811912 0.00862068965517 0.0227272727273 0.298589341693 0.00313479623824 0.00940438871473 0.1065830721
20 0.0556426332288 0.00470219435737 0.0619122257053 0.0705329153605 0.0188087774295 0.0564263322884 0.0188087774295 0.0352664576803 0.0775862068966 0.0728840125392 0.0133228840125 0.0391849529781 0.00626959247649 0.032131661442 0.102664576803 0.0595611285266 0.0587774294671 0.0391849529781 0.00626959247649 0.0368338557994 0.133228840125
21 0.0376175548589 0.0211598746082 0.0909090909091 0.0188087774295 0.0219435736677 0.0603448275862 0.0172413793103 0.0830721003135 0.0258620689655 0.0854231974922 0.0164576802508 0.0399686520376 0.0242946708464 0.012539184953 0.0266457680251 0.044670846395 0.0493730407524 0.0713166144201 0.00548589341693 0.0227272727273 0.224137931034
22 0.0336990595611 0.00391849529781 0.1065830721 0.0376175548589 0.00548589341693 0.0681818181818 0.0109717868339 0.0109717868339 0.0431034482759 0.0242946708464 0.000783699059561 0.0681818181818 0.076802507837 0.0274294670846 0.0188087774295 0.0485893416928 0.0297805642633 0.0141065830721 0.00156739811912 0.00783699059561 0.361285266458
23 0.019592476489 0.00235109717868 0.057210031348 0.0399686520376 0.00391849529781 0.260971786834 0.00783699059561 0.00862068965517 0.0493730407524 0.00626959247649 0.00156739811912 0.0509404388715 0.0360501567398 0.0156739811912 0.025078369906 0.0352664576803 0.019592476489 0.0117554858934 0.00156739811912 0.00391849529781 0.342476489028
24 0.0352664576803 0.0109717868339 0.0336990595611 0.0658307210031 0.0101880877743 0.0548589341693 0.0164576802508 0.0133228840125 0.096394984326 0.0305642633229 0.00862068965517 0.0352664576803 0.0164576802508 0.064263322884 0.0556426332288 0.0352664576803 0.0485893416928 0.0274294670846 0.0 0.00705329153605 0.333855799373
25 0.032131661442 0.0 0.0227272727273 0.0830721003135 0.0141065830721 0.127742946708 0.0141065830721 0.032131661442 0.0713166144201 0.0423197492163 0.00783699059561 0.032131661442 0.0297805642633 0.0399686520376 0.0611285266458 0.051724137931 0.0736677115987 0.0384012539185 0.00470219435737 0.0101880877743 0.210815047022
26 0.032131661442 0.00313479623824 0.0203761755486 0.108150470219 0.0329153605016 0.0219435736677 0.0164576802508 0.112852664577 0.0501567398119 0.0673981191223 0.0164576802508 0.00626959247649 0.00626959247649 0.0728840125392 0.0877742946708 0.0172413793103 0.0713166144201 0.112068965517 0.00626959247649 0.0399686520376 0.0979623824451
27 0.0227272727273 0.000783699059561 0.0133228840125 0.032131661442 0.00862068965517 0.00940438871473 0.0227272727273 0.0258620689655 0.181034482759 0.0274294670846 0.00783699059561 0.0352664576803 0.0368338557994 0.0235109717868 0.212382445141 0.0619122257053 0.152037617555 0.0399686520376 0.00235109717868 0.00940438871473 0.0744514106583
28 0.0274294670846 0.00470219435737 0.0 0.00235109717868 0.0556426332288 0.00626959247649 0.00156739811912 0.260971786834 0.0 0.112068965517 0.0148902821317 0.000783699059561 0.0 0.0 0.000783699059561 0.00548589341693 0.00548589341693 0.424764890282 0.00235109717868 0.0219435736677 0.0525078369906
29 0.0156739811912 0.00470219435737 0.00783699059561 0.0101880877743 0.00548589341693 0.00940438871473 0.0211598746082 0.0117554858934 0.0180250783699 0.0203761755486 0.00470219435737 0.00940438871473 0.00235109717868 0.0297805642633 0.703761755486 0.0305642633229 0.0156739811912 0.0227272727273 0.000783699059561 0.00783699059561 0.0478056426332
30 0.0101880877743 0.00313479623824 0.0 0.000783699059561 0.0713166144201 0.000783699059561 0.00235109717868 0.0854231974922 0.00235109717868 0.655172413793 0.0297805642633 0.00313479623824 0.00783699059561 0.0 0.0 0.00235109717868 0.00156739811912 0.0493730407524 0.0 0.0305642633229 0.0438871473354
31 0.239028213166 0.0109717868339 0.0164576802508 0.0235109717868 0.0407523510972 0.0133228840125 0.0188087774295 0.0971786833856 0.0141065830721 0.163793103448 0.0109717868339 0.0180250783699 0.00391849529781 0.0235109717868 0.032131661442 0.0697492163009 0.0180250783699 0.0501567398119 0.0148902821317 0.0783699059561 0.0423197492163
32 0.0344827586207 0.0336990595611 0.0587774294671 0.0235109717868 0.0156739811912 0.615987460815 0.0133228840125 0.00156739811912 0.00313479623824 0.0344827586207 0.00705329153605 0.0415360501567 0.000783699059561 0.00235109717868 0.00470219435737 0.0376175548589 0.00391849529781 0.00235109717868 0.00391849529781 0.0188087774295 0.0423197492163
33 0.0156739811912 0.00940438871473 0.000783699059561 0.0 0.0203761755486 0.000783699059561 0.000783699059561 0.521943573668 0.0 0.076802507837 0.0180250783699 0.0 0.00235109717868 0.0 0.0 0.00391849529781 0.00940438871473 0.26802507837 0.0 0.0101880877743 0.0415360501567
34 0.0329153605016 0.000783699059561 0.57210031348 0.0501567398119 0.00156739811912 0.00391849529781 0.00548589341693 0.00783699059561 0.0329153605016 0.00940438871473 0.00313479623824 0.0783699059561 0.00156739811912 0.0384012539185 0.051724137931 0.0211598746082 0.019592476489 0.0164576802508 0.00391849529781 0.00470219435737 0.0438871473354
35 0.424764890282 0.0681818181818 0.000783699059561 0.00313479623824 0.00626959247649 0.00626959247649 0.000783699059561 0.0203761755486 0.00313479623824 0.0219435736677 0.00391849529781 0.00313479623824 0.0180250783699 0.00313479623824 0.00391849529781 0.0564263322884 0.271943573668 0.0368338557994 0.00156739811912 0.00313479623824 0.0423197492163
36 0.0297805642633 0.0117554858934 0.00862068965517 0.00783699059561 0.00705329153605 0.00391849529781 0.00235109717868 0.00626959247649 0.00548589341693 0.0203761755486 0.00626959247649 0.00705329153605 0.778996865204 0.00391849529781 0.012539184953 0.0141065830721 0.0133228840125 0.0141065830721 0.00156739811912 0.00156739811912 0.0431034482759
37 0.0336990595611 0.0 0.0485893416928 0.630877742947 0.00156739811912 0.0203761755486 0.00235109717868 0.00470219435737 0.0282131661442 0.012539184953 0.00470219435737 0.0141065830721 0.032131661442 0.0289968652038 0.0462382445141 0.0289968652038 0.0117554858934 0.00470219435737 0.0 0.00235109717868 0.0431034482759
38 0.0384012539185 0.00470219435737 0.0117554858934 0.019592476489 0.0180250783699 0.0242946708464 0.00313479623824 0.0862068965517 0.0681818181818 0.155172413793 0.0470219435737 0.0164576802508 0.0501567398119 0.0109717868339 0.0603448275862 0.0877742946708 0.128526645768 0.0595611285266 0.00705329153605 0.0164576802508 0.0862068965517
39 0.0673981191223 0.00626959247649 0.0728840125392 0.0423197492163 0.0141065830721 0.148119122257 0.0368338557994 0.00862068965517 0.0979623824451 0.0133228840125 0.00156739811912 0.0525078369906 0.0360501567398 0.0156739811912 0.0681818181818 0.0611285266458 0.0423197492163 0.0407523510972 0.00313479623824 0.0235109717868 0.147335423197
40 0.0352664576803 0.0 0.0384012539185 0.0344827586207 0.0164576802508 0.0564263322884 0.0658307210031 0.00626959247649 0.0689655172414 0.0141065830721 0.00626959247649 0.019592476489 0.0235109717868 0.105015673981 0.0736677115987 0.0415360501567 0.0352664576803 0.0180250783699 0.00391849529781 0.0242946708464 0.312695924765
41 0.0438871473354 0.00548589341693 0.0368338557994 0.0399686520376 0.0188087774295 0.0564263322884 0.00862068965517 0.00862068965517 0.0532915360502 0.0141065830721 0.00470219435737 0.0274294670846 0.105015673981 0.0203761755486 0.057210031348 0.0556426332288 0.0587774294671 0.0227272727273 0.00313479623824 0.00940438871473 0.349529780564
42 0.044670846395 0.0697492163009 0.0587774294671 0.0289968652038 0.00235109717868 0.0846394984326 0.00470219435737 0.00783699059561 0.0462382445141 0.012539184953 0.00156739811912 0.0525078369906 0.0148902821317 0.0227272727273 0.051724137931 0.0431034482759 0.025078369906 0.0109717868339 0.00235109717868 0.00705329153605 0.407523510972
43 0.0297805642633 0.0478056426332 0.0266457680251 0.0344827586207 0.00548589341693 0.0815047021944 0.012539184953 0.0133228840125 0.0775862068966 0.0211598746082 0.0101880877743 0.0242946708464 0.0297805642633 0.0258620689655 0.0399686520376 0.0289968652038 0.0336990595611 0.0203761755486 0.00156739811912 0.00940438871473 0.425548589342
44 0.0391849529781 0.0180250783699 0.0384012539185 0.0548589341693 0.00783699059561 0.0438871473354 0.00548589341693 0.012539184953 0.0540752351097 0.0235109717868 0.00470219435737 0.0203761755486 0.101097178683 0.0352664576803 0.044670846395 0.0391849529781 0.0235109717868 0.0227272727273 0.000783699059561 0.00705329153605 0.402821316614
45 0.0846394984326 0.00235109717868 0.0587774294671 0.0924764890282 0.00470219435737 0.0658307210031 0.012539184953 0.0203761755486 0.0352664576803 0.0274294670846 0.00705329153605 0.0219435736677 0.0431034482759 0.0360501567398 0.0242946708464 0.0462382445141 0.0282131661442 0.0595611285266 0.00313479623824 0.0101880877743 0.315830721003
46 0.0313479623824 0.00391849529781 0.044670846395 0.223354231975 0.0133228840125 0.0313479623824 0.00705329153605 0.0141065830721 0.0352664576803 0.0211598746082 0.0133228840125 0.0133228840125 0.0156739811912 0.206896551724 0.0344827586207 0.0242946708464 0.0297805642633 0.0148902821317 0.0587774294671 0.0352664576803 0.127742946708
47 0.0932601880878 0.0869905956113 0.0438871473354 0.0728840125392 0.019592476489 0.0141065830721 0.0117554858934 0.012539184953 0.0360501567398 0.0188087774295 0.000783699059561 0.0180250783699 0.294670846395 0.032131661442 0.0431034482759 0.025078369906 0.0203761755486 0.0172413793103 0.00313479623824 0.0203761755486 0.115203761755
48 0.0289968652038 0.10736677116 0.0101880877743 0.0156739811912 0.176332288401 0.0721003134796 0.0274294670846 0.0172413793103 0.0133228840125 0.103448275862 0.0211598746082 0.00391849529781 0.00313479623824 0.0148902821317 0.0235109717868 0.0117554858934 0.00862068965517 0.0148902821317 0.0744514106583 0.162225705329 0.08934169279
49 0.254702194357 0.0 0.00470219435737 0.00862068965517 0.0188087774295 0.490595611285 0.00235109717868 0.00313479623824 0.00313479623824 0.00391849529781 0.000783699059561 0.00862068965517 0.00705329153605 0.0101880877743 0.0101880877743 0.0556426332288 0.00940438871473 0.00548589341693 0.00470219435737 0.0266457680251 0.0713166144201
50 0.0775862068966 0.0 0.0721003134796 0.118338557994 0.0274294670846 0.0164576802508 0.019592476489 0.0391849529781 0.108934169279 0.0650470219436 0.0148902821317 0.0336990595611 0.0478056426332 0.0807210031348 0.0916927899687 0.0274294670846 0.025078369906 0.0423197492163 0.0164576802508 0.0203761755486 0.0548589341693
51 0.147335423197 0.00156739811912 0.044670846395 0.313479623824 0.00156739811912 0.00548589341693 0.0109717868339 0.0188087774295 0.0971786833856 0.0407523510972 0.0133228840125 0.019592476489 0.012539184953 0.096394984326 0.0650470219436 0.0188087774295 0.0227272727273 0.0235109717868 0.00626959247649 0.00548589341693 0.0344827586207
52 0.703761755486 0.00705329153605 0.00391849529781 0.00313479623824 0.00391849529781 0.0227272727273 0.000783699059561 0.00783699059561 0.00156739811912 0.00626959247649 0.00313479623824 0.00548589341693 0.00235109717868 0.00313479623824 0.000783699059561 0.16065830721 0.012539184953 0.0141065830721 0.00235109717868 0.00156739811912 0.0329153605016
53 0.0728840125392 0.00156739811912 0.00705329153605 0.0141065830721 0.0148902821317 0.0141065830721 0.0117554858934 0.0141065830721 0.251567398119 0.044670846395 0.0101880877743 0.00783699059561 0.00235109717868 0.0313479623824 0.220219435737 0.083855799373 0.138714733542 0.0101880877743 0.00705329153605 0.0133228840125 0.0282131661442
54 0.137147335423 0.000783699059561 0.129310344828 0.165360501567 0.0172413793103 0.0164576802508 0.0203761755486 0.0109717868339 0.0799373040752 0.0313479623824 0.00626959247649 0.0626959247649 0.0 0.101880877743 0.0689655172414 0.0431034482759 0.0462382445141 0.0172413793103 0.00470219435737 0.0109717868339 0.0289968652038
55 0.147335423197 0.00470219435737 0.00235109717868 0.0266457680251 0.254702194357 0.0109717868339 0.0352664576803 0.0109717868339 0.0266457680251 0.0525078369906 0.012539184953 0.0109717868339 0.000783699059561 0.025078369906 0.0916927899687 0.0180250783699 0.0227272727273 0.0258620689655 0.0681818181818 0.131661442006 0.0203761755486
56 0.0916927899687 0.000783699059561 0.0 0.00313479623824 0.0164576802508 0.00313479623824 0.000783699059561 0.019592476489 0.0 0.543103448276 0.0391849529781 0.0289968652038 0.000783699059561 0.00313479623824 0.000783699059561 0.0133228840125 0.108934169279 0.105015673981 0.000783699059561 0.000783699059561 0.019592476489
57 0.0877742946708 0.0101880877743 0.0211598746082 0.148902821317 0.00470219435737 0.0188087774295 0.0148902821317 0.0313479623824 0.152037617555 0.0336990595611 0.00626959247649 0.025078369906 0.0 0.0705329153605 0.190438871473 0.0689655172414 0.0626959247649 0.0297805642633 0.000783699059561 0.00626959247649 0.0156739811912
58 0.0909090909091 0.00235109717868 0.096394984326 0.135579937304 0.00391849529781 0.0470219435737 0.0101880877743 0.00783699059561 0.138714733542 0.019592476489 0.00470219435737 0.0681818181818 0.00313479623824 0.0854231974922 0.0807210031348 0.123824451411 0.0423197492163 0.0101880877743 0.00391849529781 0.00626959247649 0.0188087774295
59 0.0305642633229 0.00548589341693 0.00313479623824 0.0156739811912 0.057210031348 0.00313479623824 0.0211598746082 0.0525078369906 0.0634796238245 0.366771159875 0.0540752351097 0.0258620689655 0.000783699059561 0.0352664576803 0.0830721003135 0.00940438871473 0.0297805642633 0.0203761755486 0.0266457680251 0.0305642633229 0.0650470219436
60 0.0501567398119 0.0336990595611 0.00235109717868 0.00235109717868 0.0274294670846 0.000783699059561 0.00156739811912 0.152821316614 0.00470219435737 0.399686520376 0.0227272727273 0.00313479623824 0.00156739811912 0.00548589341693 0.00705329153605 0.00391849529781 0.0344827586207 0.170062695925 0.00862068965517 0.00705329153605 0.0603448275862
61 0.0376175548589 0.0101880877743 0.0133228840125 0.025078369906 0.00391849529781 0.0203761755486 0.00313479623824 0.0156739811912 0.0368338557994 0.0619122257053 0.0117554858934 0.0172413793103 0.0728840125392 0.012539184953 0.0211598746082 0.0305642633229 0.0211598746082 0.0336990595611 0.00235109717868 0.00548589341693 0.543103448276
62 0.0736677115987 0.000783699059561 0.0391849529781 0.0815047021944 0.0235109717868 0.0658307210031 0.019592476489 0.044670846395 0.0579937304075 0.126175548589 0.0219435736677 0.0752351097179 0.0384012539185 0.0525078369906 0.0744514106583 0.0376175548589 0.0227272727273 0.0438871473354 0.00391849529781 0.0109717868339 0.0854231974922
63 0.0760188087774 0.00391849529781 0.0634796238245 0.0211598746082 0.00313479623824 0.401253918495 0.0211598746082 0.00391849529781 0.0454545454545 0.0172413793103 0.00156739811912 0.083855799373 0.00783699059561 0.0681818181818 0.0540752351097 0.0431034482759 0.0258620689655 0.00626959247649 0.00235109717868 0.00470219435737 0.0454545454545
64 0.0391849529781 0.00235109717868 0.0329153605016 0.0493730407524 0.00626959247649 0.0799373040752 0.0227272727273 0.00235109717868 0.252351097179 0.00626959247649 0.00313479623824 0.0266457680251 0.012539184953 0.0916927899687 0.181818181818 0.0587774294671 0.0525078369906 0.0109717868339 0.00235109717868 0.00391849529781 0.0619122257053
65 0.044670846395 0.00156739811912 0.0830721003135 0.104231974922 0.012539184953 0.0219435736677 0.0164576802508 0.0219435736677 0.105799373041 0.0203761755486 0.00548589341693 0.0579937304075 0.0721003134796 0.0579937304075 0.0916927899687 0.0713166144201 0.122257053292 0.0438871473354 0.00548589341693 0.0117554858934 0.0274294670846
66 0.0438871473354 0.0101880877743 0.00626959247649 0.00313479623824 0.0266457680251 0.00470219435737 0.0 0.188087774295 0.00626959247649 0.102664576803 0.00705329153605 0.00156739811912 0.00705329153605 0.00626959247649 0.00548589341693 0.00940438871473 0.00862068965517 0.533699059561 0.00548589341693 0.00470219435737 0.0188087774295
67 0.0305642633229 0.00470219435737 0.0384012539185 0.1065830721 0.0360501567398 0.0156739811912 0.019592476489 0.0384012539185 0.0783699059561 0.0431034482759 0.0109717868339 0.0235109717868 0.00470219435737 0.0532915360502 0.122257053292 0.0650470219436 0.144200626959 0.0603448275862 0.0274294670846 0.0587774294671 0.0180250783699
68 0.0258620689655 0.138714733542 0.00156739811912 0.00235109717868 0.0579937304075 0.00862068965517 0.0 0.180250783699 0.00391849529781 0.297021943574 0.0172413793103 0.00156739811912 0.00156739811912 0.00235109717868 0.00313479623824 0.00313479623824 0.0101880877743 0.203761755486 0.00235109717868 0.0148902821317 0.0235109717868
69 0.0344827586207 0.00235109717868 0.0619122257053 0.210031347962 0.0188087774295 0.00862068965517 0.0188087774295 0.0384012539185 0.083855799373 0.0407523510972 0.00548589341693 0.0235109717868 0.00470219435737 0.0705329153605 0.0971786833856 0.0532915360502 0.0815047021944 0.0916927899687 0.00862068965517 0.019592476489 0.0258620689655
70 0.057210031348 0.0164576802508 0.0227272727273 0.0305642633229 0.0869905956113 0.0188087774295 0.00705329153605 0.0877742946708 0.0219435736677 0.0971786833856 0.0101880877743 0.0109717868339 0.0689655172414 0.0258620689655 0.032131661442 0.0485893416928 0.0548589341693 0.120689655172 0.00626959247649 0.0634796238245 0.111285266458
71 0.0391849529781 0.00156739811912 0.229623824451 0.0948275862069 0.0133228840125 0.0407523510972 0.0188087774295 0.051724137931 0.0227272727273 0.0611285266458 0.00705329153605 0.025078369906 0.0203761755486 0.0258620689655 0.0282131661442 0.0368338557994 0.0399686520376 0.0736677115987 0.00705329153605 0.0148902821317 0.147335423197
72 0.00783699059561 0.000783699059561 0.0266457680251 0.0203761755486 0.00235109717868 0.0266457680251 0.00862068965517 0.00626959247649 0.0360501567398 0.00470219435737 0.00156739811912 0.00940438871473 0.0485893416928 0.0164576802508 0.0203761755486 0.0188087774295 0.0141065830721 0.012539184953 0.00235109717868 0.00940438871473 0.706112852665
73 0.0501567398119 0.00156739811912 0.0344827586207 0.0376175548589 0.00391849529781 0.0689655172414 0.00626959247649 0.0180250783699 0.025078369906 0.0282131661442 0.00156739811912 0.0266457680251 0.0289968652038 0.032131661442 0.0344827586207 0.0368338557994 0.0360501567398 0.0368338557994 0.00548589341693 0.0141065830721 0.472570532915
74 0.0399686520376 0.000783699059561 0.0595611285266 0.064263322884 0.00626959247649 0.057210031348 0.00940438871473 0.0211598746082 0.032131661442 0.0164576802508 0.00705329153605 0.025078369906 0.0344827586207 0.0470219435737 0.0289968652038 0.0360501567398 0.0352664576803 0.0266457680251 0.000783699059561 0.0274294670846 0.423981191223
75 0.057210031348 0.00313479623824 0.101880877743 0.076802507837 0.00548589341693 0.182601880878 0.0164576802508 0.0156739811912 0.0807210031348 0.0329153605016 0.00940438871473 0.0360501567398 0.0258620689655 0.0368338557994 0.0721003134796 0.0697492163009 0.0509404388715 0.0258620689655 0.0 0.0141065830721 0.0862068965517
76 0.0423197492163 0.00391849529781 0.0203761755486 0.0431034482759 0.0305642633229 0.0282131661442 0.0133228840125 0.0431034482759 0.120689655172 0.0415360501567 0.0141065830721 0.0172413793103 0.0384012539185 0.0454545454545 0.169278996865 0.0376175548589 0.123040752351 0.0822884012539 0.00391849529781 0.0297805642633 0.051724137931
77 0.0235109717868 0.00313479623824 0.653605015674 0.0352664576803 0.00470219435737 0.0673981191223 0.00156739811912 0.00862068965517 0.0235109717868 0.00862068965517 0.00470219435737 0.0274294670846 0.0164576802508 0.0101880877743 0.0180250783699 0.0211598746082 0.0282131661442 0.0109717868339 0.000783699059561 0.00391849529781 0.0282131661442
78 0.0478056426332 0.000783699059561 0.0376175548589 0.032131661442 0.00783699059561 0.0368338557994 0.0258620689655 0.0180250783699 0.195141065831 0.012539184953 0.00626959247649 0.0368338557994 0.0336990595611 0.0619122257053 0.256269592476 0.0650470219436 0.0360501567398 0.0235109717868 0.00626959247649 0.0235109717868 0.0360501567398
79 0.0211598746082 0.00156739811912 0.0391849529781 0.0211598746082 0.0783699059561 0.0297805642633 0.0258620689655 0.00548589341693 0.0211598746082 0.0109717868339 0.00313479623824 0.0501567398119 0.00783699059561 0.0289968652038 0.0203761755486 0.0360501567398 0.0211598746082 0.0117554858934 0.0282131661442 0.496865203762 0.0407523510972
80 0.0133228840125 0.00313479623824 0.0971786833856 0.019592476489 0.012539184953 0.601097178683 0.0109717868339 0.00313479623824 0.0313479623824 0.00391849529781 0.00156739811912 0.0634796238245 0.0101880877743 0.0258620689655 0.0258620689655 0.0258620689655 0.00862068965517 0.00391849529781 0.000783699059561 0.00313479623824 0.0344827586207
81 0.0219435736677 0.00470219435737 0.0133228840125 0.0203761755486 0.00313479623824 0.012539184953 0.0148902821317 0.0117554858934 0.0148902821317 0.0133228840125 0.00940438871473 0.0384012539185 0.0101880877743 0.0172413793103 0.688087774295 0.0148902821317 0.0219435736677 0.0219435736677 0.00548589341693 0.00705329153605 0.0344827586207
82 0.051724137931 0.0141065830721 0.0101880877743 0.0297805642633 0.0532915360502 0.00783699059561 0.0156739811912 0.105015673981 0.0282131661442 0.247648902821 0.0235109717868 0.0148902821317 0.0368338557994 0.0211598746082 0.0235109717868 0.0368338557994 0.0932601880878 0.0948275862069 0.0219435736677 0.0478056426332 0.0219435736677
83 0.0117554858934 0.00626959247649 0.00313479623824 0.0109717868339 0.0289968652038 0.000783699059561 0.0101880877743 0.117554858934 0.00313479623824 0.425548589342 0.0180250783699 0.00313479623824 0.0274294670846 0.00862068965517 0.012539184953 0.0156739811912 0.0242946708464 0.216300940439 0.00626959247649 0.0274294670846 0.0219435736677
84 0.452194357367 0.0478056426332 0.0 0.00548589341693 0.00313479623824 0.25 0.00156739811912 0.00470219435737 0.000783699059561 0.0156739811912 0.00313479623824 0.000783699059561 0.00156739811912 0.00548589341693 0.057210031348 0.0274294670846 0.012539184953 0.0807210031348 0.000783699059561 0.00470219435737 0.0242946708464
85 0.0289968652038 0.00705329153605 0.0603448275862 0.0650470219436 0.0329153605016 0.00705329153605 0.0587774294671 0.0509404388715 0.0391849529781 0.0478056426332 0.0117554858934 0.0258620689655 0.00548589341693 0.0360501567398 0.0721003134796 0.0540752351097 0.0901253918495 0.0705329153605 0.0336990595611 0.188871473354 0.0133228840125
86 0.0329153605016 0.134796238245 0.00235109717868 0.00235109717868 0.0141065830721 0.00548589341693 0.0 0.16144200627 0.00156739811912 0.144984326019 0.0164576802508 0.00156739811912 0.00705329153605 0.00156739811912 0.00235109717868 0.00235109717868 0.00626959247649 0.447492163009 0.00235109717868 0.00156739811912 0.0109717868339
87 0.025078369906 0.00391849529781 0.0156739811912 0.032131661442 0.155172413793 0.00862068965517 0.0235109717868 0.044670846395 0.0329153605016 0.0556426332288 0.0180250783699 0.0117554858934 0.00548589341693 0.0211598746082 0.0611285266458 0.0462382445141 0.0595611285266 0.0509404388715 0.103448275862 0.21394984326 0.0109717868339
88 0.0932601880878 0.0258620689655 0.0188087774295 0.0101880877743 0.032131661442 0.00862068965517 0.0336990595611 0.0877742946708 0.025078369906 0.199059561129 0.0156739811912 0.0266457680251 0.0188087774295 0.0133228840125 0.0540752351097 0.0391849529781 0.0532915360502 0.184169278997 0.00156739811912 0.0438871473354 0.0148902821317
89 0.0470219435737 0.000783699059561 0.252351097179 0.0689655172414 0.00235109717868 0.193573667712 0.0101880877743 0.00626959247649 0.0438871473354 0.0148902821317 0.00235109717868 0.103448275862 0.0587774294671 0.0219435736677 0.0391849529781 0.0540752351097 0.019592476489 0.0133228840125 0.00235109717868 0.00705329153605 0.0376175548589
90 0.0313479623824 0.00470219435737 0.110501567398 0.0626959247649 0.00391849529781 0.404388714734 0.00705329153605 0.00156739811912 0.0658307210031 0.00548589341693 0.00235109717868 0.0713166144201 0.0148902821317 0.0172413793103 0.0438871473354 0.0399686520376 0.0352664576803 0.00705329153605 0.00626959247649 0.00940438871473 0.0548589341693
91 0.039224137931 3.91849529781e-05 0.0306034482759 0.0752742946708 0.00395768025078 0.0627351097179 0.0164968652038 0.0588166144201 0.101920062696 0.0752742946708 0.0149294670846 0.0243338557994 0.0110109717868 0.0650862068966 0.125431034483 0.0235501567398 0.107405956113 0.0980015673981 0.00395768025078 0.0133620689655 0.0485893416928
92 0.00548589341693 0.0282131661442 0.304858934169 0.0282131661442 0.0462382445141 0.00391849529781 0.00940438871473 0.0101880877743 0.00391849529781 0.103448275862 0.0360501567398 0.17868338558 0.0203761755486 0.00548589341693 0.0109717868339 0.112852664577 0.0266457680251 0.0148902821317 0.0180250783699 0.0141065830721 0.0180250783699
93 0.0391849529781 0.00313479623824 0.00783699059561 0.000783699059561 0.0493730407524 0.0 0.000783699059561 0.21473354232 0.000783699059561 0.32131661442 0.00940438871473 0.000783699059561 0.00470219435737 0.00156739811912 0.0 0.00313479623824 0.00470219435737 0.276645768025 0.00705329153605 0.0415360501567 0.012539184953
94 0.157523510972 0.00705329153605 0.00940438871473 0.0156739811912 0.0 0.16065830721 0.000783699059561 0.00313479623824 0.00235109717868 0.00156739811912 0.000783699059561 0.398902821317 0.00235109717868 0.0862068965517 0.00391849529781 0.116771159875 0.0148902821317 0.00235109717868 0.0 0.000783699059561 0.0148902821317
95 0.16144200627 0.012539184953 0.0407523510972 0.220219435737 0.0117554858934 0.0211598746082 0.0180250783699 0.0242946708464 0.0548589341693 0.137931034483 0.00783699059561 0.0148902821317 0.00313479623824 0.0540752351097 0.0658307210031 0.0376175548589 0.032131661442 0.0431034482759 0.000783699059561 0.0203761755486 0.0172413793103
96 0.126959247649 0.000783699059561 0.0336990595611 0.229623824451 0.0172413793103 0.0117554858934 0.0282131661442 0.0384012539185 0.0509404388715 0.0916927899687 0.032131661442 0.00548589341693 0.00235109717868 0.0744514106583 0.0470219435737 0.0289968652038 0.0485893416928 0.044670846395 0.0438871473354 0.0258620689655 0.0172413793103
97 0.0203761755486 0.000783699059561 0.000783699059561 0.00391849529781 0.00156739811912 0.00313479623824 0.000783699059561 0.0587774294671 0.000783699059561 0.541536050157 0.254702194357 0.0 0.000783699059561 0.0454545454545 0.000783699059561 0.00548589341693 0.00313479623824 0.0376175548589 0.0 0.000783699059561 0.0188087774295
98 0.0360501567398 0.00548589341693 0.0 0.0 0.000783699059561 0.00156739811912 0.0 0.191222570533 0.00391849529781 0.297805642633 0.0141065830721 0.000783699059561 0.0 0.00313479623824 0.00470219435737 0.00470219435737 0.012539184953 0.403605015674 0.0 0.000783699059561 0.0188087774295
99 0.122257053292 0.000783699059561 0.0258620689655 0.191222570533 0.00235109717868 0.0203761755486 0.00235109717868 0.00548589341693 0.151253918495 0.0203761755486 0.00626959247649 0.0180250783699 0.0 0.064263322884 0.221786833856 0.0854231974922 0.0203761755486 0.0148902821317 0.00156739811912 0.00470219435737 0.0203761755486
100 0.139498432602 0.00156739811912 0.051724137931 0.190438871473 0.00470219435737 0.0297805642633 0.0141065830721 0.00548589341693 0.0697492163009 0.0470219435737 0.0117554858934 0.1065830721 0.0 0.0932601880878 0.0760188087774 0.0909090909091 0.0266457680251 0.0117554858934 0.00156739811912 0.00470219435737 0.0227272727273
101 0.00391849529781 0.000783699059561 0.0101880877743 0.00470219435737 0.0 0.923981191223 0.000783699059561 0.0 0.00940438871473 0.0 0.0 0.00626959247649 0.00235109717868 0.00235109717868 0.00548589341693 0.00391849529781 0.000783699059561 0.000783699059561 0.000783699059561 0.0 0.0235109717868
102 0.0391849529781 0.00548589341693 0.00313479623824 0.00705329153605 0.0807210031348 0.00705329153605 0.0564263322884 0.0141065830721 0.00626959247649 0.362068965517 0.0540752351097 0.012539184953 0.0 0.0164576802508 0.00548589341693 0.00862068965517 0.00470219435737 0.0172413793103 0.0924764890282 0.180250783699 0.0266457680251
103 0.747648902821 0.00783699059561 0.000783699059561 0.000783699059561 0.00156739811912 0.0885579937304 0.00156739811912 0.00235109717868 0.00156739811912 0.00862068965517 0.00156739811912 0.0 0.000783699059561 0.0 0.00235109717868 0.025078369906 0.0156739811912 0.0611285266458 0.0 0.00313479623824 0.0289968652038
104 0.0242946708464 0.0101880877743 0.0101880877743 0.0556426332288 0.0360501567398 0.00626959247649 0.0117554858934 0.0423197492163 0.0791536050157 0.0603448275862 0.0180250783699 0.0109717868339 0.00626959247649 0.0336990595611 0.177115987461 0.0211598746082 0.0478056426332 0.0901253918495 0.0783699059561 0.0384012539185 0.141849529781
105 0.104231974922 0.0141065830721 0.0109717868339 0.019592476489 0.0329153605016 0.00313479623824 0.0133228840125 0.0438871473354 0.00783699059561 0.0603448275862 0.0101880877743 0.00548589341693 0.076802507837 0.00470219435737 0.0156739811912 0.0141065830721 0.0329153605016 0.221003134796 0.0203761755486 0.0360501567398 0.252351097179
106 0.104231974922 0.00391849529781 0.0462382445141 0.0235109717868 0.0289968652038 0.0141065830721 0.0313479623824 0.0164576802508 0.0289968652038 0.0368338557994 0.00862068965517 0.0384012539185 0.00705329153605 0.0164576802508 0.0431034482759 0.0344827586207 0.0305642633229 0.0470219435737 0.00548589341693 0.10736677116 0.326802507837
107 0.0297805642633 0.00313479623824 0.0266457680251 0.0329153605016 0.0399686520376 0.0164576802508 0.00548589341693 0.0180250783699 0.0180250783699 0.019592476489 0.00548589341693 0.0164576802508 0.0454545454545 0.0180250783699 0.0501567398119 0.0235109717868 0.0329153605016 0.0188087774295 0.0399686520376 0.134012539185 0.405172413793
108 0.0540752351097 0.000783699059561 0.064263322884 0.0313479623824 0.025078369906 0.0266457680251 0.0368338557994 0.0595611285266 0.0454545454545 0.0258620689655 0.00705329153605 0.0164576802508 0.051724137931 0.0188087774295 0.0470219435737 0.0384012539185 0.0438871473354 0.0791536050157 0.00940438871473 0.025078369906 0.293103448276
109 0.0415360501567 0.00548589341693 0.0360501567398 0.0344827586207 0.0454545454545 0.0313479623824 0.0188087774295 0.0180250783699 0.0313479623824 0.0211598746082 0.00705329153605 0.0172413793103 0.0180250783699 0.019592476489 0.0305642633229 0.0556426332288 0.0156739811912 0.0203761755486 0.0376175548589 0.210031347962 0.284482758621
110 0.0485893416928 0.00862068965517 0.0478056426332 0.0485893416928 0.0172413793103 0.0650470219436 0.0133228840125 0.0172413793103 0.0368338557994 0.0282131661442 0.00626959247649 0.0282131661442 0.0987460815047 0.0274294670846 0.0532915360502 0.0791536050157 0.0493730407524 0.0203761755486 0.000783699059561 0.0203761755486 0.284482758621
111 0.0501567398119 0.00783699059561 0.0493730407524 0.0297805642633 0.0156739811912 0.0548589341693 0.0156739811912 0.0101880877743 0.0603448275862 0.0352664576803 0.00705329153605 0.0352664576803 0.131661442006 0.0423197492163 0.0368338557994 0.0501567398119 0.0360501567398 0.0180250783699 0.00391849529781 0.0219435736677 0.287617554859
112 0.0431034482759 0.00235109717868 0.0815047021944 0.0525078369906 0.0148902821317 0.051724137931 0.019592476489 0.00548589341693 0.0454545454545 0.0141065830721 0.00313479623824 0.126175548589 0.0415360501567 0.0227272727273 0.0478056426332 0.0493730407524 0.0148902821317 0.00940438871473 0.00313479623824 0.0344827586207 0.316614420063
113 0.0415360501567 0.0133228840125 0.0493730407524 0.0274294670846 0.032131661442 0.025078369906 0.0180250783699 0.0180250783699 0.0336990595611 0.0540752351097 0.0117554858934 0.0305642633229 0.0384012539185 0.0235109717868 0.0188087774295 0.0603448275862 0.0619122257053 0.0352664576803 0.00313479623824 0.0509404388715 0.352664576803
114 0.064263322884 0.00548589341693 0.0619122257053 0.0470219435737 0.00783699059561 0.032131661442 0.0109717868339 0.00783699059561 0.112852664577 0.0282131661442 0.00783699059561 0.0203761755486 0.0611285266458 0.0242946708464 0.0564263322884 0.076802507837 0.0454545454545 0.0172413793103 0.00156739811912 0.00862068965517 0.301724137931
115 0.0188087774295 0.0305642633229 0.0376175548589 0.0305642633229 0.0493730407524 0.032131661442 0.032131661442 0.019592476489 0.0329153605016 0.0540752351097 0.0109717868339 0.0203761755486 0.0188087774295 0.0180250783699 0.0485893416928 0.0274294670846 0.0164576802508 0.0219435736677 0.00862068965517 0.202978056426 0.26802507837
116 0.0854231974922 0.019592476489 0.0423197492163 0.032131661442 0.0242946708464 0.0368338557994 0.0242946708464 0.0235109717868 0.0423197492163 0.0705329153605 0.0148902821317 0.0164576802508 0.0133228840125 0.0415360501567 0.0775862068966 0.0587774294671 0.0297805642633 0.0305642633229 0.012539184953 0.0493730407524 0.253918495298
117 0.0885579937304 0.00391849529781 0.108934169279 0.0987460815047 0.00470219435737 0.0540752351097 0.0101880877743 0.00705329153605 0.0689655172414 0.0180250783699 0.00548589341693 0.0407523510972 0.0532915360502 0.0485893416928 0.0415360501567 0.0540752351097 0.0344827586207 0.0141065830721 0.00313479623824 0.00862068965517 0.23275862069
118 0.105799373041 0.012539184953 0.0634796238245 0.117554858934 0.00783699059561 0.0219435736677 0.0156739811912 0.0211598746082 0.064263322884 0.0485893416928 0.00940438871473 0.0148902821317 0.0258620689655 0.0634796238245 0.0995297805643 0.0423197492163 0.0242946708464 0.0227272727273 0.00548589341693 0.0188087774295 0.194357366771
119 0.00235109717868 0.00156739811912 0.0 0.0 0.117554858934 0.0 0.00391849529781 0.0399686520376 0.0 0.322884012539 0.0344827586207 0.0 0.0 0.00313479623824 0.00470219435737 0.000783699059561 0.00156739811912 0.0164576802508 0.0164576802508 0.247648902821 0.186520376176
