POS A C D E F G H I K L M N P Q R S T V W Y -
1 0.000915750915751 0.000915750915751 0.0 0.000915750915751 0.0 0.003663003663 0.0 0.00457875457875 0.00824175824176 0.0155677655678 0.0192307692308 0.0137362637363 0.00549450549451 0.000915750915751 0.0 0.00274725274725 0.0 0.00274725274725 0.0 0.000915750915751 0.919413919414
2 0.0210622710623 0.000915750915751 0.0320512820513 0.0311355311355 0.000915750915751 0.0100732600733 0.00915750915751 0.00915750915751 0.014652014652 0.00915750915751 0.0274725274725 0.018315018315 0.0531135531136 0.0119047619048 0.0128205128205 0.0412087912088 0.018315018315 0.00641025641026 0.0 0.00274725274725 0.669413919414
3 0.014652014652 0.000915750915751 0.0641025641026 0.0347985347985 0.00549450549451 0.134615384615 0.010989010989 0.00641025641026 0.0302197802198 0.0155677655678 0.0201465201465 0.0494505494505 0.0430402930403 0.0173992673993 0.025641025641 0.040293040293 0.0357142857143 0.00457875457875 0.0018315018315 0.010989010989 0.43315018315
4 0.0458333333333 0.0156135531136 0.0577380952381 0.0522435897436 0.0311813186813 0.0247710622711 0.0256868131868 0.0201923076923 0.0403388278388 0.0211080586081 0.0201923076923 0.0183608058608 0.0330128205128 0.0238553113553 0.0311813186813 0.0494963369963 0.0760531135531 0.0266025641026 0.0476648351648 0.0266025641026 0.312271062271
5 0.0320512820513 0.0119047619048 0.003663003663 0.00824175824176 0.043956043956 0.00549450549451 0.0100732600733 0.126373626374 0.00915750915751 0.173076923077 0.0320512820513 0.0100732600733 0.014652014652 0.00915750915751 0.0128205128205 0.010989010989 0.0430402930403 0.136446886447 0.029304029304 0.0503663003663 0.227106227106
6 0.0274725274725 0.0119047619048 0.018315018315 0.0338827838828 0.0100732600733 0.00457875457875 0.0384615384615 0.0897435897436 0.161172161172 0.0494505494505 0.00641025641026 0.0247252747253 0.00641025641026 0.021978021978 0.0494505494505 0.0311355311355 0.0924908424908 0.135531135531 0.003663003663 0.0173992673993 0.165750915751
7 0.0632326007326 0.0604853479853 4.57875457875e-05 0.00187728937729 0.0559065934066 0.00828754578755 0.000961538461538 0.232646520147 4.57875457875e-05 0.164880952381 0.0183608058608 0.00462454212454 0.00370879120879 4.57875457875e-05 0.00370879120879 0.00370879120879 0.00645604395604 0.196016483516 0.0119505494505 0.0146978021978 0.148351648352
8 0.0457875457875 0.00732600732601 0.00457875457875 0.00915750915751 0.166666666667 0.00549450549451 0.0210622710623 0.021978021978 0.00732600732601 0.0119047619048 0.00457875457875 0.141025641026 0.00274725274725 0.0128205128205 0.00915750915751 0.0201465201465 0.0210622710623 0.00915750915751 0.0412087912088 0.296703296703 0.14010989011
9 0.0283882783883 0.047619047619 0.00641025641026 0.00641025641026 0.0686813186813 0.0100732600733 0.0 0.0805860805861 0.003663003663 0.0238095238095 0.0137362637363 0.0018315018315 0.003663003663 0.00274725274725 0.003663003663 0.0732600732601 0.342490842491 0.144688644689 0.000915750915751 0.00732600732601 0.130036630037
10 0.0266025641026 0.00737179487179 0.699679487179 0.0165293040293 0.000961538461538 0.0211080586081 0.0156135531136 0.00554029304029 0.010119047619 0.00370879120879 0.00370879120879 0.0183608058608 0.00279304029304 0.00187728937729 0.010119047619 0.0165293040293 0.010119047619 0.00187728937729 4.57875457875e-05 0.00462454212454 0.122710622711
11 0.203296703297 0.00549450549451 0.00732600732601 0.00824175824176 0.000915750915751 0.529304029304 0.0018315018315 0.00274725274725 0.00274725274725 0.00457875457875 0.00274725274725 0.0119047619048 0.00457875457875 0.0018315018315 0.0173992673993 0.0311355311355 0.018315018315 0.018315018315 0.000915750915751 0.003663003663 0.122710622711
12 0.162087912088 0.018315018315 0.00457875457875 0.00457875457875 0.00641025641026 0.0576923076923 0.00641025641026 0.010989010989 0.00641025641026 0.0137362637363 0.003663003663 0.00641025641026 0.00824175824176 0.00549450549451 0.00915750915751 0.489926739927 0.0274725274725 0.0238095238095 0.00274725274725 0.00641025641026 0.125457875458
13 0.0650641025641 0.103525641026 0.0137820512821 0.010119047619 0.0824633699634 0.0238553113553 0.0174450549451 0.0229395604396 0.0586538461538 0.0394230769231 0.0165293040293 0.00645604395604 0.00645604395604 0.00737179487179 0.0440018315018 0.0870421245421 0.0394230769231 0.0723901098901 0.0595695970696 0.0614010989011 0.162087912088
14 0.0211080586081 0.0174450549451 0.0522435897436 0.0302655677656 0.0357600732601 0.0128663003663 0.0403388278388 0.0559065934066 0.0934523809524 0.0797161172161 0.00828754578755 0.0559065934066 0.0165293040293 0.0256868131868 0.111767399267 0.0678113553114 0.0449175824176 0.0320970695971 0.00187728937729 0.0275183150183 0.168498168498
15 0.0522435897436 0.00828754578755 0.0385073260073 0.0559065934066 0.00370879120879 0.107188644689 0.0284340659341 0.0183608058608 0.0778846153846 0.0192765567766 0.00645604395604 0.0769688644689 0.0833791208791 0.0403388278388 0.0449175824176 0.0705586080586 0.0293498168498 0.0357600732601 0.00828754578755 0.0201923076923 0.173992673993
16 0.0357600732601 0.00462454212454 0.0641483516484 0.0549908424908 0.00828754578755 0.0696428571429 0.0220238095238 0.0110347985348 0.0586538461538 0.0192765567766 0.00645604395604 0.161217948718 0.0238553113553 0.0394230769231 0.0311813186813 0.0797161172161 0.0311813186813 0.0192765567766 0.00554029304029 0.0165293040293 0.237179487179
17 0.0430402930403 0.00457875457875 0.0357142857143 0.0384615384615 0.00641025641026 0.130952380952 0.0155677655678 0.00549450549451 0.0494505494505 0.018315018315 0.0018315018315 0.0467032967033 0.0796703296703 0.0384615384615 0.0357142857143 0.0723443223443 0.0695970695971 0.00915750915751 0.00274725274725 0.00641025641026 0.289377289377
18 0.0320512820513 0.00824175824176 0.0375457875458 0.0247252747253 0.00915750915751 0.217032967033 0.0192307692308 0.00641025641026 0.0586080586081 0.0201465201465 0.00732600732601 0.0503663003663 0.0164835164835 0.025641025641 0.0668498168498 0.0494505494505 0.029304029304 0.0137362637363 0.00549450549451 0.00824175824176 0.293956043956
19 0.0567765567766 0.0155677655678 0.0155677655678 0.0393772893773 0.0155677655678 0.0485347985348 0.0228937728938 0.0393772893773 0.0888278388278 0.03663003663 0.00915750915751 0.025641025641 0.0576923076923 0.0338827838828 0.0714285714286 0.0613553113553 0.0347985347985 0.0622710622711 0.00457875457875 0.0137362637363 0.246336996337
20 0.201465201465 0.021978021978 0.0128205128205 0.014652014652 0.0128205128205 0.173992673993 0.00732600732601 0.0375457875458 0.021978021978 0.018315018315 0.0238095238095 0.0173992673993 0.00732600732601 0.00457875457875 0.0228937728938 0.0860805860806 0.0540293040293 0.0677655677656 0.0018315018315 0.018315018315 0.173076923077
21 0.140155677656 0.0119505494505 0.00554029304029 0.0110347985348 0.00462454212454 0.472573260073 0.00370879120879 0.0092032967033 0.0165293040293 0.00554029304029 0.00279304029304 0.0156135531136 0.00462454212454 0.010119047619 0.0284340659341 0.0696428571429 0.0284340659341 0.0220238095238 0.00645604395604 0.00554029304029 0.125457875458
22 0.141941391941 0.0586080586081 0.000915750915751 0.003663003663 0.0695970695971 0.0265567765568 0.00915750915751 0.107142857143 0.0119047619048 0.0521978021978 0.0210622710623 0.00274725274725 0.003663003663 0.00641025641026 0.0128205128205 0.047619047619 0.0274725274725 0.0869963369963 0.100732600733 0.0833333333333 0.125457875458
23 0.229853479853 0.00915750915751 0.00549450549451 0.00824175824176 0.003663003663 0.474358974359 0.0 0.00641025641026 0.003663003663 0.00457875457875 0.00457875457875 0.00274725274725 0.00549450549451 0.00732600732601 0.0210622710623 0.0558608058608 0.014652014652 0.0210622710623 0.0018315018315 0.00274725274725 0.117216117216
24 0.1336996337 0.0347985347985 0.0018315018315 0.000915750915751 0.0824175824176 0.110805860806 0.0 0.0998168498168 0.0018315018315 0.032967032967 0.010989010989 0.000915750915751 0.00457875457875 0.000915750915751 0.00732600732601 0.0338827838828 0.0119047619048 0.173076923077 0.0714285714286 0.0732600732601 0.112637362637
25 0.106227106227 0.018315018315 0.000915750915751 0.00457875457875 0.043956043956 0.0119047619048 0.0128205128205 0.14010989011 0.00915750915751 0.0787545787546 0.0128205128205 0.00274725274725 0.0 0.00641025641026 0.00457875457875 0.0238095238095 0.032967032967 0.28021978022 0.0274725274725 0.0641025641026 0.118131868132
26 0.0659340659341 0.0338827838828 0.010989010989 0.00824175824176 0.0796703296703 0.0549450549451 0.010989010989 0.164835164835 0.00732600732601 0.14010989011 0.0210622710623 0.003663003663 0.00274725274725 0.00457875457875 0.0210622710623 0.0375457875458 0.0173992673993 0.135531135531 0.029304029304 0.032967032967 0.117216117216
27 0.0283882783883 0.0137362637363 0.0137362637363 0.0531135531136 0.0375457875458 0.0384615384615 0.0201465201465 0.0384615384615 0.0512820512821 0.0503663003663 0.0119047619048 0.0192307692308 0.047619047619 0.0338827838828 0.181318681319 0.0393772893773 0.0412087912088 0.0943223443223 0.0192307692308 0.0549450549451 0.111721611722
28 0.0347985347985 0.014652014652 0.173076923077 0.0338827838828 0.0274725274725 0.0421245421245 0.0311355311355 0.029304029304 0.032967032967 0.0357142857143 0.0018315018315 0.0924908424908 0.03663003663 0.0274725274725 0.0320512820513 0.0824175824176 0.0421245421245 0.025641025641 0.0173992673993 0.0595238095238 0.127289377289
29 0.0302197802198 0.00457875457875 0.0998168498168 0.0650183150183 0.0128205128205 0.184065934066 0.0265567765568 0.0100732600733 0.0393772893773 0.0283882783883 0.00457875457875 0.0924908424908 0.0641025641026 0.0247252747253 0.03663003663 0.0641025641026 0.0467032967033 0.0192307692308 0.00274725274725 0.00824175824176 0.135531135531
30 0.0338827838828 0.00549450549451 0.0824175824176 0.0659340659341 0.00824175824176 0.247252747253 0.0238095238095 0.00915750915751 0.047619047619 0.0210622710623 0.00641025641026 0.0686813186813 0.0320512820513 0.0320512820513 0.0384615384615 0.0576923076923 0.0338827838828 0.0173992673993 0.00274725274725 0.00641025641026 0.159340659341
31 0.040293040293 0.0137362637363 0.0512820512821 0.0760073260073 0.0512820512821 0.0384615384615 0.0375457875458 0.0357142857143 0.0494505494505 0.0393772893773 0.0173992673993 0.0247252747253 0.021978021978 0.047619047619 0.0485347985348 0.0641025641026 0.043956043956 0.0677655677656 0.047619047619 0.0164835164835 0.166666666667
32 0.0347985347985 0.0192307692308 0.0238095238095 0.0650183150183 0.0338827838828 0.0201465201465 0.0173992673993 0.0943223443223 0.0421245421245 0.0769230769231 0.0128205128205 0.0320512820513 0.0613553113553 0.0311355311355 0.0558608058608 0.0393772893773 0.0393772893773 0.10989010989 0.0238095238095 0.0228937728938 0.143772893773
33 0.0494505494505 0.0137362637363 0.0192307692308 0.0494505494505 0.0357142857143 0.0467032967033 0.0274725274725 0.0769230769231 0.0686813186813 0.105311355311 0.0192307692308 0.021978021978 0.00915750915751 0.0347985347985 0.0705128205128 0.047619047619 0.040293040293 0.0576923076923 0.025641025641 0.0412087912088 0.139194139194
34 0.0897435897436 0.0100732600733 0.0283882783883 0.0723443223443 0.021978021978 0.0833333333333 0.0320512820513 0.0338827838828 0.0393772893773 0.0613553113553 0.0164835164835 0.0750915750916 0.0173992673993 0.040293040293 0.0512820512821 0.0769230769231 0.0549450549451 0.043956043956 0.0100732600733 0.014652014652 0.126373626374
35 0.0879120879121 0.0238095238095 0.0119047619048 0.0283882783883 0.123626373626 0.0384615384615 0.025641025641 0.0796703296703 0.0311355311355 0.0915750915751 0.0201465201465 0.0137362637363 0.0100732600733 0.0247252747253 0.0302197802198 0.0540293040293 0.0430402930403 0.0622710622711 0.0283882783883 0.0494505494505 0.121794871795
36 0.112637362637 0.0155677655678 0.0164835164835 0.025641025641 0.0338827838828 0.0879120879121 0.025641025641 0.0164835164835 0.0604395604396 0.0375457875458 0.00732600732601 0.0192307692308 0.0164835164835 0.0311355311355 0.0576923076923 0.195970695971 0.0412087912088 0.0338827838828 0.00732600732601 0.047619047619 0.10989010989
37 0.0540293040293 0.0173992673993 0.0201465201465 0.0448717948718 0.0302197802198 0.159340659341 0.0128205128205 0.0357142857143 0.0705128205128 0.0714285714286 0.00915750915751 0.0274725274725 0.0540293040293 0.0247252747253 0.0824175824176 0.0576923076923 0.029304029304 0.0521978021978 0.0137362637363 0.0210622710623 0.111721611722
38 0.0558608058608 0.0238095238095 0.0338827838828 0.0265567765568 0.03663003663 0.0668498168498 0.018315018315 0.0521978021978 0.0604395604396 0.104395604396 0.018315018315 0.0320512820513 0.0650183150183 0.021978021978 0.043956043956 0.0833333333333 0.0384615384615 0.043956043956 0.0018315018315 0.0375457875458 0.134615384615
39 0.0375457875458 0.021978021978 0.0448717948718 0.0741758241758 0.0375457875458 0.0549450549451 0.0201465201465 0.0705128205128 0.0347985347985 0.130036630037 0.0128205128205 0.0302197802198 0.0650183150183 0.021978021978 0.0494505494505 0.0613553113553 0.0485347985348 0.0604395604396 0.00457875457875 0.021978021978 0.0970695970696
40 0.0503663003663 0.0128205128205 0.0567765567766 0.0558608058608 0.0302197802198 0.163003663004 0.03663003663 0.0210622710623 0.0485347985348 0.03663003663 0.00457875457875 0.0430402930403 0.0851648351648 0.0338827838828 0.0531135531136 0.0503663003663 0.0549450549451 0.0228937728938 0.00274725274725 0.0164835164835 0.120879120879
41 0.0604395604396 0.032967032967 0.0595238095238 0.0586080586081 0.0228937728938 0.0503663003663 0.0448717948718 0.0494505494505 0.0558608058608 0.0485347985348 0.0155677655678 0.0558608058608 0.043956043956 0.025641025641 0.0512820512821 0.0586080586081 0.0430402930403 0.0641025641026 0.00641025641026 0.029304029304 0.122710622711
42 0.0989468864469 0.0485805860806 0.0192765567766 0.0211080586081 0.0156135531136 0.0531593406593 0.0394230769231 0.0320970695971 0.0266025641026 0.0586538461538 0.0192765567766 0.0366758241758 0.0421703296703 0.0705586080586 0.0311813186813 0.107188644689 0.105357142857 0.0485805860806 0.0137820512821 0.0220238095238 0.0897435897436
43 0.0164835164835 0.0119047619048 0.0897435897436 0.0247252747253 0.00915750915751 0.0283882783883 0.0210622710623 0.00732600732601 0.0155677655678 0.0155677655678 0.00732600732601 0.0668498168498 0.0164835164835 0.0100732600733 0.0173992673993 0.279304029304 0.263736263736 0.00457875457875 0.00274725274725 0.00915750915751 0.0824175824176
44 0.120879120879 0.0018315018315 0.00274725274725 0.0201465201465 0.00549450549451 0.0164835164835 0.010989010989 0.101648351648 0.0119047619048 0.0164835164835 0.00274725274725 0.186813186813 0.0778388278388 0.0164835164835 0.0201465201465 0.15293040293 0.029304029304 0.115384615385 0.0 0.00641025641026 0.0833333333333
45 0.0357142857143 0.00549450549451 0.0247252747253 0.029304029304 0.0952380952381 0.0228937728938 0.0338827838828 0.0430402930403 0.0155677655678 0.106227106227 0.0128205128205 0.187728937729 0.0128205128205 0.0879120879121 0.0201465201465 0.0320512820513 0.0567765567766 0.0311355311355 0.0018315018315 0.0622710622711 0.0824175824176
46 0.0631868131868 0.00824175824176 0.0668498168498 0.112637362637 0.021978021978 0.0228937728938 0.03663003663 0.047619047619 0.0320512820513 0.0421245421245 0.0320512820513 0.0128205128205 0.00824175824176 0.0787545787546 0.115384615385 0.0393772893773 0.0695970695971 0.0686813186813 0.0137362637363 0.0274725274725 0.0796703296703
47 0.529304029304 0.0238095238095 0.00274725274725 0.00457875457875 0.00549450549451 0.0924908424908 0.0018315018315 0.0119047619048 0.0128205128205 0.0595238095238 0.0375457875458 0.00274725274725 0.0100732600733 0.00274725274725 0.0128205128205 0.0512820512821 0.032967032967 0.0430402930403 0.0 0.003663003663 0.0586080586081
48 0.0119505494505 0.000961538461538 0.0165293040293 0.783012820513 4.57875457875e-05 0.0128663003663 0.00370879120879 0.00554029304029 0.0339285714286 0.0092032967033 0.00187728937729 0.00645604395604 0.00279304029304 0.0128663003663 0.00370879120879 0.00828754578755 0.0110347985348 0.010119047619 0.000961538461538 0.00370879120879 0.0604395604396
49 0.124542124542 0.0155677655678 0.000915750915751 0.0128205128205 0.0384615384615 0.00915750915751 0.00274725274725 0.105311355311 0.003663003663 0.384615384615 0.0430402930403 0.000915750915751 0.003663003663 0.00457875457875 0.003663003663 0.014652014652 0.0302197802198 0.0549450549451 0.0119047619048 0.0778388278388 0.0567765567766
50 0.0842490842491 0.018315018315 0.00549450549451 0.0869963369963 0.0302197802198 0.0128205128205 0.0247252747253 0.0549450549451 0.03663003663 0.180402930403 0.0668498168498 0.0137362637363 0.00274725274725 0.0549450549451 0.0549450549451 0.0357142857143 0.040293040293 0.0659340659341 0.025641025641 0.0549450549451 0.0494505494505
51 0.673076923077 0.00915750915751 0.003663003663 0.00549450549451 0.0018315018315 0.141025641026 0.000915750915751 0.0018315018315 0.0018315018315 0.003663003663 0.003663003663 0.000915750915751 0.00824175824176 0.00274725274725 0.00274725274725 0.0430402930403 0.0247252747253 0.0238095238095 0.0018315018315 0.000915750915751 0.0448717948718
52 0.104395604396 0.0457875457875 0.000915750915751 0.003663003663 0.0302197802198 0.00549450549451 0.0018315018315 0.301282051282 0.0 0.234432234432 0.0357142857143 0.003663003663 0.0018315018315 0.0018315018315 0.0018315018315 0.00824175824176 0.00824175824176 0.160256410256 0.0018315018315 0.003663003663 0.0448717948718
53 0.0686813186813 0.018315018315 0.010989010989 0.029304029304 0.0265567765568 0.014652014652 0.0164835164835 0.141941391941 0.0622710622711 0.233516483516 0.018315018315 0.0164835164835 0.000915750915751 0.0238095238095 0.0769230769231 0.0210622710623 0.032967032967 0.0695970695971 0.0192307692308 0.0549450549451 0.0430402930403
54 0.0842490842491 0.0119047619048 0.0302197802198 0.141025641026 0.032967032967 0.010989010989 0.0540293040293 0.029304029304 0.0906593406593 0.115384615385 0.0467032967033 0.0338827838828 0.00457875457875 0.0467032967033 0.0650183150183 0.0283882783883 0.0320512820513 0.0247252747253 0.0320512820513 0.0448717948718 0.040293040293
55 0.527472527473 0.0210622710623 0.00824175824176 0.00549450549451 0.00457875457875 0.231684981685 0.0 0.00824175824176 0.000915750915751 0.0238095238095 0.00274725274725 0.00274725274725 0.000915750915751 0.00274725274725 0.003663003663 0.0347985347985 0.025641025641 0.0503663003663 0.0018315018315 0.0018315018315 0.0412087912088
56 0.0375457875458 0.0128205128205 0.000915750915751 0.00457875457875 0.03663003663 0.0 0.00457875457875 0.145604395604 0.003663003663 0.516483516484 0.0494505494505 0.0 0.0018315018315 0.00274725274725 0.003663003663 0.00641025641026 0.0155677655678 0.112637362637 0.0 0.00549450549451 0.0393772893773
57 0.0311355311355 0.00915750915751 0.0512820512821 0.175824175824 0.00641025641026 0.0173992673993 0.029304029304 0.0192307692308 0.135531135531 0.0732600732601 0.010989010989 0.0347985347985 0.003663003663 0.101648351648 0.130952380952 0.0650183150183 0.0274725274725 0.0201465201465 0.00457875457875 0.0128205128205 0.0393772893773
58 0.0723443223443 0.0164835164835 0.0247252747253 0.0265567765568 0.047619047619 0.00549450549451 0.047619047619 0.0824175824176 0.040293040293 0.160256410256 0.0320512820513 0.018315018315 0.000915750915751 0.03663003663 0.0668498168498 0.0567765567766 0.0485347985348 0.0521978021978 0.0613553113553 0.0576923076923 0.0448717948718
59 0.335256410256 0.0376373626374 0.00741758241758 0.00467032967033 0.0522893772894 0.0202380952381 0.0138278388278 0.100824175824 0.00100732600733 0.15119047619 0.0284798534799 0.00558608058608 0.00192307692308 0.00375457875458 0.0129120879121 0.0239010989011 0.0403846153846 0.0944139194139 0.00467032967033 0.00924908424908 0.0503663003663
60 0.0677655677656 0.0137362637363 0.0228937728938 0.0521978021978 0.014652014652 0.0265567765568 0.0238095238095 0.0631868131868 0.0906593406593 0.127289377289 0.0192307692308 0.0338827838828 0.0714285714286 0.0467032967033 0.0659340659341 0.047619047619 0.0311355311355 0.0521978021978 0.043956043956 0.018315018315 0.0668498168498
61 0.0440018315018 0.0119505494505 0.0522435897436 0.0742216117216 0.0119505494505 0.183195970696 0.0220238095238 0.0146978021978 0.0824633699634 0.0311813186813 0.00554029304029 0.0852106227106 0.0504120879121 0.0430860805861 0.0806318681319 0.0604853479853 0.0275183150183 0.0211080586081 0.00645604395604 0.0128663003663 0.0787545787546
62 0.0521978021978 0.0238095238095 0.0741758241758 0.025641025641 0.0760073260073 0.0595238095238 0.0283882783883 0.0750915750916 0.0265567765568 0.0842490842491 0.010989010989 0.0549450549451 0.0650183150183 0.018315018315 0.0412087912088 0.0467032967033 0.0375457875458 0.0595238095238 0.0201465201465 0.0521978021978 0.0677655677656
63 0.0503663003663 0.0274725274725 0.0586080586081 0.0604395604396 0.0155677655678 0.0448717948718 0.0393772893773 0.0119047619048 0.0998168498168 0.025641025641 0.0155677655678 0.0485347985348 0.0283882783883 0.0705128205128 0.119963369963 0.0815018315018 0.0961538461538 0.0320512820513 0.00274725274725 0.010989010989 0.0595238095238
64 0.0274725274725 0.0137362637363 0.0576923076923 0.0705128205128 0.00641025641026 0.021978021978 0.0686813186813 0.018315018315 0.130036630037 0.00915750915751 0.00641025641026 0.0943223443223 0.0924908424908 0.0393772893773 0.125457875458 0.0924908424908 0.0531135531136 0.0247252747253 0.00549450549451 0.00915750915751 0.032967032967
65 0.0503663003663 0.0119047619048 0.00732600732601 0.00274725274725 0.0430402930403 0.010989010989 0.00549450549451 0.238095238095 0.003663003663 0.224358974359 0.014652014652 0.00274725274725 0.003663003663 0.00549450549451 0.00549450549451 0.00915750915751 0.0283882783883 0.271978021978 0.00732600732601 0.0192307692308 0.0338827838828
66 0.0357142857143 0.018315018315 0.0247252747253 0.0741758241758 0.0247252747253 0.000915750915751 0.0531135531136 0.157509157509 0.029304029304 0.0970695970696 0.0100732600733 0.0412087912088 0.00641025641026 0.0274725274725 0.0393772893773 0.0283882783883 0.108058608059 0.148351648352 0.0210622710623 0.0210622710623 0.032967032967
67 0.0119047619048 0.021978021978 0.0018315018315 0.0018315018315 0.0769230769231 0.0018315018315 0.0018315018315 0.444139194139 0.003663003663 0.154761904762 0.014652014652 0.0018315018315 0.003663003663 0.00457875457875 0.00457875457875 0.00732600732601 0.00549450549451 0.202380952381 0.000915750915751 0.00457875457875 0.029304029304
68 0.0457875457875 0.0347985347985 0.00732600732601 0.152014652015 0.14010989011 0.0119047619048 0.040293040293 0.043956043956 0.043956043956 0.0952380952381 0.0155677655678 0.0155677655678 0.00274725274725 0.0201465201465 0.0576923076923 0.0119047619048 0.003663003663 0.0613553113553 0.0164835164835 0.150183150183 0.029304029304
69 0.0311355311355 0.0421245421245 0.000915750915751 0.00549450549451 0.00549450549451 0.0723443223443 0.0128205128205 0.0338827838828 0.00457875457875 0.0320512820513 0.0201465201465 0.0128205128205 0.00274725274725 0.00274725274725 0.00549450549451 0.274725274725 0.361721611722 0.0338827838828 0.003663003663 0.0119047619048 0.029304029304
70 0.00824175824176 0.00274725274725 0.782051282051 0.0192307692308 0.000915750915751 0.00732600732601 0.0137362637363 0.003663003663 0.0100732600733 0.00274725274725 0.00274725274725 0.0357142857143 0.00549450549451 0.000915750915751 0.0155677655678 0.0302197802198 0.014652014652 0.00457875457875 0.0 0.00457875457875 0.0347985347985
71 0.032967032967 0.120879120879 0.0164835164835 0.00915750915751 0.0119047619048 0.003663003663 0.00549450549451 0.003663003663 0.000915750915751 0.0173992673993 0.0018315018315 0.123626373626 0.00641025641026 0.003663003663 0.003663003663 0.548534798535 0.00641025641026 0.00549450549451 0.000915750915751 0.0192307692308 0.0576923076923
72 0.0503663003663 0.00549450549451 0.0338827838828 0.0778388278388 0.00732600732601 0.014652014652 0.00824175824176 0.0228937728938 0.145604395604 0.1163003663 0.0283882783883 0.021978021978 0.010989010989 0.184065934066 0.0714285714286 0.0686813186813 0.0467032967033 0.014652014652 0.003663003663 0.00732600732601 0.0595238095238
73 0.10989010989 0.000915750915751 0.03663003663 0.0384615384615 0.040293040293 0.0302197802198 0.0128205128205 0.0311355311355 0.014652014652 0.0851648351648 0.014652014652 0.0457875457875 0.0228937728938 0.032967032967 0.018315018315 0.124542124542 0.0695970695971 0.0448717948718 0.0119047619048 0.149267399267 0.0650183150183
74 0.244505494505 0.0192307692308 0.0018315018315 0.003663003663 0.0100732600733 0.00915750915751 0.0 0.0769230769231 0.000915750915751 0.17673992674 0.0192307692308 0.00824175824176 0.000915750915751 0.0 0.00274725274725 0.0494505494505 0.040293040293 0.263736263736 0.000915750915751 0.0018315018315 0.0695970695971
75 0.0604395604396 0.0228937728938 0.003663003663 0.0100732600733 0.0238095238095 0.00549450549451 0.003663003663 0.253663003663 0.0155677655678 0.17673992674 0.025641025641 0.00549450549451 0.003663003663 0.014652014652 0.0155677655678 0.0210622710623 0.021978021978 0.237179487179 0.00274725274725 0.0283882783883 0.047619047619
76 0.0531135531136 0.00274725274725 0.10347985348 0.0760073260073 0.00732600732601 0.0494505494505 0.0274725274725 0.0119047619048 0.102564102564 0.0338827838828 0.0173992673993 0.120879120879 0.00457875457875 0.108974358974 0.0860805860806 0.0750915750916 0.032967032967 0.0128205128205 0.003663003663 0.0201465201465 0.0494505494505
77 0.173122710623 0.0522435897436 0.0146978021978 0.0174450549451 0.0229395604396 0.0797161172161 0.0229395604396 0.0458333333333 0.0266025641026 0.0842948717949 0.0385073260073 0.0311813186813 0.00279304029304 0.0696428571429 0.0256868131868 0.0897893772894 0.0522435897436 0.0440018315018 0.0192765567766 0.0183608058608 0.0686813186813
78 0.0412087912088 0.0164835164835 0.000915750915751 0.00457875457875 0.0668498168498 0.00457875457875 0.00549450549451 0.232600732601 0.0018315018315 0.306776556777 0.0567765567766 0.003663003663 0.00641025641026 0.003663003663 0.00457875457875 0.00915750915751 0.0173992673993 0.129120879121 0.00732600732601 0.014652014652 0.0659340659341
79 0.0622710622711 0.0164835164835 0.0338827838828 0.040293040293 0.010989010989 0.0283882783883 0.025641025641 0.0137362637363 0.0805860805861 0.0503663003663 0.00824175824176 0.144688644689 0.0100732600733 0.0860805860806 0.0760073260073 0.0833333333333 0.111721611722 0.0201465201465 0.003663003663 0.014652014652 0.0787545787546
80 0.0330128205128 0.010119047619 0.0531593406593 0.0559065934066 0.00828754578755 0.108104395604 0.0293498168498 0.0119505494505 0.110851648352 0.0174450549451 0.00462454212454 0.106272893773 0.00462454212454 0.0357600732601 0.0760531135531 0.100778388278 0.0403388278388 0.0128663003663 4.57875457875e-05 0.0119505494505 0.168498168498
81 0.0155677655678 0.00824175824176 0.0238095238095 0.010989010989 0.0192307692308 0.029304029304 0.0201465201465 0.0128205128205 0.025641025641 0.0311355311355 0.003663003663 0.0210622710623 0.025641025641 0.0155677655678 0.0338827838828 0.0192307692308 0.0119047619048 0.0100732600733 0.1163003663 0.025641025641 0.520146520147
82 0.0302197802198 0.0128205128205 0.010989010989 0.00824175824176 0.00915750915751 0.0155677655678 0.00824175824176 0.0604395604396 0.0164835164835 0.101648351648 0.0247252747253 0.00457875457875 0.0155677655678 0.00915750915751 0.0210622710623 0.0228937728938 0.010989010989 0.0347985347985 0.000915750915751 0.018315018315 0.563186813187
83 0.0247252747253 0.00457875457875 0.029304029304 0.0430402930403 0.0100732600733 0.0173992673993 0.0210622710623 0.00641025641026 0.0347985347985 0.0173992673993 0.00549450549451 0.0265567765568 0.0467032967033 0.0192307692308 0.0228937728938 0.0311355311355 0.0283882783883 0.014652014652 0.00824175824176 0.0128205128205 0.575091575092
84 0.0164835164835 0.0018315018315 0.0164835164835 0.0311355311355 0.00274725274725 0.0595238095238 0.00732600732601 0.0119047619048 0.0622710622711 0.0137362637363 0.003663003663 0.0302197802198 0.018315018315 0.0119047619048 0.032967032967 0.0311355311355 0.0274725274725 0.0164835164835 0.00274725274725 0.00641025641026 0.595238095238
85 0.00457875457875 0.00641025641026 0.00641025641026 0.00549450549451 0.0128205128205 0.00732600732601 0.0119047619048 0.00915750915751 0.0100732600733 0.00824175824176 0.003663003663 0.00732600732601 0.010989010989 0.00457875457875 0.0137362637363 0.00915750915751 0.003663003663 0.00641025641026 0.18956043956 0.0137362637363 0.654761904762
86 0.0265567765568 0.003663003663 0.0119047619048 0.0430402930403 0.00641025641026 0.003663003663 0.0128205128205 0.0100732600733 0.0659340659341 0.018315018315 0.00824175824176 0.00732600732601 0.00549450549451 0.0247252747253 0.0375457875458 0.018315018315 0.00824175824176 0.010989010989 0.0 0.00274725274725 0.673992673993
87 0.029304029304 0.0018315018315 0.0338827838828 0.0192307692308 0.00457875457875 0.00641025641026 0.0100732600733 0.00824175824176 0.0448717948718 0.0192307692308 0.00824175824176 0.0137362637363 0.0100732600733 0.0247252747253 0.0503663003663 0.0173992673993 0.0137362637363 0.003663003663 0.0018315018315 0.00457875457875 0.673992673993
88 0.018315018315 0.000915750915751 0.0100732600733 0.0155677655678 0.00274725274725 0.0210622710623 0.0119047619048 0.00915750915751 0.0357142857143 0.00641025641026 0.0 0.0906593406593 0.00457875457875 0.0137362637363 0.0467032967033 0.0201465201465 0.010989010989 0.00641025641026 0.00457875457875 0.003663003663 0.666666666667
89 0.0247252747253 0.00457875457875 0.0540293040293 0.0485347985348 0.003663003663 0.17673992674 0.00732600732601 0.00732600732601 0.0247252747253 0.0128205128205 0.003663003663 0.0457875457875 0.0311355311355 0.0192307692308 0.03663003663 0.0347985347985 0.0164835164835 0.0100732600733 0.003663003663 0.00549450549451 0.428571428571
90 0.0192307692308 0.00549450549451 0.00732600732601 0.0100732600733 0.0650183150183 0.0137362637363 0.003663003663 0.010989010989 0.0119047619048 0.0228937728938 0.00915750915751 0.00732600732601 0.025641025641 0.00915750915751 0.0173992673993 0.0238095238095 0.0155677655678 0.00641025641026 0.208791208791 0.0531135531136 0.453296703297
91 0.029304029304 0.00641025641026 0.0173992673993 0.0384615384615 0.00732600732601 0.0265567765568 0.0100732600733 0.0421245421245 0.100732600733 0.0549450549451 0.018315018315 0.0137362637363 0.032967032967 0.03663003663 0.106227106227 0.0265567765568 0.0467032967033 0.0338827838828 0.000915750915751 0.00641025641026 0.344322344322
92 0.03663003663 0.014652014652 0.0228937728938 0.0201465201465 0.00641025641026 0.0201465201465 0.00457875457875 0.0173992673993 0.0631868131868 0.014652014652 0.00732600732601 0.0586080586081 0.0247252747253 0.0238095238095 0.0421245421245 0.0384615384615 0.0934065934066 0.0164835164835 0.0018315018315 0.00549450549451 0.467032967033
93 0.0733058608059 0.00554029304029 0.0110347985348 0.0119505494505 0.00645604395604 0.0357600732601 0.0119505494505 0.0146978021978 0.0513278388278 0.0256868131868 0.00737179487179 0.0311813186813 0.0320970695971 0.0311813186813 0.0540750915751 0.0925366300366 0.0284340659341 0.0119505494505 0.000961538461538 0.00645604395604 0.456043956044
94 0.0283882783883 0.00641025641026 0.0659340659341 0.0265567765568 0.003663003663 0.0393772893773 0.014652014652 0.00641025641026 0.047619047619 0.0128205128205 0.0018315018315 0.0421245421245 0.0238095238095 0.0283882783883 0.0540293040293 0.0851648351648 0.0338827838828 0.010989010989 0.00274725274725 0.00549450549451 0.459706959707
95 0.0247252747253 0.00915750915751 0.021978021978 0.0338827838828 0.010989010989 0.177655677656 0.0119047619048 0.0173992673993 0.0357142857143 0.0247252747253 0.003663003663 0.0347985347985 0.0247252747253 0.0210622710623 0.0320512820513 0.0338827838828 0.018315018315 0.0128205128205 0.000915750915751 0.00915750915751 0.440476190476
96 0.0265567765568 0.0018315018315 0.0192307692308 0.0613553113553 0.00915750915751 0.0503663003663 0.0210622710623 0.0155677655678 0.0860805860806 0.0210622710623 0.003663003663 0.03663003663 0.0192307692308 0.047619047619 0.0467032967033 0.0604395604396 0.0467032967033 0.0247252747253 0.003663003663 0.0137362637363 0.384615384615
97 0.029304029304 0.003663003663 0.0521978021978 0.0421245421245 0.0228937728938 0.0467032967033 0.0247252747253 0.0247252747253 0.040293040293 0.0549450549451 0.010989010989 0.0247252747253 0.151098901099 0.0247252747253 0.03663003663 0.0558608058608 0.0283882783883 0.0247252747253 0.003663003663 0.0265567765568 0.271062271062
98 0.0540293040293 0.0265567765568 0.018315018315 0.018315018315 0.0128205128205 0.0192307692308 0.0357142857143 0.107142857143 0.0265567765568 0.0824175824176 0.00274725274725 0.00549450549451 0.032967032967 0.018315018315 0.0421245421245 0.043956043956 0.0503663003663 0.155677655678 0.010989010989 0.0128205128205 0.223443223443
99 0.0879120879121 0.00549450549451 0.0210622710623 0.0586080586081 0.00732600732601 0.0210622710623 0.0164835164835 0.0347985347985 0.105311355311 0.0512820512821 0.00915750915751 0.0247252747253 0.0714285714286 0.043956043956 0.0604395604396 0.0604395604396 0.0421245421245 0.0512820512821 0.00457875457875 0.0164835164835 0.206043956044
100 0.0320512820513 0.010989010989 0.0338827838828 0.03663003663 0.032967032967 0.029304029304 0.0705128205128 0.040293040293 0.0155677655678 0.0613553113553 0.0247252747253 0.192307692308 0.00732600732601 0.00824175824176 0.0201465201465 0.0714285714286 0.03663003663 0.025641025641 0.00915750915751 0.0540293040293 0.186813186813
101 0.0952380952381 0.0119047619048 0.0283882783883 0.025641025641 0.014652014652 0.043956043956 0.0283882783883 0.0320512820513 0.0695970695971 0.0586080586081 0.010989010989 0.032967032967 0.0485347985348 0.0668498168498 0.0970695970696 0.0540293040293 0.0393772893773 0.0347985347985 0.00732600732601 0.0274725274725 0.172161172161
102 0.0668498168498 0.00732600732601 0.14010989011 0.1336996337 0.010989010989 0.0393772893773 0.029304029304 0.0311355311355 0.0567765567766 0.0412087912088 0.0137362637363 0.0512820512821 0.0595238095238 0.0412087912088 0.0641025641026 0.0650183150183 0.0393772893773 0.0238095238095 0.00915750915751 0.0164835164835 0.0595238095238
103 0.0421245421245 0.0119047619048 0.0100732600733 0.0384615384615 0.0503663003663 0.00732600732601 0.0128205128205 0.17673992674 0.0173992673993 0.304945054945 0.021978021978 0.00549450549451 0.00641025641026 0.0302197802198 0.0192307692308 0.014652014652 0.0283882783883 0.0714285714286 0.010989010989 0.0576923076923 0.0613553113553
104 0.0448717948718 0.0173992673993 0.003663003663 0.00641025641026 0.0741758241758 0.00274725274725 0.0128205128205 0.144688644689 0.0247252747253 0.168498168498 0.0347985347985 0.00641025641026 0.00274725274725 0.018315018315 0.0357142857143 0.0238095238095 0.021978021978 0.106227106227 0.135531135531 0.0531135531136 0.0613553113553
105 0.0604395604396 0.00915750915751 0.0622710622711 0.107142857143 0.0100732600733 0.018315018315 0.0302197802198 0.0201465201465 0.120879120879 0.0567765567766 0.0210622710623 0.047619047619 0.010989010989 0.114468864469 0.130952380952 0.0567765567766 0.0283882783883 0.021978021978 0.00274725274725 0.0128205128205 0.0567765567766
106 0.0906593406593 0.014652014652 0.0906593406593 0.151098901099 0.0210622710623 0.00915750915751 0.0228937728938 0.0375457875458 0.0897435897436 0.0695970695971 0.0173992673993 0.0320512820513 0.010989010989 0.0631868131868 0.0833333333333 0.0531135531136 0.0347985347985 0.0228937728938 0.00641025641026 0.018315018315 0.0604395604396
107 0.0805860805861 0.0375457875458 0.00274725274725 0.00274725274725 0.0375457875458 0.00274725274725 0.00641025641026 0.307692307692 0.000915750915751 0.231684981685 0.0283882783883 0.00641025641026 0.003663003663 0.00641025641026 0.0164835164835 0.014652014652 0.0338827838828 0.0934065934066 0.0100732600733 0.021978021978 0.0540293040293
108 0.0567765567766 0.0119047619048 0.0695970695971 0.0457875457875 0.025641025641 0.014652014652 0.0457875457875 0.0622710622711 0.0851648351648 0.100732600733 0.0201465201465 0.0357142857143 0.010989010989 0.0641025641026 0.118131868132 0.0357142857143 0.0247252747253 0.0540293040293 0.0302197802198 0.029304029304 0.0586080586081
109 0.0888278388278 0.0119047619048 0.0796703296703 0.141025641026 0.0192307692308 0.0357142857143 0.0357142857143 0.018315018315 0.0989010989011 0.0384615384615 0.00732600732601 0.0503663003663 0.00915750915751 0.0531135531136 0.0824175824176 0.0787545787546 0.0448717948718 0.0192307692308 0.00549450549451 0.0164835164835 0.0650183150183
110 0.0695970695971 0.0274725274725 0.0100732600733 0.040293040293 0.047619047619 0.014652014652 0.0164835164835 0.0851648351648 0.032967032967 0.306776556777 0.0347985347985 0.0155677655678 0.00274725274725 0.0311355311355 0.0549450549451 0.0274725274725 0.0265567765568 0.0421245421245 0.021978021978 0.0247252747253 0.0668498168498
111 0.0741758241758 0.0247252747253 0.010989010989 0.0338827838828 0.0302197802198 0.0137362637363 0.0119047619048 0.0970695970696 0.0521978021978 0.246336996337 0.0540293040293 0.0192307692308 0.0100732600733 0.025641025641 0.0430402930403 0.0540293040293 0.029304029304 0.0604395604396 0.00915750915751 0.0247252747253 0.0750915750916
112 0.0549450549451 0.0100732600733 0.0604395604396 0.0934065934066 0.00915750915751 0.0311355311355 0.0247252747253 0.0173992673993 0.10347985348 0.0393772893773 0.010989010989 0.0650183150183 0.0201465201465 0.0723443223443 0.148351648352 0.0888278388278 0.0357142857143 0.0201465201465 0.00457875457875 0.010989010989 0.0787545787546
113 0.0384615384615 0.0155677655678 0.047619047619 0.0989010989011 0.00915750915751 0.0760073260073 0.0338827838828 0.0238095238095 0.0998168498168 0.0531135531136 0.018315018315 0.0540293040293 0.0210622710623 0.0741758241758 0.0970695970696 0.0778388278388 0.0375457875458 0.018315018315 0.00549450549451 0.0173992673993 0.0824175824176
114 0.0265567765568 0.0192307692308 0.0210622710623 0.021978021978 0.131868131868 0.0421245421245 0.0586080586081 0.0686813186813 0.040293040293 0.122710622711 0.0201465201465 0.040293040293 0.014652014652 0.0137362637363 0.0860805860806 0.025641025641 0.029304029304 0.0521978021978 0.0283882783883 0.0283882783883 0.108058608059
115 0.0274725274725 0.014652014652 0.0677655677656 0.0888278388278 0.0155677655678 0.0448717948718 0.0338827838828 0.0164835164835 0.0888278388278 0.0347985347985 0.003663003663 0.0943223443223 0.0512820512821 0.0540293040293 0.0787545787546 0.0961538461538 0.0604395604396 0.0320512820513 0.003663003663 0.014652014652 0.0778388278388
116 0.021978021978 0.0485347985348 0.00641025641026 0.00457875457875 0.0586080586081 0.00274725274725 0.010989010989 0.191391941392 0.0119047619048 0.1163003663 0.00641025641026 0.003663003663 0.0173992673993 0.003663003663 0.0137362637363 0.021978021978 0.0521978021978 0.291208791209 0.0228937728938 0.0238095238095 0.0695970695971
117 0.0311355311355 0.0100732600733 0.0421245421245 0.0989010989011 0.029304029304 0.014652014652 0.0421245421245 0.0311355311355 0.0815018315018 0.0393772893773 0.00732600732601 0.0375457875458 0.0018315018315 0.0531135531136 0.102564102564 0.113553113553 0.108974358974 0.0521978021978 0.00549450549451 0.0274725274725 0.0695970695971
118 0.0164835164835 0.00732600732601 0.00457875457875 0.003663003663 0.240842490842 0.00915750915751 0.00274725274725 0.158424908425 0.003663003663 0.208791208791 0.0192307692308 0.000915750915751 0.00641025641026 0.000915750915751 0.00457875457875 0.00915750915751 0.0100732600733 0.150183150183 0.043956043956 0.0228937728938 0.0760073260073
119 0.0421245421245 0.0238095238095 0.00915750915751 0.0769230769231 0.0228937728938 0.018315018315 0.0613553113553 0.0540293040293 0.0879120879121 0.0375457875458 0.0201465201465 0.0302197802198 0.00549450549451 0.0705128205128 0.101648351648 0.0558608058608 0.0576923076923 0.0934065934066 0.0155677655678 0.0311355311355 0.0842490842491
