POS A C D E F G H I K L M N P Q R S T V W Y -
1 0.000786782061369 0.0 0.000786782061369 0.00550747442958 0.00157356412274 0.00865460267506 0.0 0.00236034618411 0.00236034618411 0.00236034618411 0.0 0.0 0.0 0.0 0.0 0.00708103855232 0.000786782061369 0.0 0.0 0.0 0.967741935484
2 0.00629425649095 0.0 0.00944138473643 0.0165224232887 0.0 0.00393391030685 0.00236034618411 0.00157356412274 0.0330448465775 0.00314712824548 0.0 0.00865460267506 0.00472069236821 0.00629425649095 0.00786782061369 0.00472069236821 0.0110149488592 0.00865460267506 0.0 0.0 0.871754523997
3 0.029897718332 0.00236034618411 0.0125885129819 0.0259638080252 0.00865460267506 0.0118017309205 0.00393391030685 0.00944138473643 0.0275373721479 0.0236034618411 0.00393391030685 0.0102281667978 0.0243902439024 0.0133752950433 0.0228166797797 0.0330448465775 0.0385523210071 0.0180959874115 0.00314712824548 0.00708103855232 0.669551534225
4 0.0299370574351 0.000826121164437 0.0142014162077 0.0417387883556 0.0551140833989 0.0157749803304 0.00554681353265 0.0684893784422 0.0181353265146 0.0629819040126 0.0094807238395 0.00318646734854 0.0102675059009 0.02128245476 0.0181353265146 0.0173485444532 0.0315106215578 0.0535405192762 0.0149881982691 0.0480330448466 0.459480723839
5 0.036231313926 0.00239968528718 0.0260031471282 0.0763571990559 0.00790715971676 0.0110542879622 0.0134146341463 0.0173485444532 0.0621951219512 0.0385916601101 0.00239968528718 0.0228560188828 0.0551140833989 0.0330841856806 0.0480330448466 0.0511801730921 0.0881589299764 0.0283634933124 0.00633359559402 0.0110542879622 0.36191974823
6 0.200668764752 0.0393784421715 0.0118410700236 0.00633359559402 0.0165617623918 0.17077104642 0.00397324940991 0.0181353265146 0.00712037765539 0.0181353265146 0.00712037765539 0.00397324940991 0.00554681353265 0.00239968528718 0.00397324940991 0.012627852085 0.0165617623918 0.110188827695 0.00790715971676 0.0315106215578 0.305271439811
7 0.0204563335956 0.0 0.0165224232887 0.059795436664 0.0125885129819 0.0393391030685 0.00944138473643 0.0535011801731 0.113296616837 0.0306845003934 0.00393391030685 0.00550747442958 0.0110149488592 0.0330448465775 0.106215578285 0.0259638080252 0.131392604249 0.0621557828482 0.00236034618411 0.0188827694729 0.243902439024
8 0.0330448465775 0.00944138473643 0.0110149488592 0.00708103855232 0.0133752950433 0.0125885129819 0.00393391030685 0.0991345397325 0.00629425649095 0.0637293469709 0.00865460267506 0.00629425649095 0.0220298977183 0.00786782061369 0.0165224232887 0.0157356412274 0.0118017309205 0.485444531865 0.00236034618411 0.00708103855232 0.156569630212
9 0.0865460267506 0.00236034618411 0.0369787568843 0.0944138473643 0.00786782061369 0.0133752950433 0.00865460267506 0.0802517702596 0.0519276160504 0.0645161290323 0.00393391030685 0.0188827694729 0.0188827694729 0.0125885129819 0.0259638080252 0.0283241542093 0.116443745083 0.17230527144 0.00550747442958 0.0173092053501 0.132966168371
10 0.0558615263572 0.0196695515342 0.0251770259638 0.0645161290323 0.0228166797797 0.0354051927616 0.0393391030685 0.00708103855232 0.115656963021 0.0110149488592 0.00236034618411 0.0180959874115 0.00314712824548 0.0535011801731 0.191974822974 0.110936270653 0.0236034618411 0.00944138473643 0.0110149488592 0.0605822187254 0.118804091267
11 0.044846577498 0.0173092053501 0.00472069236821 0.00393391030685 0.00865460267506 0.00314712824548 0.00550747442958 0.163650668765 0.000786782061369 0.0110149488592 0.00629425649095 0.000786782061369 0.00157356412274 0.00236034618411 0.00157356412274 0.00393391030685 0.0133752950433 0.582218725413 0.00944138473643 0.00708103855232 0.107789142408
12 0.0377655389457 0.00236034618411 0.014948859166 0.0118017309205 0.0259638080252 0.021243115657 0.0346184107002 0.214791502754 0.0188827694729 0.0920535011802 0.00472069236821 0.0125885129819 0.021243115657 0.00944138473643 0.0330448465775 0.0456333595594 0.0495672698662 0.198269079465 0.00629425649095 0.0487804878049 0.095987411487
13 0.0157356412274 0.0 0.690007867821 0.0180959874115 0.000786782061369 0.0141620771046 0.00157356412274 0.0 0.00550747442958 0.00236034618411 0.0 0.0228166797797 0.00550747442958 0.00708103855232 0.00629425649095 0.103068450039 0.0141620771046 0.0 0.0 0.000786782061369 0.0920535011802
14 0.0700236034618 0.000786782061369 0.0118017309205 0.00629425649095 0.00236034618411 0.751376868607 0.00236034618411 0.00157356412274 0.00314712824548 0.0 0.0 0.00236034618411 0.0180959874115 0.00236034618411 0.00393391030685 0.0173092053501 0.00708103855232 0.00550747442958 0.000786782061369 0.00236034618411 0.0904799370574
15 0.0157356412274 0.00629425649095 0.675059008655 0.0141620771046 0.000786782061369 0.0401258851298 0.00786782061369 0.00157356412274 0.00314712824548 0.00629425649095 0.000786782061369 0.0432730133753 0.0 0.0118017309205 0.0133752950433 0.051140833989 0.0133752950433 0.00550747442958 0.0 0.0 0.0896931549961
16 0.0196695515342 0.00472069236821 0.00708103855232 0.00944138473643 0.00157356412274 0.014948859166 0.00393391030685 0.0110149488592 0.0110149488592 0.0157356412274 0.00550747442958 0.0133752950433 0.0 0.0118017309205 0.0487804878049 0.0983477576711 0.617623918175 0.0133752950433 0.0 0.00314712824548 0.0889063729347
17 0.0291109362707 0.00708103855232 0.0 0.000786782061369 0.169158143194 0.00393391030685 0.0 0.240755310779 0.000786782061369 0.236034618411 0.0267505900865 0.0 0.014948859166 0.000786782061369 0.0 0.00157356412274 0.00708103855232 0.14948859166 0.00472069236821 0.0165224232887 0.0904799370574
18 0.0236034618411 0.00236034618411 0.0637293469709 0.0912667191188 0.00708103855232 0.00786782061369 0.0180959874115 0.0605822187254 0.107002360346 0.0424862313139 0.00708103855232 0.0118017309205 0.0 0.0243902439024 0.154209284028 0.0267505900865 0.0975609756098 0.112509834776 0.0236034618411 0.0275373721479 0.0904799370574
19 0.0637293469709 0.0283241542093 0.00708103855232 0.00393391030685 0.0613690007868 0.00786782061369 0.000786782061369 0.155782848151 0.000786782061369 0.196695515342 0.0157356412274 0.00157356412274 0.00157356412274 0.00314712824548 0.00314712824548 0.00944138473643 0.0236034618411 0.294256490952 0.00393391030685 0.0110149488592 0.106215578285
20 0.0566483084186 0.00629425649095 0.0629425649095 0.0645161290323 0.014948859166 0.0550747442958 0.0196695515342 0.0346184107002 0.0833988985051 0.0739575137687 0.0157356412274 0.0401258851298 0.00708103855232 0.0306845003934 0.104642014162 0.059795436664 0.0605822187254 0.036191974823 0.00550747442958 0.0354051927616 0.13217938631
21 0.0393391030685 0.0196695515342 0.0763178599528 0.021243115657 0.0204563335956 0.0440597954367 0.0188827694729 0.0833988985051 0.0228166797797 0.0857592446892 0.0180959874115 0.0377655389457 0.0228166797797 0.0110149488592 0.0291109362707 0.0456333595594 0.051140833989 0.0684500393391 0.00550747442958 0.0204563335956 0.258064516129
22 0.0354051927616 0.00314712824548 0.0991345397325 0.0354051927616 0.00550747442958 0.0668764752164 0.0125885129819 0.0118017309205 0.0401258851298 0.0243902439024 0.0 0.0763178599528 0.0778914240755 0.0275373721479 0.0180959874115 0.0472069236821 0.0267505900865 0.014948859166 0.000786782061369 0.00865460267506 0.367427222659
23 0.014948859166 0.00314712824548 0.0550747442958 0.0377655389457 0.00393391030685 0.25885129819 0.0102281667978 0.00629425649095 0.0479937057435 0.00786782061369 0.00157356412274 0.0519276160504 0.036191974823 0.0204563335956 0.021243115657 0.0354051927616 0.0204563335956 0.0110149488592 0.00157356412274 0.00393391030685 0.350118017309
24 0.0354051927616 0.0110149488592 0.044846577498 0.0653029110936 0.0102281667978 0.0487804878049 0.0180959874115 0.014948859166 0.0991345397325 0.0354051927616 0.00865460267506 0.0338316286389 0.0165224232887 0.0574350904799 0.059795436664 0.0314712824548 0.0472069236821 0.0251770259638 0.0 0.00629425649095 0.330448465775
25 0.0267505900865 0.0 0.0283241542093 0.081038552321 0.0125885129819 0.142407553108 0.014948859166 0.0330448465775 0.0700236034618 0.0424862313139 0.00708103855232 0.0322580645161 0.0306845003934 0.0401258851298 0.0645161290323 0.051140833989 0.0739575137687 0.0369787568843 0.00393391030685 0.0102281667978 0.197482297404
26 0.0338316286389 0.00314712824548 0.0196695515342 0.104642014162 0.0346184107002 0.0204563335956 0.0204563335956 0.111723052714 0.0503540519276 0.0676632572777 0.0188827694729 0.00708103855232 0.00708103855232 0.0668764752164 0.0849724626279 0.014948859166 0.0708103855232 0.118017309205 0.00550747442958 0.0409126671912 0.0983477576711
27 0.0236034618411 0.000786782061369 0.0165224232887 0.029897718332 0.00865460267506 0.00708103855232 0.0236034618411 0.0204563335956 0.177025963808 0.0306845003934 0.00865460267506 0.0346184107002 0.0369787568843 0.0251770259638 0.210857592447 0.0700236034618 0.148701809599 0.0393391030685 0.00157356412274 0.00944138473643 0.0763178599528
28 0.0275373721479 0.00550747442958 0.0 0.00236034618411 0.0527143981117 0.00550747442958 0.00236034618411 0.262785208497 0.0 0.110936270653 0.0157356412274 0.0 0.0 0.0 0.000786782061369 0.00708103855232 0.00550747442958 0.423288749017 0.00236034618411 0.0220298977183 0.0535011801731
29 0.014948859166 0.00550747442958 0.00629425649095 0.00865460267506 0.00472069236821 0.0102281667978 0.0196695515342 0.0110149488592 0.0243902439024 0.021243115657 0.00472069236821 0.00786782061369 0.00157356412274 0.029897718332 0.703383162864 0.0259638080252 0.014948859166 0.0243902439024 0.00157356412274 0.00865460267506 0.0503540519276
30 0.0102281667978 0.00314712824548 0.000786782061369 0.000786782061369 0.0739575137687 0.000786782061369 0.00157356412274 0.0896931549961 0.00236034618411 0.652242328875 0.0259638080252 0.00314712824548 0.00786782061369 0.0 0.0 0.00157356412274 0.00157356412274 0.051140833989 0.0 0.0275373721479 0.0456333595594
31 0.233674272227 0.0102281667978 0.0125885129819 0.0228166797797 0.0416994492526 0.0125885129819 0.0180959874115 0.0912667191188 0.0110149488592 0.17230527144 0.0110149488592 0.0173092053501 0.00550747442958 0.0220298977183 0.0306845003934 0.0763178599528 0.021243115657 0.0535011801731 0.0125885129819 0.0794649881983 0.0440597954367
32 0.0346184107002 0.036191974823 0.059795436664 0.0204563335956 0.014948859166 0.6089693155 0.0133752950433 0.00157356412274 0.00314712824548 0.0330448465775 0.00865460267506 0.0456333595594 0.000786782061369 0.00393391030685 0.00472069236821 0.0385523210071 0.00314712824548 0.00236034618411 0.00393391030685 0.0180959874115 0.0440597954367
33 0.0157356412274 0.00865460267506 0.000786782061369 0.0 0.0196695515342 0.000786782061369 0.000786782061369 0.532651455547 0.0 0.0731707317073 0.0157356412274 0.0 0.00236034618411 0.0 0.0 0.00314712824548 0.00708103855232 0.26435877262 0.0 0.0118017309205 0.0432730133753
34 0.0330448465775 0.000786782061369 0.568056648308 0.0495672698662 0.00157356412274 0.00393391030685 0.00550747442958 0.0110149488592 0.0338316286389 0.0110149488592 0.00157356412274 0.0794649881983 0.00157356412274 0.0393391030685 0.0519276160504 0.0196695515342 0.0204563335956 0.0141620771046 0.00393391030685 0.00393391030685 0.0456333595594
35 0.416994492526 0.066089693155 0.00157356412274 0.00157356412274 0.00629425649095 0.00786782061369 0.000786782061369 0.0196695515342 0.00393391030685 0.021243115657 0.00314712824548 0.00236034618411 0.0173092053501 0.00236034618411 0.00393391030685 0.0558615263572 0.283241542093 0.036191974823 0.00157356412274 0.00314712824548 0.044846577498
36 0.0291109362707 0.0118017309205 0.00944138473643 0.00786782061369 0.00944138473643 0.00393391030685 0.00314712824548 0.00708103855232 0.00708103855232 0.0204563335956 0.00550747442958 0.00786782061369 0.774193548387 0.00314712824548 0.0102281667978 0.0133752950433 0.0141620771046 0.0125885129819 0.00157356412274 0.00157356412274 0.0464201416208
37 0.036191974823 0.0 0.0487804878049 0.628638867034 0.00157356412274 0.021243115657 0.00236034618411 0.00314712824548 0.0275373721479 0.0118017309205 0.00393391030685 0.0133752950433 0.0314712824548 0.0259638080252 0.0424862313139 0.0338316286389 0.0118017309205 0.00472069236821 0.000786782061369 0.00236034618411 0.0479937057435
38 0.0354051927616 0.00472069236821 0.0133752950433 0.0259638080252 0.0157356412274 0.0259638080252 0.00236034618411 0.0881195908733 0.0723839496459 0.155782848151 0.0432730133753 0.0141620771046 0.0472069236821 0.0118017309205 0.0637293469709 0.0865460267506 0.12667191188 0.059795436664 0.00629425649095 0.014948859166 0.0857592446892
39 0.0676632572777 0.00550747442958 0.0731707317073 0.0377655389457 0.0165224232887 0.154209284028 0.0346184107002 0.00786782061369 0.0952006294256 0.0125885129819 0.00157356412274 0.0503540519276 0.0346184107002 0.0157356412274 0.0715971675846 0.0668764752164 0.0432730133753 0.0409126671912 0.00314712824548 0.0236034618411 0.143194335169
40 0.0322580645161 0.0 0.0369787568843 0.0330448465775 0.0165224232887 0.0542879622345 0.066089693155 0.00629425649095 0.0708103855232 0.014948859166 0.00708103855232 0.0204563335956 0.0236034618411 0.108575924469 0.0755310778914 0.0464201416208 0.0354051927616 0.0157356412274 0.00393391030685 0.0204563335956 0.311565696302
41 0.0432730133753 0.00629425649095 0.0377655389457 0.0385523210071 0.0157356412274 0.0535011801731 0.00944138473643 0.00865460267506 0.0605822187254 0.0157356412274 0.00393391030685 0.0330448465775 0.107789142408 0.0220298977183 0.0558615263572 0.0566483084186 0.0495672698662 0.0220298977183 0.00314712824548 0.0102281667978 0.346184107002
42 0.0503540519276 0.066089693155 0.0582218725413 0.029897718332 0.00314712824548 0.0841856805665 0.00472069236821 0.00708103855232 0.0440597954367 0.00944138473643 0.00157356412274 0.0503540519276 0.0133752950433 0.0228166797797 0.0582218725413 0.0409126671912 0.0267505900865 0.0110149488592 0.00236034618411 0.00550747442958 0.409913453973
43 0.029897718332 0.0503540519276 0.0283241542093 0.0338316286389 0.00708103855232 0.0771046420142 0.0125885129819 0.0157356412274 0.0692368214005 0.0228166797797 0.0125885129819 0.0259638080252 0.0259638080252 0.0236034618411 0.0472069236821 0.0267505900865 0.0322580645161 0.0180959874115 0.00314712824548 0.00944138473643 0.428009441385
44 0.0393391030685 0.0157356412274 0.0432730133753 0.051140833989 0.00708103855232 0.044846577498 0.00550747442958 0.00865460267506 0.059795436664 0.0228166797797 0.00550747442958 0.0173092053501 0.107789142408 0.0314712824548 0.0432730133753 0.036191974823 0.0204563335956 0.0259638080252 0.00157356412274 0.00865460267506 0.403619197482
45 0.0920535011802 0.00550747442958 0.0558615263572 0.0841856805665 0.00393391030685 0.0645161290323 0.0102281667978 0.0259638080252 0.0330448465775 0.029897718332 0.00629425649095 0.0220298977183 0.0472069236821 0.0330448465775 0.0259638080252 0.0472069236821 0.0275373721479 0.0621557828482 0.00314712824548 0.00629425649095 0.313926042486
46 0.0236034618411 0.00236034618411 0.0409126671912 0.231313926042 0.0118017309205 0.0267505900865 0.00708103855232 0.0133752950433 0.0369787568843 0.0220298977183 0.0118017309205 0.0133752950433 0.0141620771046 0.210857592447 0.0306845003934 0.0180959874115 0.0283241542093 0.0165224232887 0.059795436664 0.0354051927616 0.144767899292
47 0.0991345397325 0.0818253343824 0.0487804878049 0.0747442958301 0.0196695515342 0.0141620771046 0.0118017309205 0.00865460267506 0.0322580645161 0.0220298977183 0.00157356412274 0.021243115657 0.296616837136 0.036191974823 0.0377655389457 0.0251770259638 0.0259638080252 0.0133752950433 0.00236034618411 0.0196695515342 0.107002360346
48 0.0275373721479 0.107789142408 0.0110149488592 0.0165224232887 0.169944925256 0.0747442958301 0.0243902439024 0.0165224232887 0.0157356412274 0.106215578285 0.0196695515342 0.00629425649095 0.00393391030685 0.0180959874115 0.0228166797797 0.0102281667978 0.00629425649095 0.014948859166 0.0700236034618 0.165224232887 0.0920535011802
49 0.251770259638 0.0 0.00472069236821 0.0102281667978 0.014948859166 0.495672698662 0.00157356412274 0.00314712824548 0.00393391030685 0.00393391030685 0.00157356412274 0.00629425649095 0.00865460267506 0.00944138473643 0.00865460267506 0.0590086546027 0.00944138473643 0.00472069236821 0.00472069236821 0.0236034618411 0.0739575137687
50 0.0763178599528 0.0 0.0731707317073 0.114083398899 0.0243902439024 0.0196695515342 0.0165224232887 0.0385523210071 0.110149488592 0.0605822187254 0.0141620771046 0.0369787568843 0.0440597954367 0.081038552321 0.0944138473643 0.0291109362707 0.0243902439024 0.0432730133753 0.0173092053501 0.0204563335956 0.0613690007868
51 0.143981117231 0.00157356412274 0.0456333595594 0.307631785995 0.00393391030685 0.00550747442958 0.00944138473643 0.0243902439024 0.0999213217939 0.0377655389457 0.014948859166 0.0188827694729 0.0110149488592 0.0928402832415 0.0668764752164 0.0188827694729 0.0204563335956 0.0275373721479 0.00708103855232 0.00550747442958 0.036191974823
52 0.700236034618 0.00708103855232 0.00550747442958 0.00314712824548 0.00314712824548 0.0228166797797 0.000786782061369 0.00786782061369 0.00157356412274 0.00629425649095 0.00314712824548 0.00550747442958 0.00236034618411 0.00393391030685 0.00157356412274 0.157356412274 0.0133752950433 0.014948859166 0.00236034618411 0.00157356412274 0.0354051927616
53 0.0755310778914 0.00157356412274 0.00550747442958 0.0157356412274 0.0157356412274 0.0141620771046 0.0118017309205 0.014948859166 0.253343823761 0.0479937057435 0.0102281667978 0.00786782061369 0.00236034618411 0.0322580645161 0.217151848938 0.0833988985051 0.13217938631 0.00472069236821 0.00865460267506 0.0157356412274 0.0291109362707
54 0.134539732494 0.000786782061369 0.139260424862 0.162863886703 0.0173092053501 0.0133752950433 0.0243902439024 0.0118017309205 0.0755310778914 0.0330448465775 0.00865460267506 0.0582218725413 0.0 0.101494885917 0.0653029110936 0.0432730133753 0.0464201416208 0.0165224232887 0.00472069236821 0.0125885129819 0.029897718332
55 0.14948859166 0.00472069236821 0.00393391030685 0.029897718332 0.247836349331 0.0118017309205 0.0369787568843 0.0110149488592 0.0275373721479 0.0472069236821 0.014948859166 0.00865460267506 0.000786782061369 0.0228166797797 0.0881195908733 0.0157356412274 0.0251770259638 0.0243902439024 0.0692368214005 0.139260424862 0.0204563335956
56 0.0936270653029 0.00157356412274 0.0 0.00236034618411 0.0188827694729 0.00314712824548 0.000786782061369 0.0196695515342 0.0 0.539732494099 0.0401258851298 0.0251770259638 0.000786782061369 0.00393391030685 0.000786782061369 0.0141620771046 0.113296616837 0.103068450039 0.000786782061369 0.0 0.0180959874115
57 0.0857592446892 0.00944138473643 0.0204563335956 0.146341463415 0.00393391030685 0.021243115657 0.0125885129819 0.029897718332 0.165224232887 0.0275373721479 0.0102281667978 0.0275373721479 0.0 0.0684500393391 0.185680566483 0.0739575137687 0.0566483084186 0.0306845003934 0.00157356412274 0.00629425649095 0.0165224232887
58 0.0896931549961 0.00314712824548 0.101494885917 0.124311565696 0.00314712824548 0.0456333595594 0.0110149488592 0.00865460267506 0.14948859166 0.0204563335956 0.00629425649095 0.0708103855232 0.00314712824548 0.081038552321 0.0826121164437 0.118804091267 0.0424862313139 0.0102281667978 0.00314712824548 0.00550747442958 0.0188827694729
59 0.0291109362707 0.00393391030685 0.00314712824548 0.0196695515342 0.0605822187254 0.00314712824548 0.0204563335956 0.0558615263572 0.0613690007868 0.362706530291 0.0558615263572 0.0267505900865 0.000786782061369 0.0346184107002 0.0786782061369 0.0102281667978 0.029897718332 0.0188827694729 0.0243902439024 0.0338316286389 0.066089693155
60 0.0495672698662 0.0338316286389 0.00236034618411 0.00393391030685 0.0251770259638 0.000786782061369 0.00157356412274 0.151062155783 0.00472069236821 0.3910306845 0.0236034618411 0.00393391030685 0.00157356412274 0.00629425649095 0.00629425649095 0.00550747442958 0.0377655389457 0.176239181747 0.00786782061369 0.00550747442958 0.0613690007868
61 0.0275373721479 0.00944138473643 0.0125885129819 0.0243902439024 0.00472069236821 0.021243115657 0.00393391030685 0.0141620771046 0.0401258851298 0.0637293469709 0.00944138473643 0.014948859166 0.0763178599528 0.0133752950433 0.0220298977183 0.0306845003934 0.0220298977183 0.0354051927616 0.00236034618411 0.00393391030685 0.547600314713
62 0.0786782061369 0.000786782061369 0.0393391030685 0.0786782061369 0.0228166797797 0.0605822187254 0.0196695515342 0.0432730133753 0.0629425649095 0.133752950433 0.0180959874115 0.0747442958301 0.0354051927616 0.0464201416208 0.0747442958301 0.0393391030685 0.0236034618411 0.044846577498 0.00314712824548 0.0141620771046 0.0849724626279
63 0.0763178599528 0.00314712824548 0.0629425649095 0.0236034618411 0.00314712824548 0.398111723053 0.0220298977183 0.00314712824548 0.0464201416208 0.014948859166 0.00314712824548 0.0849724626279 0.00472069236821 0.0668764752164 0.059795436664 0.0456333595594 0.0188827694729 0.00550747442958 0.00236034618411 0.00550747442958 0.0487804878049
64 0.0377655389457 0.00236034618411 0.0314712824548 0.0503540519276 0.00393391030685 0.0826121164437 0.0236034618411 0.00157356412274 0.250196695515 0.00550747442958 0.00472069236821 0.029897718332 0.0133752950433 0.0865460267506 0.191188040913 0.0605822187254 0.0464201416208 0.00944138473643 0.00157356412274 0.00472069236821 0.0621557828482
65 0.0432730133753 0.00157356412274 0.0826121164437 0.110149488592 0.0118017309205 0.0243902439024 0.0157356412274 0.0204563335956 0.110149488592 0.0180959874115 0.00708103855232 0.0464201416208 0.0668764752164 0.0582218725413 0.0928402832415 0.0692368214005 0.125098347758 0.044846577498 0.00550747442958 0.014948859166 0.0306845003934
66 0.044846577498 0.00865460267506 0.00629425649095 0.00393391030685 0.0259638080252 0.00393391030685 0.000786782061369 0.186467348544 0.00629425649095 0.0991345397325 0.00629425649095 0.00157356412274 0.00786782061369 0.00629425649095 0.00550747442958 0.00786782061369 0.00786782061369 0.541306058222 0.00629425649095 0.00393391030685 0.0188827694729
67 0.0330448465775 0.00393391030685 0.0401258851298 0.110936270653 0.0346184107002 0.0165224232887 0.021243115657 0.0393391030685 0.0747442958301 0.0393391030685 0.00944138473643 0.0220298977183 0.00393391030685 0.0558615263572 0.123524783635 0.0629425649095 0.139260424862 0.059795436664 0.0275373721479 0.0637293469709 0.0180959874115
68 0.0275373721479 0.13768686074 0.00157356412274 0.00314712824548 0.0590086546027 0.00708103855232 0.0 0.175452399685 0.00472069236821 0.302911093627 0.014948859166 0.00157356412274 0.000786782061369 0.00314712824548 0.00393391030685 0.00472069236821 0.00865460267506 0.202202989772 0.00314712824548 0.014948859166 0.0228166797797
69 0.036191974823 0.00314712824548 0.0629425649095 0.213217938631 0.0188827694729 0.00944138473643 0.0180959874115 0.0409126671912 0.0739575137687 0.0369787568843 0.00550747442958 0.0204563335956 0.00472069236821 0.0676632572777 0.0967741935484 0.0542879622345 0.0849724626279 0.0967741935484 0.00708103855232 0.0220298977183 0.0259638080252
70 0.0550747442958 0.0188827694729 0.0188827694729 0.0330448465775 0.0928402832415 0.0220298977183 0.00472069236821 0.0833988985051 0.0196695515342 0.0896931549961 0.0102281667978 0.0118017309205 0.0676632572777 0.0243902439024 0.036191974823 0.0487804878049 0.0574350904799 0.119590873328 0.00708103855232 0.0645161290323 0.114083398899
71 0.0416994492526 0.00157356412274 0.237608182533 0.0967741935484 0.0118017309205 0.0424862313139 0.0165224232887 0.051140833989 0.0220298977183 0.0574350904799 0.00786782061369 0.0259638080252 0.0204563335956 0.0236034618411 0.0283241542093 0.0385523210071 0.0338316286389 0.0676632572777 0.00629425649095 0.0165224232887 0.151848937844
72 0.0102281667978 0.000786782061369 0.0267505900865 0.0204563335956 0.00314712824548 0.0267505900865 0.00865460267506 0.00865460267506 0.0346184107002 0.00550747442958 0.00236034618411 0.0133752950433 0.0424862313139 0.0118017309205 0.0220298977183 0.0220298977183 0.014948859166 0.0125885129819 0.00157356412274 0.0133752950433 0.697875688434
73 0.0424862313139 0.00157356412274 0.0306845003934 0.0346184107002 0.00393391030685 0.0668764752164 0.00393391030685 0.0180959874115 0.0306845003934 0.0259638080252 0.00236034618411 0.0330448465775 0.0330448465775 0.0314712824548 0.029897718332 0.0306845003934 0.0369787568843 0.0424862313139 0.00865460267506 0.0102281667978 0.482297403619
74 0.0401258851298 0.000786782061369 0.0574350904799 0.0653029110936 0.00629425649095 0.0574350904799 0.0102281667978 0.0196695515342 0.0314712824548 0.014948859166 0.00708103855232 0.0251770259638 0.0354051927616 0.051140833989 0.0259638080252 0.036191974823 0.0401258851298 0.0243902439024 0.000786782061369 0.0267505900865 0.423288749017
75 0.0558615263572 0.00314712824548 0.103855232101 0.0731707317073 0.00472069236821 0.18410700236 0.0173092053501 0.014948859166 0.0802517702596 0.0275373721479 0.00786782061369 0.036191974823 0.0267505900865 0.0354051927616 0.0708103855232 0.0763178599528 0.0503540519276 0.0291109362707 0.000786782061369 0.0141620771046 0.087332808812
76 0.036191974823 0.00393391030685 0.0259638080252 0.0440597954367 0.0330448465775 0.0283241542093 0.0125885129819 0.0487804878049 0.122738001574 0.0409126671912 0.014948859166 0.0180959874115 0.0385523210071 0.0464201416208 0.17230527144 0.0330448465775 0.116443745083 0.0818253343824 0.00550747442958 0.0275373721479 0.0487804878049
77 0.0228166797797 0.00314712824548 0.656176239182 0.036191974823 0.00550747442958 0.066089693155 0.00314712824548 0.00708103855232 0.0267505900865 0.00944138473643 0.00472069236821 0.0267505900865 0.0165224232887 0.00944138473643 0.0141620771046 0.0236034618411 0.0259638080252 0.0125885129819 0.000786782061369 0.00472069236821 0.0243902439024
78 0.0440597954367 0.000786782061369 0.0385523210071 0.0330448465775 0.00708103855232 0.036191974823 0.0251770259638 0.0157356412274 0.203776553895 0.0141620771046 0.00472069236821 0.0338316286389 0.0314712824548 0.0645161290323 0.25885129819 0.0637293469709 0.0385523210071 0.0220298977183 0.00786782061369 0.0220298977183 0.0338316286389
79 0.0220298977183 0.00157356412274 0.0354051927616 0.0251770259638 0.0818253343824 0.0306845003934 0.0220298977183 0.00708103855232 0.021243115657 0.0102281667978 0.00314712824548 0.0487804878049 0.00944138473643 0.0243902439024 0.0180959874115 0.0377655389457 0.021243115657 0.0125885129819 0.0275373721479 0.500393391031 0.0393391030685
80 0.0157356412274 0.00314712824548 0.095987411487 0.0204563335956 0.0133752950433 0.594807238395 0.0125885129819 0.00314712824548 0.0330448465775 0.00314712824548 0.0 0.0708103855232 0.00944138473643 0.0275373721479 0.0283241542093 0.0228166797797 0.00944138473643 0.00393391030685 0.000786782061369 0.00157356412274 0.029897718332
81 0.0204563335956 0.00472069236821 0.0118017309205 0.021243115657 0.00157356412274 0.014948859166 0.0118017309205 0.0141620771046 0.0157356412274 0.014948859166 0.0102281667978 0.0393391030685 0.0110149488592 0.0165224232887 0.691581431943 0.0118017309205 0.0228166797797 0.021243115657 0.00550747442958 0.0110149488592 0.0275373721479
82 0.0527143981117 0.0110149488592 0.0125885129819 0.0306845003934 0.0566483084186 0.00865460267506 0.0180959874115 0.103855232101 0.0243902439024 0.239968528718 0.0220298977183 0.0157356412274 0.0393391030685 0.0236034618411 0.0220298977183 0.0369787568843 0.095987411487 0.0967741935484 0.021243115657 0.0495672698662 0.0180959874115
83 0.0125885129819 0.00708103855232 0.00393391030685 0.0133752950433 0.0243902439024 0.00236034618411 0.00944138473643 0.121164437451 0.00314712824548 0.427222659323 0.0165224232887 0.00393391030685 0.0267505900865 0.00786782061369 0.0110149488592 0.0180959874115 0.021243115657 0.216365066876 0.00708103855232 0.0267505900865 0.0196695515342
84 0.453186467349 0.0495672698662 0.0 0.00236034618411 0.00393391030685 0.246262785208 0.00157356412274 0.00472069236821 0.000786782061369 0.014948859166 0.00314712824548 0.0 0.00236034618411 0.00393391030685 0.0519276160504 0.0291109362707 0.014948859166 0.087332808812 0.000786782061369 0.00550747442958 0.0236034618411
85 0.0291109362707 0.00550747442958 0.0542879622345 0.0668764752164 0.0354051927616 0.00472069236821 0.0590086546027 0.0527143981117 0.0369787568843 0.0456333595594 0.0118017309205 0.0267505900865 0.00629425649095 0.0306845003934 0.0778914240755 0.0566483084186 0.0920535011802 0.0700236034618 0.0330448465775 0.193548387097 0.0110149488592
86 0.0314712824548 0.135326514555 0.000786782061369 0.00236034618411 0.0133752950433 0.00629425649095 0.0 0.162077104642 0.00157356412274 0.141620771046 0.0157356412274 0.00157356412274 0.00708103855232 0.000786782061369 0.00157356412274 0.00236034618411 0.00708103855232 0.456333595594 0.00236034618411 0.00157356412274 0.00865460267506
87 0.0291109362707 0.00314712824548 0.0157356412274 0.0346184107002 0.166011014949 0.00708103855232 0.0220298977183 0.0393391030685 0.029897718332 0.0590086546027 0.0204563335956 0.00944138473643 0.00472069236821 0.021243115657 0.0621557828482 0.0440597954367 0.0582218725413 0.051140833989 0.103855232101 0.210070810386 0.00865460267506
88 0.0833988985051 0.0228166797797 0.0204563335956 0.0110149488592 0.0330448465775 0.00865460267506 0.0314712824548 0.0865460267506 0.0236034618411 0.194335169158 0.0188827694729 0.0291109362707 0.0196695515342 0.014948859166 0.0542879622345 0.0409126671912 0.0566483084186 0.188040912667 0.00157356412274 0.0464201416208 0.0141620771046
89 0.0472069236821 0.000786782061369 0.257277734068 0.0684500393391 0.00314712824548 0.18410700236 0.00944138473643 0.00550747442958 0.0456333595594 0.0141620771046 0.00157356412274 0.110936270653 0.059795436664 0.0275373721479 0.0369787568843 0.0519276160504 0.0173092053501 0.0102281667978 0.00393391030685 0.00629425649095 0.0377655389457
90 0.0322580645161 0.00472069236821 0.10936270653 0.0613690007868 0.00550747442958 0.416994492526 0.0102281667978 0.00157356412274 0.0590086546027 0.00786782061369 0.00236034618411 0.0676632572777 0.0141620771046 0.0180959874115 0.0456333595594 0.0393391030685 0.0338316286389 0.00865460267506 0.00472069236821 0.00708103855232 0.0495672698662
91 0.042525570417 3.93391030685e-05 0.0315106215578 0.0771439811172 0.00476003147128 0.0621951219512 0.0142014162077 0.0590479937057 0.102321007081 0.0700629425649 0.0157749803304 0.0244295830055 0.0110542879622 0.0684893784422 0.127498033045 0.0197088906373 0.107828481511 0.0944531864673 0.00318646734854 0.0142014162077 0.0495672698662
92 0.00629425649095 0.0259638080252 0.298190401259 0.0267505900865 0.0424862313139 0.00472069236821 0.00865460267506 0.0110149488592 0.00472069236821 0.100708103855 0.036191974823 0.18961447679 0.0243902439024 0.00629425649095 0.0110149488592 0.113296616837 0.0275373721479 0.0133752950433 0.0188827694729 0.0125885129819 0.0173092053501
93 0.0385523210071 0.00314712824548 0.00786782061369 0.000786782061369 0.051140833989 0.0 0.000786782061369 0.210857592447 0.000786782061369 0.331235247836 0.00865460267506 0.000786782061369 0.00550747442958 0.00236034618411 0.0 0.00314712824548 0.00472069236821 0.273013375295 0.00708103855232 0.0401258851298 0.00944138473643
94 0.152635719906 0.00708103855232 0.0110149488592 0.0196695515342 0.0 0.169944925256 0.00157356412274 0.00236034618411 0.00157356412274 0.00157356412274 0.000786782061369 0.3910306845 0.00236034618411 0.0841856805665 0.00393391030685 0.122738001574 0.0118017309205 0.00236034618411 0.0 0.000786782061369 0.0125885129819
95 0.151062155783 0.0125885129819 0.0409126671912 0.217151848938 0.0118017309205 0.0228166797797 0.014948859166 0.0243902439024 0.0527143981117 0.134539732494 0.0102281667978 0.0157356412274 0.00236034618411 0.0645161290323 0.0668764752164 0.0385523210071 0.029897718332 0.051140833989 0.000786782061369 0.0220298977183 0.014948859166
96 0.121164437451 0.00236034618411 0.0377655389457 0.237608182533 0.0188827694729 0.0125885129819 0.0283241542093 0.0393391030685 0.0479937057435 0.0920535011802 0.0306845003934 0.00550747442958 0.00236034618411 0.0755310778914 0.0479937057435 0.0267505900865 0.0479937057435 0.0424862313139 0.0424862313139 0.0259638080252 0.0141620771046
97 0.0220298977183 0.000786782061369 0.000786782061369 0.00393391030685 0.00157356412274 0.00314712824548 0.000786782061369 0.0558615263572 0.000786782061369 0.553894571204 0.251770259638 0.0 0.000786782061369 0.0424862313139 0.000786782061369 0.00550747442958 0.00314712824548 0.0354051927616 0.0 0.000786782061369 0.0157356412274
98 0.0377655389457 0.00550747442958 0.0 0.0 0.00236034618411 0.0 0.000786782061369 0.198269079465 0.00393391030685 0.295830055075 0.0118017309205 0.000786782061369 0.0 0.00236034618411 0.00472069236821 0.00472069236821 0.0110149488592 0.402832415421 0.0 0.00157356412274 0.0157356412274
99 0.121164437451 0.00157356412274 0.0259638080252 0.18961447679 0.00157356412274 0.0236034618411 0.00393391030685 0.00708103855232 0.151062155783 0.0220298977183 0.00786782061369 0.021243115657 0.0 0.0590086546027 0.220298977183 0.0881195908733 0.0196695515342 0.0102281667978 0.00157356412274 0.00550747442958 0.0188827694729
100 0.143194335169 0.00157356412274 0.0479937057435 0.188040912667 0.00472069236821 0.0314712824548 0.0141620771046 0.00550747442958 0.0747442958301 0.0479937057435 0.0102281667978 0.107789142408 0.0 0.0904799370574 0.0786782061369 0.0896931549961 0.0251770259638 0.0110149488592 0.00157356412274 0.00550747442958 0.0204563335956
101 0.00472069236821 0.000786782061369 0.00865460267506 0.00393391030685 0.0 0.929976396538 0.0 0.0 0.00786782061369 0.0 0.0 0.00708103855232 0.00157356412274 0.00314712824548 0.00393391030685 0.00472069236821 0.000786782061369 0.000786782061369 0.000786782061369 0.0 0.021243115657
102 0.0409126671912 0.00629425649095 0.00314712824548 0.00629425649095 0.0826121164437 0.00550747442958 0.0519276160504 0.0118017309205 0.00708103855232 0.369787568843 0.0566483084186 0.00944138473643 0.0 0.0180959874115 0.00629425649095 0.00708103855232 0.00472069236821 0.0141620771046 0.0896931549961 0.184893784422 0.0236034618411
103 0.750590086546 0.00944138473643 0.000786782061369 0.000786782061369 0.000786782061369 0.0881195908733 0.00157356412274 0.00157356412274 0.00157356412274 0.00944138473643 0.00314712824548 0.0 0.00157356412274 0.0 0.00157356412274 0.0259638080252 0.014948859166 0.059795436664 0.0 0.00314712824548 0.0251770259638
104 0.0275373721479 0.00865460267506 0.0102281667978 0.0558615263572 0.0314712824548 0.00708103855232 0.0125885129819 0.0393391030685 0.0826121164437 0.0535011801731 0.0165224232887 0.0125885129819 0.00786782061369 0.036191974823 0.177812745869 0.021243115657 0.051140833989 0.0889063729347 0.0786782061369 0.0393391030685 0.140833988985
105 0.110936270653 0.0133752950433 0.0118017309205 0.0220298977183 0.029897718332 0.00236034618411 0.0118017309205 0.044846577498 0.00708103855232 0.0605822187254 0.0102281667978 0.00708103855232 0.0747442958301 0.00393391030685 0.0188827694729 0.0125885129819 0.0275373721479 0.22974036192 0.0188827694729 0.0354051927616 0.246262785208
106 0.102281667978 0.00393391030685 0.0456333595594 0.0204563335956 0.0306845003934 0.0141620771046 0.0322580645161 0.0173092053501 0.0267505900865 0.0377655389457 0.0102281667978 0.0385523210071 0.00944138473643 0.0157356412274 0.044846577498 0.0338316286389 0.0291109362707 0.0456333595594 0.00550747442958 0.110149488592 0.325727773407
107 0.0267505900865 0.00393391030685 0.0314712824548 0.0322580645161 0.0377655389457 0.0157356412274 0.00629425649095 0.014948859166 0.0157356412274 0.0157356412274 0.00629425649095 0.0173092053501 0.0291109362707 0.0165224232887 0.0542879622345 0.021243115657 0.0322580645161 0.0180959874115 0.0416994492526 0.127458693942 0.435090479937
108 0.0566483084186 0.000786782061369 0.059795436664 0.0346184107002 0.0251770259638 0.0275373721479 0.0346184107002 0.0637293469709 0.0424862313139 0.0236034618411 0.00629425649095 0.014948859166 0.0676632572777 0.0188827694729 0.0503540519276 0.0416994492526 0.0495672698662 0.0763178599528 0.00944138473643 0.0251770259638 0.270653029111
109 0.0440597954367 0.00550747442958 0.0377655389457 0.0369787568843 0.0472069236821 0.0306845003934 0.0180959874115 0.0196695515342 0.0259638080252 0.0204563335956 0.00550747442958 0.0173092053501 0.0196695515342 0.0220298977183 0.0314712824548 0.0527143981117 0.0204563335956 0.021243115657 0.0354051927616 0.205350118017 0.282454760031
110 0.0503540519276 0.00786782061369 0.0456333595594 0.0432730133753 0.0141620771046 0.0668764752164 0.0141620771046 0.0188827694729 0.0346184107002 0.0267505900865 0.00550747442958 0.0275373721479 0.103068450039 0.0283241542093 0.0495672698662 0.0771046420142 0.051140833989 0.0228166797797 0.00157356412274 0.021243115657 0.289535798584
111 0.0432730133753 0.00865460267506 0.0542879622345 0.029897718332 0.0133752950433 0.0550747442958 0.0141620771046 0.0118017309205 0.059795436664 0.0377655389457 0.00629425649095 0.0330448465775 0.129819040126 0.044846577498 0.0377655389457 0.0527143981117 0.029897718332 0.014948859166 0.00314712824548 0.0180959874115 0.301337529504
112 0.0432730133753 0.00236034618411 0.0747442958301 0.0472069236821 0.014948859166 0.0472069236821 0.0173092053501 0.00550747442958 0.0464201416208 0.0133752950433 0.00393391030685 0.136113296617 0.0416994492526 0.021243115657 0.0487804878049 0.0479937057435 0.0173092053501 0.00865460267506 0.00314712824548 0.0354051927616 0.323367427223
113 0.0424862313139 0.0110149488592 0.0527143981117 0.0267505900865 0.036191974823 0.0251770259638 0.0157356412274 0.0188827694729 0.0322580645161 0.0582218725413 0.0118017309205 0.0275373721479 0.0322580645161 0.0228166797797 0.0173092053501 0.0605822187254 0.0613690007868 0.0385523210071 0.00314712824548 0.0440597954367 0.361132966168
114 0.0676632572777 0.00550747442958 0.0535011801731 0.0479937057435 0.00629425649095 0.0322580645161 0.00944138473643 0.00708103855232 0.103855232101 0.0283241542093 0.00865460267506 0.021243115657 0.0645161290323 0.029897718332 0.0566483084186 0.0818253343824 0.0416994492526 0.0165224232887 0.000786782061369 0.00708103855232 0.309205350118
115 0.0204563335956 0.0306845003934 0.036191974823 0.029897718332 0.0550747442958 0.0267505900865 0.029897718332 0.0204563335956 0.0283241542093 0.0503540519276 0.0102281667978 0.0157356412274 0.0165224232887 0.0196695515342 0.051140833989 0.0267505900865 0.0173092053501 0.0196695515342 0.00865460267506 0.213217938631 0.273013375295
116 0.0936270653029 0.021243115657 0.0393391030685 0.0330448465775 0.0251770259638 0.0330448465775 0.0243902439024 0.0259638080252 0.0440597954367 0.0755310778914 0.014948859166 0.014948859166 0.0133752950433 0.0416994492526 0.0731707317073 0.0535011801731 0.0322580645161 0.0283241542093 0.0118017309205 0.0464201416208 0.254130605822
117 0.0857592446892 0.00314712824548 0.105428796223 0.0999213217939 0.00393391030685 0.0542879622345 0.0133752950433 0.00393391030685 0.0668764752164 0.0180959874115 0.00550747442958 0.0432730133753 0.0542879622345 0.0487804878049 0.0424862313139 0.0582218725413 0.0354051927616 0.0133752950433 0.00314712824548 0.00786782061369 0.232887490165
118 0.112509834776 0.014948859166 0.0590086546027 0.119590873328 0.00708103855232 0.0220298977183 0.014948859166 0.021243115657 0.0613690007868 0.0456333595594 0.00708103855232 0.0133752950433 0.0243902439024 0.0590086546027 0.0952006294256 0.0456333595594 0.0291109362707 0.0228166797797 0.00550747442958 0.021243115657 0.198269079465
119 0.00236034618411 0.00157356412274 0.0 0.00157356412274 0.118804091267 0.0 0.00472069236821 0.0354051927616 0.0 0.323367427223 0.0314712824548 0.0 0.0 0.00393391030685 0.00314712824548 0.00157356412274 0.00236034618411 0.014948859166 0.0196695515342 0.242328874902 0.192761605035
120 0.081038552321 0.00236034618411 0.0180959874115 0.0755310778914 0.0180959874115 0.0220298977183 0.00786782061369 0.0527143981117 0.0755310778914 0.140047206924 0.0173092053501 0.0157356412274 0.00629425649095 0.0432730133753 0.0952006294256 0.0291109362707 0.0251770259638 0.0582218725413 0.00314712824548 0.0228166797797 0.190401258851
