POS A C D E F G H I K L M N P Q R S T V W Y -
1 0.00183318056829 0.000916590284143 0.00549954170486 0.00549954170486 0.00183318056829 0.0329972502291 0.006416131989 0.0 0.0329972502291 0.000916590284143 0.0100824931256 0.00549954170486 0.00183318056829 0.006416131989 0.0146654445463 0.00458295142071 0.00183318056829 0.000916590284143 0.00549954170486 0.00366636113657 0.85609532539
2 0.0394133822181 0.0146654445463 0.0467461044913 0.038496791934 0.0119156736939 0.0210815765353 0.0146654445463 0.00916590284143 0.0274977085243 0.0100824931256 0.0137488542621 0.0210815765353 0.0348304307974 0.0201649862511 0.025664527956 0.0394133822181 0.0623281393217 0.0155820348304 0.0137488542621 0.0109990834097 0.508707607699
3 0.0247479376719 0.0137488542621 0.00366636113657 0.00549954170486 0.0421631530706 0.006416131989 0.00366636113657 0.127406049496 0.00733272227314 0.172318973419 0.0348304307974 0.006416131989 0.00916590284143 0.00824931255729 0.0109990834097 0.006416131989 0.0339138405133 0.136571952337 0.0274977085243 0.044912923923 0.274060494959
4 0.0329972502291 0.0109990834097 0.0164986251146 0.0348304307974 0.0119156736939 0.00183318056829 0.0394133822181 0.0852428964253 0.156736938588 0.0458295142071 0.006416131989 0.0210815765353 0.00366636113657 0.0201649862511 0.044912923923 0.0348304307974 0.089825847846 0.134738771769 0.00549954170486 0.0210815765353 0.18148487626
5 0.0642071494042 0.0596241979835 4.58295142071e-05 0.00279560036664 0.0587076076994 0.00554537121907 4.58295142071e-05 0.225527039413 0.00096241979835 0.148533455545 0.0110449129239 0.00462878093492 0.00279560036664 0.00096241979835 0.00554537121907 0.00279560036664 0.00921173235564 0.207195233731 0.0165444546288 0.0183776351971 0.15490375802
6 0.0458295142071 0.006416131989 0.00549954170486 0.0100824931256 0.160403299725 0.00549954170486 0.0201649862511 0.0201649862511 0.00549954170486 0.00733272227314 0.00458295142071 0.135655362053 0.00274977085243 0.0100824931256 0.0137488542621 0.025664527956 0.0219981668194 0.0109990834097 0.0421631530706 0.297891842346 0.147571035747
7 0.0284142988084 0.0494958753437 0.00458295142071 0.00458295142071 0.0650779101742 0.0119156736939 0.000916590284143 0.0751604032997 0.00366636113657 0.0229147571036 0.0155820348304 0.000916590284143 0.00549954170486 0.006416131989 0.00366636113657 0.0678276810266 0.33638863428 0.151237396884 0.000916590284143 0.00549954170486 0.13932172319
8 0.0293767186068 0.00646196150321 0.688405132906 0.0137946837764 0.00096241979835 0.0211274060495 0.0137946837764 0.00371219065078 0.0101283226398 0.00279560036664 0.00554537121907 0.0202108157654 0.00462878093492 0.00279560036664 0.00921173235564 0.0165444546288 0.00921173235564 0.00462878093492 4.58295142071e-05 0.00187901008249 0.134738771769
9 0.204399633364 0.00183318056829 0.00458295142071 0.00458295142071 0.000916590284143 0.521539871677 0.00366636113657 0.00458295142071 0.00274977085243 0.006416131989 0.00733272227314 0.00824931255729 0.00366636113657 0.00183318056829 0.0119156736939 0.0302474793767 0.019248395967 0.0229147571036 0.000916590284143 0.00458295142071 0.133822181485
10 0.16590284143 0.0164986251146 0.00366636113657 0.00366636113657 0.00549954170486 0.0549954170486 0.00549954170486 0.00916590284143 0.00549954170486 0.0164986251146 0.000916590284143 0.006416131989 0.00824931255729 0.00458295142071 0.0100824931256 0.491292392301 0.0247479376719 0.0210815765353 0.00274977085243 0.00733272227314 0.135655362053
11 0.0614573785518 0.105453712191 0.0119615032081 0.0110449129239 0.0862053162236 0.0247937671861 0.0165444546288 0.0238771769019 0.0605407882676 0.0394592117324 0.0229605866178 0.00737855178735 0.00737855178735 0.00646196150321 0.0431255728689 0.0889550870761 0.0357928505958 0.0715398716774 0.0568744271311 0.0541246562786 0.164069660862
12 0.025664527956 0.0164986251146 0.0540788267644 0.0302474793767 0.0302474793767 0.0119156736939 0.0366636113657 0.0604949587534 0.0852428964253 0.0687442713107 0.0100824931256 0.0659945004583 0.0146654445463 0.025664527956 0.107241063245 0.0724106324473 0.0467461044913 0.0348304307974 0.00458295142071 0.0265811182401 0.171402383135
13 0.0485792850596 0.00824931255729 0.0394133822181 0.0531622364803 0.006416131989 0.102658111824 0.0293308890926 0.019248395967 0.0760769935839 0.0238313473877 0.00549954170486 0.0760769935839 0.083409715857 0.0375802016499 0.0375802016499 0.0742438130156 0.0284142988084 0.032080659945 0.00824931255729 0.0183318056829 0.191567369386
14 0.0357470210816 0.006416131989 0.06416131989 0.0568285976169 0.00824931255729 0.0724106324473 0.0247479376719 0.0109990834097 0.0568285976169 0.0201649862511 0.006416131989 0.160403299725 0.0229147571036 0.0348304307974 0.0339138405133 0.0751604032997 0.0329972502291 0.019248395967 0.00549954170486 0.0109990834097 0.24106324473
15 0.0412465627864 0.00366636113657 0.038496791934 0.0339138405133 0.00733272227314 0.127406049496 0.0137488542621 0.00824931255729 0.0439963336389 0.0174152153987 0.00458295142071 0.0494958753437 0.0788267644363 0.0394133822181 0.0412465627864 0.0678276810266 0.0724106324473 0.00733272227314 0.00458295142071 0.00733272227314 0.291475710357
16 0.0329972502291 0.00733272227314 0.0375802016499 0.0265811182401 0.00824931255729 0.217231897342 0.0146654445463 0.00916590284143 0.0623281393217 0.0183318056829 0.00824931255729 0.0549954170486 0.0174152153987 0.0274977085243 0.0549954170486 0.0494958753437 0.0284142988084 0.0137488542621 0.00549954170486 0.0109990834097 0.29422548121
17 0.057745187901 0.0137488542621 0.0201649862511 0.0375802016499 0.0137488542621 0.0458295142071 0.0238313473877 0.0421631530706 0.0870760769936 0.0403299725023 0.0100824931256 0.0265811182401 0.0522456461962 0.0357470210816 0.0696608615949 0.0540788267644 0.0403299725023 0.0595783684693 0.00458295142071 0.012832263978 0.252062328139
18 0.191567369386 0.025664527956 0.0109990834097 0.019248395967 0.0109990834097 0.164986251146 0.00733272227314 0.0375802016499 0.0201649862511 0.0201649862511 0.0238313473877 0.0174152153987 0.00274977085243 0.00458295142071 0.0238313473877 0.0879926672777 0.0522456461962 0.070577451879 0.00274977085243 0.019248395967 0.186067827681
19 0.138405132906 0.012832263978 0.00824931255729 0.0119156736939 0.006416131989 0.47571035747 0.00458295142071 0.0109990834097 0.0155820348304 0.00733272227314 0.00366636113657 0.0146654445463 0.006416131989 0.00916590284143 0.0229147571036 0.0687442713107 0.0238313473877 0.019248395967 0.006416131989 0.00916590284143 0.123739688359
20 0.144821264895 0.051329055912 0.000916590284143 0.00274977085243 0.0714940421632 0.0265811182401 0.00916590284143 0.10174152154 0.012832263978 0.0586617781852 0.0284142988084 0.00274977085243 0.00366636113657 0.0100824931256 0.0119156736939 0.0485792850596 0.0274977085243 0.0779101741522 0.0971585701192 0.0815765352887 0.130155820348
21 0.216315307058 0.0109990834097 0.00549954170486 0.00458295142071 0.00274977085243 0.490375802016 0.000916590284143 0.00733272227314 0.00274977085243 0.00549954170486 0.00458295142071 0.00183318056829 0.00733272227314 0.006416131989 0.019248395967 0.0540788267644 0.0146654445463 0.0219981668194 0.000916590284143 0.00183318056829 0.120073327223
22 0.12832263978 0.0339138405133 0.00183318056829 0.00274977085243 0.0806599450046 0.109074243813 0.000916590284143 0.0999083409716 0.000916590284143 0.0403299725023 0.012832263978 0.000916590284143 0.00183318056829 0.0 0.00549954170486 0.0348304307974 0.012832263978 0.174152153987 0.0724106324473 0.0696608615949 0.116406966086
23 0.107241063245 0.0219981668194 0.000916590284143 0.00458295142071 0.0467461044913 0.0100824931256 0.0137488542621 0.129239230064 0.00916590284143 0.0742438130156 0.012832263978 0.006416131989 0.0 0.00549954170486 0.006416131989 0.0210815765353 0.0339138405133 0.277726856095 0.025664527956 0.0696608615949 0.122823098075
24 0.0595783684693 0.0375802016499 0.00916590284143 0.00824931255729 0.0733272227314 0.051329055912 0.0137488542621 0.173235563703 0.00733272227314 0.137488542621 0.0164986251146 0.00183318056829 0.00274977085243 0.00733272227314 0.0229147571036 0.0339138405133 0.0201649862511 0.141154903758 0.0238313473877 0.0348304307974 0.123739688359
25 0.0302474793767 0.0146654445463 0.0100824931256 0.0504124656279 0.0311640696609 0.0430797433547 0.019248395967 0.0394133822181 0.0504124656279 0.0549954170486 0.0146654445463 0.0155820348304 0.0485792850596 0.0284142988084 0.18148487626 0.0394133822181 0.038496791934 0.096241979835 0.0146654445463 0.0632447296059 0.115490375802
26 0.0339138405133 0.012832263978 0.179651695692 0.0375802016499 0.0302474793767 0.0412465627864 0.0366636113657 0.0293308890926 0.0302474793767 0.0348304307974 0.00366636113657 0.0916590284143 0.0357470210816 0.0274977085243 0.038496791934 0.0779101741522 0.0421631530706 0.0229147571036 0.0164986251146 0.0494958753437 0.127406049496
27 0.0311640696609 0.006416131989 0.0944087992667 0.06416131989 0.00916590284143 0.175985334555 0.0265811182401 0.0109990834097 0.038496791934 0.0284142988084 0.00549954170486 0.0989917506874 0.0531622364803 0.0293308890926 0.0366636113657 0.0669110907424 0.0522456461962 0.0174152153987 0.00366636113657 0.00824931255729 0.142071494042
28 0.0366636113657 0.00549954170486 0.0669110907424 0.06416131989 0.00824931255729 0.252062328139 0.0219981668194 0.0155820348304 0.0476626947754 0.019248395967 0.00733272227314 0.0604949587534 0.0302474793767 0.0348304307974 0.0430797433547 0.0623281393217 0.0329972502291 0.0174152153987 0.00366636113657 0.0119156736939 0.157653528873
29 0.0375802016499 0.0146654445463 0.0467461044913 0.0779101741522 0.0430797433547 0.0394133822181 0.0403299725023 0.0403299725023 0.0430797433547 0.044912923923 0.0183318056829 0.0293308890926 0.019248395967 0.0421631530706 0.0504124656279 0.057745187901 0.0467461044913 0.0760769935839 0.0403299725023 0.0201649862511 0.171402383135
30 0.0375802016499 0.0164986251146 0.0238313473877 0.0678276810266 0.0329972502291 0.0219981668194 0.0164986251146 0.0852428964253 0.0357470210816 0.0659945004583 0.0137488542621 0.0284142988084 0.0632447296059 0.0430797433547 0.0595783684693 0.0439963336389 0.038496791934 0.109990834097 0.0229147571036 0.025664527956 0.146654445463
31 0.0458295142071 0.012832263978 0.0183318056829 0.0430797433547 0.0403299725023 0.044912923923 0.032080659945 0.0788267644363 0.0788267644363 0.096241979835 0.0146654445463 0.0219981668194 0.0119156736939 0.0348304307974 0.0696608615949 0.0476626947754 0.0412465627864 0.0586617781852 0.025664527956 0.0458295142071 0.136571952337
32 0.0925756186984 0.0137488542621 0.0302474793767 0.070577451879 0.025664527956 0.0788267644363 0.0366636113657 0.0339138405133 0.0421631530706 0.0531622364803 0.0146654445463 0.0788267644363 0.019248395967 0.0467461044913 0.0430797433547 0.0779101741522 0.0476626947754 0.0494958753437 0.0119156736939 0.012832263978 0.120073327223
33 0.0870760769936 0.0201649862511 0.0137488542621 0.0284142988084 0.121906507791 0.0412465627864 0.0247479376719 0.0843263061412 0.0274977085243 0.0916590284143 0.0219981668194 0.0119156736939 0.0100824931256 0.0219981668194 0.0348304307974 0.0504124656279 0.0430797433547 0.0623281393217 0.0357470210816 0.0494958753437 0.11732355637
34 0.113657195234 0.0247479376719 0.0137488542621 0.0274977085243 0.0311640696609 0.0806599450046 0.0265811182401 0.0137488542621 0.0604949587534 0.0412465627864 0.0119156736939 0.0155820348304 0.0219981668194 0.0302474793767 0.0568285976169 0.191567369386 0.0485792850596 0.0302474793767 0.00733272227314 0.0439963336389 0.108157653529
35 0.0559120073327 0.0174152153987 0.0183318056829 0.0439963336389 0.0329972502291 0.155820348304 0.0100824931256 0.0302474793767 0.0751604032997 0.0815765352887 0.00916590284143 0.0293308890926 0.0586617781852 0.0274977085243 0.0806599450046 0.0559120073327 0.0293308890926 0.0458295142071 0.0146654445463 0.0164986251146 0.110907424381
36 0.0439963336389 0.0174152153987 0.0265811182401 0.0274977085243 0.0375802016499 0.0843263061412 0.0164986251146 0.0522456461962 0.0568285976169 0.0989917506874 0.0201649862511 0.0394133822181 0.0650779101742 0.0302474793767 0.0476626947754 0.0742438130156 0.0467461044913 0.0540788267644 0.00183318056829 0.0339138405133 0.124656278643
37 0.0421631530706 0.0274977085243 0.0412465627864 0.0815765352887 0.0394133822181 0.0659945004583 0.0247479376719 0.0604949587534 0.038496791934 0.120989917507 0.00733272227314 0.0311640696609 0.0678276810266 0.019248395967 0.0430797433547 0.0632447296059 0.0439963336389 0.0531622364803 0.00458295142071 0.0247479376719 0.0989917506874
38 0.0485792850596 0.012832263978 0.0559120073327 0.0540788267644 0.0284142988084 0.158570119157 0.038496791934 0.0183318056829 0.0494958753437 0.0366636113657 0.00458295142071 0.0494958753437 0.0852428964253 0.0366636113657 0.0559120073327 0.0559120073327 0.044912923923 0.019248395967 0.00274977085243 0.0174152153987 0.126489459212
39 0.0623281393217 0.0329972502291 0.0540788267644 0.0549954170486 0.0229147571036 0.0522456461962 0.0357470210816 0.051329055912 0.0531622364803 0.0467461044913 0.0155820348304 0.057745187901 0.0458295142071 0.032080659945 0.0522456461962 0.051329055912 0.0458295142071 0.0632447296059 0.006416131989 0.0302474793767 0.132905591201
40 0.105407882676 0.0559120073327 0.0229147571036 0.0238313473877 0.0119156736939 0.0531622364803 0.0403299725023 0.0265811182401 0.0311640696609 0.0559120073327 0.0183318056829 0.025664527956 0.0504124656279 0.0650779101742 0.0394133822181 0.0934922089826 0.116406966086 0.0421631530706 0.0146654445463 0.0238313473877 0.083409715857
41 0.0137488542621 0.0100824931256 0.0925756186984 0.0284142988084 0.00549954170486 0.0238313473877 0.0183318056829 0.0100824931256 0.0146654445463 0.0164986251146 0.006416131989 0.0696608615949 0.0155820348304 0.0109990834097 0.019248395967 0.282309807516 0.266727772686 0.00549954170486 0.00274977085243 0.00824931255729 0.0788267644363
42 0.119156736939 0.00274977085243 0.00366636113657 0.019248395967 0.00733272227314 0.0164986251146 0.0100824931256 0.109990834097 0.0164986251146 0.0174152153987 0.000916590284143 0.175985334555 0.0733272227314 0.0164986251146 0.0174152153987 0.157653528873 0.0293308890926 0.118240146654 0.0 0.00733272227314 0.0806599450046
43 0.0357470210816 0.00366636113657 0.025664527956 0.0284142988084 0.0971585701192 0.019248395967 0.0329972502291 0.0439963336389 0.0146654445463 0.108157653529 0.012832263978 0.185151237397 0.0137488542621 0.0870760769936 0.019248395967 0.0329972502291 0.0632447296059 0.032080659945 0.00183318056829 0.0632447296059 0.0788267644363
44 0.0650779101742 0.00916590284143 0.0724106324473 0.104491292392 0.0219981668194 0.0219981668194 0.038496791934 0.0522456461962 0.0329972502291 0.0403299725023 0.0274977085243 0.0119156736939 0.00458295142071 0.0852428964253 0.11732355637 0.0339138405133 0.076993583868 0.0659945004583 0.0155820348304 0.0274977085243 0.0742438130156
45 0.522456461962 0.025664527956 0.00274977085243 0.00549954170486 0.00549954170486 0.083409715857 0.00183318056829 0.0155820348304 0.0100824931256 0.0614115490376 0.0375802016499 0.00458295142071 0.00916590284143 0.00366636113657 0.0174152153987 0.0494958753437 0.0403299725023 0.0439963336389 0.0 0.00366636113657 0.0559120073327
46 0.0147112740605 0.00187901008249 0.0165444546288 0.785563703025 0.00096241979835 0.0128780934922 0.00554537121907 0.00554537121907 0.0284601283226 0.0101283226398 0.00187901008249 0.00646196150321 0.00279560036664 0.0119615032081 0.00371219065078 0.00737855178735 0.0128780934922 0.0110449129239 0.00096241979835 0.00371219065078 0.0549954170486
47 0.120989917507 0.0174152153987 0.000916590284143 0.0119156736939 0.038496791934 0.0109990834097 0.00366636113657 0.0989917506874 0.00366636113657 0.406966086159 0.044912923923 0.000916590284143 0.00274977085243 0.00733272227314 0.00274977085243 0.0137488542621 0.0293308890926 0.051329055912 0.0100824931256 0.0696608615949 0.0531622364803
48 0.076993583868 0.0164986251146 0.00824931255729 0.0861594867094 0.038496791934 0.0146654445463 0.0293308890926 0.0494958753437 0.0366636113657 0.175068744271 0.0714940421632 0.0146654445463 0.00183318056829 0.057745187901 0.0586617781852 0.0311640696609 0.0421631530706 0.0650779101742 0.0238313473877 0.0559120073327 0.0458295142071
49 0.675527039413 0.0100824931256 0.00458295142071 0.00549954170486 0.00366636113657 0.153070577452 0.00183318056829 0.00366636113657 0.00183318056829 0.00366636113657 0.00366636113657 0.000916590284143 0.00733272227314 0.00274977085243 0.00274977085243 0.0348304307974 0.019248395967 0.0210815765353 0.0 0.000916590284143 0.0430797433547
50 0.104491292392 0.0458295142071 0.00183318056829 0.00549954170486 0.0284142988084 0.006416131989 0.00183318056829 0.306141154904 0.000916590284143 0.219981668194 0.0394133822181 0.00366636113657 0.00183318056829 0.00183318056829 0.00183318056829 0.00916590284143 0.00916590284143 0.164986251146 0.000916590284143 0.00366636113657 0.0421631530706
51 0.0632447296059 0.0155820348304 0.012832263978 0.0311640696609 0.0274977085243 0.0155820348304 0.0183318056829 0.142988084326 0.0549954170486 0.235563703025 0.0146654445463 0.0201649862511 0.00274977085243 0.0238313473877 0.0760769935839 0.0284142988084 0.0357470210816 0.0733272227314 0.0174152153987 0.0476626947754 0.0421631530706
52 0.083409715857 0.0109990834097 0.0329972502291 0.13932172319 0.0302474793767 0.0109990834097 0.0604949587534 0.0302474793767 0.0870760769936 0.118240146654 0.0439963336389 0.0311640696609 0.00274977085243 0.0522456461962 0.0696608615949 0.0265811182401 0.0274977085243 0.025664527956 0.0366636113657 0.0403299725023 0.0394133822181
53 0.533455545371 0.0183318056829 0.006416131989 0.00366636113657 0.00458295142071 0.226397800183 0.000916590284143 0.0109990834097 0.000916590284143 0.0274977085243 0.00183318056829 0.00366636113657 0.00183318056829 0.00274977085243 0.006416131989 0.0394133822181 0.0219981668194 0.044912923923 0.00183318056829 0.00274977085243 0.0394133822181
54 0.0366636113657 0.0183318056829 0.000916590284143 0.00458295142071 0.0366636113657 0.0 0.00733272227314 0.140238313474 0.00366636113657 0.521539871677 0.0485792850596 0.0 0.00274977085243 0.00183318056829 0.00366636113657 0.00549954170486 0.0146654445463 0.106324472961 0.0 0.00549954170486 0.0412465627864
55 0.0293308890926 0.012832263978 0.0467461044913 0.172318973419 0.006416131989 0.0183318056829 0.0293308890926 0.0229147571036 0.142988084326 0.0669110907424 0.0109990834097 0.0311640696609 0.00458295142071 0.0999083409716 0.130155820348 0.0687442713107 0.0274977085243 0.0174152153987 0.00549954170486 0.0155820348304 0.0403299725023
56 0.0650779101742 0.0164986251146 0.0247479376719 0.0219981668194 0.0394133822181 0.00733272227314 0.0467461044913 0.0879926672777 0.0412465627864 0.153987167736 0.0375802016499 0.019248395967 0.000916590284143 0.0412465627864 0.0687442713107 0.0586617781852 0.0531622364803 0.051329055912 0.0559120073327 0.0632447296059 0.044912923923
57 0.316269477544 0.0357928505958 0.00737855178735 0.00554537121907 0.0495417048579 0.0220439963336 0.0147112740605 0.103620531622 4.58295142071e-05 0.16503208066 0.0257103574702 0.00829514207149 0.00462878093492 0.00279560036664 0.0110449129239 0.0247937671861 0.0412923923006 0.0917048579285 0.00646196150321 0.0110449129239 0.0522456461962
58 0.06416131989 0.0164986251146 0.0265811182401 0.0540788267644 0.0174152153987 0.0265811182401 0.0219981668194 0.06416131989 0.0879926672777 0.120073327223 0.0174152153987 0.0329972502291 0.0760769935839 0.0458295142071 0.070577451879 0.051329055912 0.0311640696609 0.0540788267644 0.0394133822181 0.0164986251146 0.0650779101742
59 0.0476626947754 0.0137488542621 0.0439963336389 0.0724106324473 0.00916590284143 0.182401466544 0.019248395967 0.0210815765353 0.070577451879 0.032080659945 0.00733272227314 0.0742438130156 0.051329055912 0.0476626947754 0.0760769935839 0.0696608615949 0.0284142988084 0.0183318056829 0.006416131989 0.0155820348304 0.0925756186984
60 0.0504124656279 0.0183318056829 0.0669110907424 0.0302474793767 0.0742438130156 0.0687442713107 0.0302474793767 0.0714940421632 0.0329972502291 0.0742438130156 0.0146654445463 0.0650779101742 0.0623281393217 0.0137488542621 0.0403299725023 0.0476626947754 0.0394133822181 0.0421631530706 0.0201649862511 0.057745187901 0.0788267644363
61 0.0476626947754 0.0311640696609 0.051329055912 0.0549954170486 0.0183318056829 0.038496791934 0.0375802016499 0.0119156736939 0.100824931256 0.0284142988084 0.0155820348304 0.0430797433547 0.0229147571036 0.06416131989 0.127406049496 0.089825847846 0.100824931256 0.0339138405133 0.00274977085243 0.0100824931256 0.0687442713107
62 0.0284142988084 0.0119156736939 0.057745187901 0.070577451879 0.006416131989 0.0201649862511 0.0650779101742 0.0210815765353 0.123739688359 0.0137488542621 0.00824931255729 0.083409715857 0.0999083409716 0.0430797433547 0.122823098075 0.0852428964253 0.0549954170486 0.0293308890926 0.00733272227314 0.00824931255729 0.038496791934
63 0.0604949587534 0.0109990834097 0.006416131989 0.000916590284143 0.0467461044913 0.0109990834097 0.00366636113657 0.232813932172 0.00366636113657 0.217231897342 0.0146654445463 0.00458295142071 0.00458295142071 0.00366636113657 0.00733272227314 0.00824931255729 0.0265811182401 0.271310724106 0.00733272227314 0.0201649862511 0.0375802016499
64 0.0357470210816 0.0219981668194 0.0238313473877 0.0659945004583 0.0201649862511 0.0 0.0540788267644 0.153987167736 0.0339138405133 0.0934922089826 0.0164986251146 0.0394133822181 0.00824931255729 0.0311640696609 0.0366636113657 0.0284142988084 0.102658111824 0.153987167736 0.0219981668194 0.0229147571036 0.0348304307974
65 0.012832263978 0.0201649862511 0.00183318056829 0.00274977085243 0.0779101741522 0.000916590284143 0.00183318056829 0.439046746104 0.00274977085243 0.152153987168 0.0119156736939 0.000916590284143 0.00274977085243 0.00274977085243 0.00458295142071 0.00458295142071 0.006416131989 0.214482126489 0.000916590284143 0.006416131989 0.032080659945
66 0.0394133822181 0.0311640696609 0.00549954170486 0.150320806599 0.145737855179 0.0137488542621 0.0403299725023 0.0467461044913 0.0366636113657 0.0989917506874 0.0174152153987 0.0137488542621 0.00274977085243 0.0247479376719 0.0559120073327 0.0119156736939 0.006416131989 0.0632447296059 0.0137488542621 0.148487626031 0.0329972502291
67 0.0302474793767 0.0375802016499 0.00274977085243 0.00366636113657 0.00458295142071 0.0659945004583 0.0100824931256 0.0302474793767 0.00366636113657 0.0394133822181 0.0210815765353 0.0119156736939 0.00183318056829 0.00274977085243 0.006416131989 0.281393217232 0.361136571952 0.0339138405133 0.00458295142071 0.0137488542621 0.0329972502291
68 0.00733272227314 0.00274977085243 0.772685609533 0.0164986251146 0.0 0.0109990834097 0.012832263978 0.00274977085243 0.00916590284143 0.00366636113657 0.00183318056829 0.0348304307974 0.00733272227314 0.000916590284143 0.0155820348304 0.0329972502291 0.0183318056829 0.00733272227314 0.0 0.00366636113657 0.038496791934
69 0.0366636113657 0.115490375802 0.0164986251146 0.0109990834097 0.0164986251146 0.00366636113657 0.0100824931256 0.00366636113657 0.00183318056829 0.0183318056829 0.00183318056829 0.125572868928 0.006416131989 0.00366636113657 0.00458295142071 0.536205316224 0.00733272227314 0.00549954170486 0.0 0.0201649862511 0.0549954170486
70 0.051329055912 0.00549954170486 0.0339138405133 0.0788267644363 0.0119156736939 0.0146654445463 0.0100824931256 0.0229147571036 0.12832263978 0.121906507791 0.0329972502291 0.0210815765353 0.0100824931256 0.18148487626 0.0742438130156 0.0678276810266 0.0531622364803 0.012832263978 0.00458295142071 0.00733272227314 0.0549954170486
71 0.11732355637 0.00366636113657 0.0366636113657 0.0375802016499 0.0412465627864 0.0265811182401 0.0109990834097 0.0293308890926 0.0146654445463 0.0797433547204 0.0183318056829 0.0485792850596 0.0247479376719 0.0284142988084 0.019248395967 0.129239230064 0.0669110907424 0.0421631530706 0.0137488542621 0.151237396884 0.0595783684693
72 0.250229147571 0.019248395967 0.00274977085243 0.00274977085243 0.00733272227314 0.006416131989 0.0 0.0870760769936 0.0 0.179651695692 0.0174152153987 0.00733272227314 0.00183318056829 0.000916590284143 0.00274977085243 0.0485792850596 0.0375802016499 0.262144821265 0.000916590284143 0.00274977085243 0.0623281393217
73 0.0659945004583 0.0238313473877 0.00366636113657 0.0100824931256 0.0247479376719 0.006416131989 0.00274977085243 0.244729605866 0.0183318056829 0.189734188818 0.0265811182401 0.00549954170486 0.00366636113657 0.0100824931256 0.0146654445463 0.025664527956 0.0219981668194 0.232813932172 0.00274977085243 0.0238313473877 0.0421631530706
74 0.0540788267644 0.00458295142071 0.102658111824 0.0733272227314 0.00458295142071 0.051329055912 0.0293308890926 0.0109990834097 0.113657195234 0.0247479376719 0.0183318056829 0.114573785518 0.00458295142071 0.089825847846 0.0999083409716 0.0806599450046 0.0421631530706 0.0119156736939 0.00366636113657 0.0201649862511 0.044912923923
75 0.164069660862 0.0458295142071 0.0146654445463 0.0174152153987 0.0210815765353 0.0788267644363 0.0265811182401 0.051329055912 0.0302474793767 0.0870760769936 0.038496791934 0.0375802016499 0.00274977085243 0.0632447296059 0.0274977085243 0.0925756186984 0.0549954170486 0.0403299725023 0.0174152153987 0.0201649862511 0.0678276810266
76 0.0439963336389 0.012832263978 0.000916590284143 0.00366636113657 0.070577451879 0.00458295142071 0.00549954170486 0.224564619615 0.00274977085243 0.317140238313 0.044912923923 0.00274977085243 0.00549954170486 0.00458295142071 0.006416131989 0.0164986251146 0.019248395967 0.120073327223 0.00824931255729 0.0164986251146 0.0687442713107
77 0.0568285976169 0.0174152153987 0.0357470210816 0.0421631530706 0.0137488542621 0.0274977085243 0.025664527956 0.0137488542621 0.0760769935839 0.0531622364803 0.00916590284143 0.144821264895 0.0100824931256 0.083409715857 0.070577451879 0.0852428964253 0.113657195234 0.0238313473877 0.00366636113657 0.0100824931256 0.083409715857
78 0.0366636113657 0.00916590284143 0.0595783684693 0.0494958753437 0.00549954170486 0.104491292392 0.0247479376719 0.0109990834097 0.115490375802 0.0210815765353 0.00549954170486 0.096241979835 0.006416131989 0.0348304307974 0.0696608615949 0.0971585701192 0.0421631530706 0.0164986251146 0.000916590284143 0.012832263978 0.180568285976
79 0.0174152153987 0.00733272227314 0.0174152153987 0.00916590284143 0.0229147571036 0.0302474793767 0.0164986251146 0.0109990834097 0.0311640696609 0.0339138405133 0.00458295142071 0.019248395967 0.0219981668194 0.0183318056829 0.0439963336389 0.0238313473877 0.0109990834097 0.0119156736939 0.119156736939 0.0265811182401 0.50229147571
80 0.0293308890926 0.0100824931256 0.012832263978 0.00916590284143 0.0119156736939 0.0164986251146 0.00366636113657 0.0614115490376 0.0164986251146 0.105407882676 0.0238313473877 0.00549954170486 0.0146654445463 0.0100824931256 0.025664527956 0.0183318056829 0.0100824931256 0.038496791934 0.000916590284143 0.0164986251146 0.559120073327
81 0.0238313473877 0.00458295142071 0.0302474793767 0.0412465627864 0.00916590284143 0.0183318056829 0.0229147571036 0.00549954170486 0.0329972502291 0.0183318056829 0.00458295142071 0.0229147571036 0.0485792850596 0.0219981668194 0.0229147571036 0.0366636113657 0.0329972502291 0.0155820348304 0.00916590284143 0.0109990834097 0.5664527956
82 0.0174152153987 0.000916590284143 0.0183318056829 0.0348304307974 0.00274977085243 0.0650779101742 0.00916590284143 0.0174152153987 0.0595783684693 0.0201649862511 0.000916590284143 0.0348304307974 0.0164986251146 0.0137488542621 0.0329972502291 0.0293308890926 0.0265811182401 0.0146654445463 0.00274977085243 0.00733272227314 0.574702108158
83 0.00458295142071 0.00458295142071 0.006416131989 0.00549954170486 0.0137488542621 0.006416131989 0.0119156736939 0.00824931255729 0.0100824931256 0.0100824931256 0.00366636113657 0.0146654445463 0.0137488542621 0.0109990834097 0.012832263978 0.012832263978 0.00274977085243 0.006416131989 0.187901008249 0.0155820348304 0.637030247479
84 0.0284142988084 0.00366636113657 0.0100824931256 0.051329055912 0.006416131989 0.00274977085243 0.00916590284143 0.0119156736939 0.0687442713107 0.0155820348304 0.006416131989 0.00916590284143 0.00549954170486 0.0265811182401 0.0366636113657 0.0229147571036 0.00733272227314 0.0109990834097 0.0 0.00274977085243 0.66361136572
85 0.025664527956 0.000916590284143 0.0348304307974 0.0174152153987 0.00458295142071 0.00916590284143 0.0100824931256 0.00824931255729 0.0494958753437 0.0164986251146 0.00549954170486 0.019248395967 0.0174152153987 0.0247479376719 0.0494958753437 0.0164986251146 0.0164986251146 0.006416131989 0.00274977085243 0.006416131989 0.658111824015
86 0.0183318056829 0.00274977085243 0.0137488542621 0.0174152153987 0.00549954170486 0.0210815765353 0.0119156736939 0.00733272227314 0.0329972502291 0.00824931255729 0.0 0.0934922089826 0.00549954170486 0.0100824931256 0.0559120073327 0.0210815765353 0.0146654445463 0.00733272227314 0.00366636113657 0.00366636113657 0.645279560037
87 0.0247479376719 0.00274977085243 0.0504124656279 0.0485792850596 0.00458295142071 0.174152153987 0.0100824931256 0.00733272227314 0.0274977085243 0.0137488542621 0.00274977085243 0.044912923923 0.0375802016499 0.0164986251146 0.0329972502291 0.032080659945 0.0219981668194 0.0109990834097 0.00274977085243 0.006416131989 0.427131072411
88 0.019248395967 0.00549954170486 0.00733272227314 0.0109990834097 0.0604949587534 0.00916590284143 0.00916590284143 0.00824931255729 0.0137488542621 0.019248395967 0.012832263978 0.0100824931256 0.0210815765353 0.00824931255729 0.0164986251146 0.019248395967 0.0146654445463 0.00733272227314 0.210815765353 0.0586617781852 0.457378551787
89 0.0265811182401 0.006416131989 0.0183318056829 0.0348304307974 0.00733272227314 0.025664527956 0.0109990834097 0.0421631530706 0.106324472961 0.0412465627864 0.0183318056829 0.0164986251146 0.0302474793767 0.0348304307974 0.096241979835 0.0302474793767 0.0568285976169 0.0394133822181 0.000916590284143 0.00549954170486 0.351054078827
90 0.0394133822181 0.0137488542621 0.0238313473877 0.0201649862511 0.00366636113657 0.019248395967 0.006416131989 0.0174152153987 0.0595783684693 0.0174152153987 0.00733272227314 0.0568285976169 0.0238313473877 0.0201649862511 0.0430797433547 0.0430797433547 0.0934922089826 0.0183318056829 0.00274977085243 0.006416131989 0.463794683776
91 0.076993583868 0.00549954170486 0.0100824931256 0.0183318056829 0.00366636113657 0.0265811182401 0.0100824931256 0.0146654445463 0.0522456461962 0.0247479376719 0.00824931255729 0.025664527956 0.0339138405133 0.0265811182401 0.0494958753437 0.106324472961 0.0219981668194 0.0201649862511 0.000916590284143 0.006416131989 0.457378551787
92 0.032080659945 0.00458295142071 0.0669110907424 0.0229147571036 0.00733272227314 0.0357470210816 0.0174152153987 0.00824931255729 0.0522456461962 0.0164986251146 0.00274977085243 0.0375802016499 0.025664527956 0.0238313473877 0.0595783684693 0.0907424381302 0.0375802016499 0.0109990834097 0.000916590284143 0.00549954170486 0.440879926673
93 0.025664527956 0.00733272227314 0.0238313473877 0.0201649862511 0.012832263978 0.191567369386 0.0100824931256 0.0164986251146 0.0394133822181 0.0174152153987 0.00366636113657 0.0412465627864 0.0229147571036 0.0238313473877 0.0274977085243 0.0339138405133 0.0164986251146 0.0137488542621 0.000916590284143 0.00733272227314 0.443629697525
94 0.0229147571036 0.00274977085243 0.0155820348304 0.0595783684693 0.00549954170486 0.0476626947754 0.019248395967 0.0137488542621 0.0889092575619 0.0238313473877 0.00549954170486 0.0375802016499 0.0155820348304 0.044912923923 0.0476626947754 0.0614115490376 0.0430797433547 0.0183318056829 0.00183318056829 0.0119156736939 0.412465627864
95 0.0329972502291 0.00366636113657 0.0430797433547 0.0394133822181 0.019248395967 0.0522456461962 0.025664527956 0.0229147571036 0.0366636113657 0.044912923923 0.0109990834097 0.0229147571036 0.155820348304 0.019248395967 0.0439963336389 0.051329055912 0.0302474793767 0.0284142988084 0.00183318056829 0.0329972502291 0.281393217232
96 0.0494958753437 0.0247479376719 0.0119156736939 0.0238313473877 0.012832263978 0.0174152153987 0.0375802016499 0.110907424381 0.0174152153987 0.0879926672777 0.00733272227314 0.0109990834097 0.0375802016499 0.0247479376719 0.0339138405133 0.0458295142071 0.0366636113657 0.153070577452 0.0100824931256 0.0164986251146 0.229147571036
97 0.0861594867094 0.00183318056829 0.0201649862511 0.0595783684693 0.00916590284143 0.025664527956 0.0146654445463 0.0329972502291 0.108157653529 0.0540788267644 0.0109990834097 0.0293308890926 0.0595783684693 0.0394133822181 0.0714940421632 0.0614115490376 0.0375802016499 0.0504124656279 0.00824931255729 0.0155820348304 0.20348304308
98 0.0348304307974 0.0100824931256 0.0366636113657 0.0348304307974 0.0357470210816 0.0229147571036 0.0760769935839 0.0439963336389 0.012832263978 0.070577451879 0.0201649862511 0.191567369386 0.0100824931256 0.012832263978 0.0210815765353 0.0696608615949 0.0366636113657 0.025664527956 0.0100824931256 0.0485792850596 0.175068744271
99 0.0879926672777 0.0119156736939 0.0265811182401 0.0265811182401 0.0164986251146 0.0421631530706 0.0348304307974 0.0293308890926 0.0669110907424 0.0614115490376 0.00824931255729 0.0302474793767 0.0476626947754 0.0696608615949 0.104491292392 0.0650779101742 0.0412465627864 0.0348304307974 0.0100824931256 0.0164986251146 0.167736021998
100 0.0687442713107 0.00733272227314 0.13932172319 0.129239230064 0.0137488542621 0.0329972502291 0.0339138405133 0.032080659945 0.0540788267644 0.0412465627864 0.0146654445463 0.0467461044913 0.0623281393217 0.038496791934 0.0568285976169 0.0751604032997 0.0394133822181 0.0265811182401 0.006416131989 0.012832263978 0.0678276810266
101 0.0357470210816 0.00824931255729 0.0100824931256 0.0394133822181 0.0540788267644 0.00733272227314 0.0137488542621 0.164986251146 0.0238313473877 0.326306141155 0.0183318056829 0.00824931255729 0.00549954170486 0.0274977085243 0.0238313473877 0.0155820348304 0.0311640696609 0.0595783684693 0.0109990834097 0.0494958753437 0.0659945004583
102 0.0439963336389 0.0137488542621 0.00458295142071 0.00549954170486 0.076993583868 0.00274977085243 0.0119156736939 0.142988084326 0.0274977085243 0.155820348304 0.0329972502291 0.0100824931256 0.00274977085243 0.0155820348304 0.0403299725023 0.0229147571036 0.0201649862511 0.109990834097 0.141154903758 0.0549954170486 0.0632447296059
103 0.0632447296059 0.0109990834097 0.0595783684693 0.113657195234 0.0100824931256 0.0164986251146 0.0302474793767 0.0265811182401 0.109990834097 0.0568285976169 0.0183318056829 0.0504124656279 0.0109990834097 0.110907424381 0.12832263978 0.0623281393217 0.0311640696609 0.0155820348304 0.00274977085243 0.0100824931256 0.0614115490376
104 0.10174152154 0.012832263978 0.0870760769936 0.149404216315 0.019248395967 0.0100824931256 0.0201649862511 0.0375802016499 0.0925756186984 0.0614115490376 0.0164986251146 0.0284142988084 0.0100824931256 0.06416131989 0.0907424381302 0.0504124656279 0.0311640696609 0.025664527956 0.00733272227314 0.019248395967 0.06416131989
105 0.076993583868 0.0357470210816 0.00549954170486 0.00366636113657 0.038496791934 0.00366636113657 0.00549954170486 0.311640696609 0.00183318056829 0.224564619615 0.025664527956 0.006416131989 0.00366636113657 0.00458295142071 0.0164986251146 0.0155820348304 0.0375802016499 0.0989917506874 0.00733272227314 0.0183318056829 0.057745187901
106 0.0604949587534 0.0109990834097 0.0650779101742 0.0430797433547 0.025664527956 0.0164986251146 0.0439963336389 0.0586617781852 0.0779101741522 0.106324472961 0.0201649862511 0.0357470210816 0.00733272227314 0.057745187901 0.121906507791 0.0412465627864 0.0274977085243 0.0504124656279 0.0265811182401 0.0311640696609 0.0714940421632
107 0.0779101741522 0.0109990834097 0.0824931255729 0.147571035747 0.0210815765353 0.0311640696609 0.0348304307974 0.025664527956 0.083409715857 0.0421631530706 0.00733272227314 0.044912923923 0.00916590284143 0.0559120073327 0.0916590284143 0.0678276810266 0.0494958753437 0.0219981668194 0.00733272227314 0.0137488542621 0.0733272227314
108 0.0659945004583 0.0219981668194 0.0100824931256 0.0439963336389 0.044912923923 0.0146654445463 0.0164986251146 0.0870760769936 0.0302474793767 0.317140238313 0.0339138405133 0.0137488542621 0.00274977085243 0.0329972502291 0.0494958753437 0.0238313473877 0.0284142988084 0.0403299725023 0.0210815765353 0.0274977085243 0.0733272227314
109 0.0760769935839 0.0302474793767 0.00824931255729 0.0274977085243 0.0284142988084 0.0164986251146 0.012832263978 0.0934922089826 0.0430797433547 0.239230064161 0.0531622364803 0.0210815765353 0.006416131989 0.025664527956 0.0467461044913 0.0568285976169 0.0329972502291 0.0604949587534 0.012832263978 0.0229147571036 0.0852428964253
110 0.057745187901 0.0100824931256 0.0678276810266 0.0907424381302 0.00824931255729 0.0293308890926 0.0229147571036 0.0210815765353 0.108157653529 0.0476626947754 0.0137488542621 0.0687442713107 0.0201649862511 0.0724106324473 0.134738771769 0.0788267644363 0.025664527956 0.0201649862511 0.00458295142071 0.0119156736939 0.0852428964253
111 0.0504124656279 0.0155820348304 0.0467461044913 0.0907424381302 0.00824931255729 0.0614115490376 0.0274977085243 0.0210815765353 0.10174152154 0.0549954170486 0.012832263978 0.0595783684693 0.0229147571036 0.0714940421632 0.0925756186984 0.0889092575619 0.0366636113657 0.0155820348304 0.006416131989 0.0201649862511 0.0944087992667
112 0.0247479376719 0.0210815765353 0.0164986251146 0.0247479376719 0.129239230064 0.0394133822181 0.0568285976169 0.0724106324473 0.0412465627864 0.130155820348 0.0201649862511 0.0375802016499 0.012832263978 0.0174152153987 0.0852428964253 0.0210815765353 0.025664527956 0.0476626947754 0.025664527956 0.0329972502291 0.11732355637
113 0.0302474793767 0.0119156736939 0.0751604032997 0.0934922089826 0.0137488542621 0.0421631530706 0.0302474793767 0.0201649862511 0.0870760769936 0.0329972502291 0.00458295142071 0.0742438130156 0.0504124656279 0.0595783684693 0.0815765352887 0.100824931256 0.0559120073327 0.0348304307974 0.00274977085243 0.0164986251146 0.0815765352887
114 0.0201649862511 0.0467461044913 0.00824931255729 0.00458295142071 0.0568285976169 0.00183318056829 0.0146654445463 0.180568285976 0.0155820348304 0.114573785518 0.0109990834097 0.00549954170486 0.0109990834097 0.00458295142071 0.0119156736939 0.0183318056829 0.051329055912 0.301558203483 0.0210815765353 0.0229147571036 0.076993583868
115 0.0348304307974 0.00916590284143 0.0412465627864 0.0925756186984 0.0284142988084 0.0146654445463 0.0458295142071 0.0284142988084 0.0870760769936 0.038496791934 0.006416131989 0.0284142988084 0.000916590284143 0.0531622364803 0.105407882676 0.105407882676 0.114573785518 0.0531622364803 0.00733272227314 0.025664527956 0.0788267644363
116 0.0183318056829 0.00824931255729 0.00366636113657 0.00458295142071 0.236480293309 0.00916590284143 0.00183318056829 0.168652612282 0.00274977085243 0.197983501375 0.0238313473877 0.000916590284143 0.00549954170486 0.000916590284143 0.00366636113657 0.012832263978 0.012832263978 0.142988084326 0.0366636113657 0.0229147571036 0.0852428964253
117 0.0412465627864 0.0229147571036 0.00916590284143 0.0714940421632 0.0238313473877 0.0164986251146 0.0604949587534 0.0476626947754 0.0824931255729 0.0439963336389 0.0183318056829 0.0293308890926 0.00549954170486 0.0788267644363 0.104491292392 0.0604949587534 0.051329055912 0.0934922089826 0.0183318056829 0.0274977085243 0.0925756186984
118 0.00916590284143 0.00458295142071 0.006416131989 0.00549954170486 0.0568285976169 0.00549954170486 0.173235563703 0.0119156736939 0.0953253895509 0.0302474793767 0.00274977085243 0.00733272227314 0.00274977085243 0.0109990834097 0.0229147571036 0.0164986251146 0.006416131989 0.0146654445463 0.312557286893 0.0586617781852 0.145737855179
