POS A C D E F G H I K L M N P Q R S T V W Y -
1 0.00674536256324 0.000843170320405 0.00252951096121 0.00337268128162 0.00252951096121 0.00337268128162 0.000843170320405 0.0118043844857 0.00337268128162 0.0236087689713 0.00758853288364 0.0 0.0387858347386 0.00168634064081 0.00337268128162 0.00674536256324 0.00674536256324 0.00758853288364 0.0 0.00252951096121 0.865935919056
2 0.0109612141653 0.00252951096121 0.0480607082631 0.0244519392917 0.00168634064081 0.112141652614 0.00590219224283 0.00421585160202 0.0328836424958 0.0118043844857 0.0278246205734 0.035413153457 0.0295109612142 0.00843170320405 0.0219224283305 0.0278246205734 0.0227655986509 0.00590219224283 0.00168634064081 0.00590219224283 0.558178752108
3 0.0447301854975 0.0169055649241 0.0489460370995 0.0497892074199 0.0244940978078 0.0278667790894 0.0177487352445 0.0152192242833 0.0413575042159 0.0185919055649 0.0244940978078 0.0236509274874 0.0329258010118 0.0169055649241 0.039671163575 0.0430438448567 0.0717116357504 0.0278667790894 0.0489460370995 0.0211214165261 0.344013490725
4 0.0236509274874 0.0118465430017 0.00594435075885 0.00425801011804 0.0371416526138 0.00594435075885 0.0101602023609 0.126517706577 0.00763069139966 0.17542158516 0.035455311973 0.0101602023609 0.0194350758853 0.00847386172007 0.0152192242833 0.0135328836425 0.0388279932546 0.137478920742 0.031239460371 0.0489460370995 0.232715008432
5 0.031197301855 0.0101180438449 0.0193929173693 0.0345699831366 0.0118043844857 0.00337268128162 0.0379426644182 0.0801011804384 0.16610455312 0.0413153456998 0.00843170320405 0.0202360876897 0.00421585160202 0.0286677908938 0.0522765598651 0.0286677908938 0.0944350758853 0.132377740304 0.00421585160202 0.0219224283305 0.168634064081
6 0.0641231028668 0.0582209106239 4.21585160202e-05 0.00341483979764 0.0531618887015 0.00763069139966 4.21585160202e-05 0.23781618887 0.000885328836425 0.159401349073 0.0160623946037 0.00425801011804 0.00257166947723 4.21585160202e-05 0.00341483979764 0.00341483979764 0.00594435075885 0.197344013491 0.0135328836425 0.0211214165261 0.147554806071
7 0.0455311973019 0.00674536256324 0.00337268128162 0.00758853288364 0.170320404722 0.00421585160202 0.0227655986509 0.0185497470489 0.00758853288364 0.0101180438449 0.00505902192243 0.142495784148 0.00252951096121 0.0109612141653 0.0101180438449 0.0202360876897 0.0219224283305 0.0101180438449 0.039629005059 0.298482293423 0.141652613828
8 0.0303541315346 0.0463743676223 0.00505902192243 0.00505902192243 0.0682967959528 0.00758853288364 0.000843170320405 0.079258010118 0.00337268128162 0.0210792580101 0.0109612141653 0.00168634064081 0.00421585160202 0.00252951096121 0.00252951096121 0.0682967959528 0.344013490725 0.155143338954 0.00168634064081 0.00505902192243 0.136593591906
9 0.0228077571669 0.00678752107926 0.708305227656 0.0185919055649 0.000885328836425 0.0177487352445 0.0118465430017 0.00341483979764 0.00763069139966 0.00341483979764 0.00510118043845 0.0219645868465 0.00425801011804 0.00172849915683 0.00763069139966 0.0135328836425 0.00678752107926 0.00425801011804 4.21585160202e-05 0.000885328836425 0.132377740304
10 0.200674536256 0.00337268128162 0.00590219224283 0.00843170320405 0.000843170320405 0.526138279933 0.00337268128162 0.00252951096121 0.00168634064081 0.00505902192243 0.00758853288364 0.0101180438449 0.00252951096121 0.00168634064081 0.0118043844857 0.0303541315346 0.0193929173693 0.0227655986509 0.000843170320405 0.00337268128162 0.131534569983
11 0.156829679595 0.0160202360877 0.00590219224283 0.00421585160202 0.00505902192243 0.0556492411467 0.00421585160202 0.0101180438449 0.00421585160202 0.0151770657673 0.000843170320405 0.00674536256324 0.0101180438449 0.00505902192243 0.00843170320405 0.5 0.0252951096121 0.0252951096121 0.00252951096121 0.00590219224283 0.132377740304
12 0.0641231028668 0.0961635750422 0.0118465430017 0.00931703204047 0.0902613827993 0.0253372681282 0.0160623946037 0.0236509274874 0.0641231028668 0.0405143338954 0.0177487352445 0.00510118043845 0.00594435075885 0.00931703204047 0.0447301854975 0.0894182124789 0.035455311973 0.0691821247892 0.0565345699831 0.0582209106239 0.16694772344
13 0.0202782462057 0.0202782462057 0.0497892074199 0.0287099494098 0.031239460371 0.0143760539629 0.0362984822934 0.0641231028668 0.0868887015177 0.0793001686341 0.0110033726813 0.0641231028668 0.0143760539629 0.0261804384486 0.109654300169 0.0683389544688 0.0455733558179 0.0320826306914 0.00172849915683 0.027023608769 0.168634064081
14 0.0514755480607 0.00847386172007 0.0388279932546 0.0599072512648 0.00678752107926 0.109654300169 0.0295531197302 0.0202782462057 0.0733979763912 0.0228077571669 0.00425801011804 0.0733979763912 0.0809865092749 0.0405143338954 0.0438870151771 0.0742411467116 0.0287099494098 0.0337689713322 0.00763069139966 0.0194350758853 0.172006745363
15 0.0346121416526 0.00763069139966 0.0607504215852 0.0590640809444 0.00763069139966 0.075084317032 0.0253372681282 0.0135328836425 0.0599072512648 0.0202782462057 0.00510118043845 0.166146711636 0.0219645868465 0.0371416526138 0.035455311973 0.0742411467116 0.0346121416526 0.0169055649241 0.00425801011804 0.0135328836425 0.226812816189
16 0.039629005059 0.00674536256324 0.035413153457 0.0345699831366 0.00590219224283 0.136593591906 0.0160202360877 0.00505902192243 0.0455311973019 0.0261382799325 0.00168634064081 0.039629005059 0.0784148397976 0.0379426644182 0.035413153457 0.079258010118 0.0674536256324 0.0109612141653 0.00337268128162 0.00674536256324 0.287521079258
17 0.035413153457 0.00758853288364 0.0345699831366 0.0252951096121 0.0101180438449 0.235244519393 0.0185497470489 0.00843170320405 0.0598650927487 0.0185497470489 0.00843170320405 0.0472175379427 0.0177065767285 0.0286677908938 0.0615514333895 0.0480607082631 0.026981450253 0.0134907251265 0.00421585160202 0.00927487352445 0.280775716695
18 0.0640809443508 0.0151770657673 0.0151770657673 0.0404721753794 0.0151770657673 0.0539629005059 0.0227655986509 0.0404721753794 0.0893760539629 0.0387858347386 0.0134907251265 0.026981450253 0.0548060708263 0.031197301855 0.0741989881956 0.0539629005059 0.0337268128162 0.0556492411467 0.00421585160202 0.0126475548061 0.243676222597
19 0.202360876897 0.0219224283305 0.0134907251265 0.0143338954469 0.0160202360877 0.173693086003 0.00674536256324 0.0345699831366 0.0202360876897 0.0193929173693 0.0227655986509 0.0193929173693 0.00337268128162 0.00590219224283 0.0219224283305 0.0868465430017 0.0581787521079 0.0691399662732 0.00168634064081 0.0177065767285 0.170320404722
20 0.136593591906 0.0143338954469 0.00674536256324 0.00843170320405 0.00590219224283 0.47976391231 0.00421585160202 0.0101180438449 0.0168634064081 0.00758853288364 0.00252951096121 0.0151770657673 0.00337268128162 0.00758853288364 0.0244519392917 0.0725126475548 0.0252951096121 0.0219224283305 0.00758853288364 0.00674536256324 0.122259696459
21 0.136593591906 0.0573355817875 0.00252951096121 0.00252951096121 0.0649241146712 0.0320404721754 0.00927487352445 0.106239460371 0.0134907251265 0.0623946037099 0.0177065767285 0.00337268128162 0.00421585160202 0.00927487352445 0.0126475548061 0.0505902192243 0.0345699831366 0.079258010118 0.0961214165261 0.0809443507589 0.123946037099
22 0.225969645868 0.00843170320405 0.00505902192243 0.00843170320405 0.00421585160202 0.491568296796 0.000843170320405 0.00505902192243 0.00252951096121 0.00505902192243 0.00421585160202 0.00252951096121 0.00505902192243 0.00674536256324 0.0160202360877 0.0564924114671 0.0160202360877 0.0210792580101 0.000843170320405 0.00252951096121 0.111298482293
23 0.133220910624 0.0337268128162 0.00168634064081 0.00168634064081 0.0817875210793 0.114671163575 0.0 0.0986509274874 0.000843170320405 0.043844856661 0.0101180438449 0.00168634064081 0.00337268128162 0.0 0.00674536256324 0.0261382799325 0.0126475548061 0.169477234401 0.0767284991568 0.070826306914 0.112141652614
24 0.108768971332 0.0202360876897 0.000843170320405 0.00337268128162 0.043844856661 0.00927487352445 0.0118043844857 0.14502529511 0.0109612141653 0.070826306914 0.0160202360877 0.00505902192243 0.0 0.00505902192243 0.00590219224283 0.0193929173693 0.0303541315346 0.281618887015 0.0295109612142 0.0657672849916 0.116357504216
25 0.0691399662732 0.0337268128162 0.00843170320405 0.00590219224283 0.0741989881956 0.0548060708263 0.0118043844857 0.179595278246 0.00674536256324 0.142495784148 0.0151770657673 0.00505902192243 0.00421585160202 0.00674536256324 0.0185497470489 0.0387858347386 0.0160202360877 0.132377740304 0.0261382799325 0.0370994940978 0.112984822934
26 0.0303541315346 0.0143338954469 0.00843170320405 0.0463743676223 0.0362563237774 0.031197301855 0.0202360876897 0.0430016863406 0.0514333895447 0.0505902192243 0.0109612141653 0.0143338954469 0.0455311973019 0.0370994940978 0.188870151771 0.0387858347386 0.0430016863406 0.102023608769 0.0151770657673 0.0649241146712 0.107082630691
27 0.0379426644182 0.0126475548061 0.186340640809 0.0379426644182 0.0286677908938 0.0421585160202 0.0303541315346 0.0236087689713 0.0320404721754 0.0387858347386 0.000843170320405 0.0935919055649 0.0337268128162 0.0286677908938 0.0337268128162 0.079258010118 0.0446880269815 0.0210792580101 0.0185497470489 0.0548060708263 0.120573355818
28 0.0320404721754 0.00590219224283 0.0969645868465 0.0598650927487 0.00927487352445 0.18802698145 0.0295109612142 0.0101180438449 0.0413153456998 0.0278246205734 0.00421585160202 0.0927487352445 0.0564924114671 0.0370994940978 0.039629005059 0.0539629005059 0.0472175379427 0.0168634064081 0.00421585160202 0.00758853288364 0.139123102867
29 0.0286677908938 0.00505902192243 0.079258010118 0.0674536256324 0.00674536256324 0.254637436762 0.0261382799325 0.0118043844857 0.0480607082631 0.0227655986509 0.00590219224283 0.0564924114671 0.0286677908938 0.0379426644182 0.0387858347386 0.0640809443508 0.0345699831366 0.0160202360877 0.00505902192243 0.00590219224283 0.155986509275
30 0.0430016863406 0.0109612141653 0.0413153456998 0.0834738617201 0.0505902192243 0.0345699831366 0.0387858347386 0.0446880269815 0.0463743676223 0.0413153456998 0.0168634064081 0.026981450253 0.0244519392917 0.0379426644182 0.0548060708263 0.0632377740304 0.0430016863406 0.070826306914 0.043844856661 0.0177065767285 0.165261382799
31 0.0328836424958 0.0185497470489 0.0210792580101 0.070826306914 0.0404721753794 0.0210792580101 0.0168634064081 0.107925801012 0.0413153456998 0.0758853288364 0.0118043844857 0.026981450253 0.0581787521079 0.0337268128162 0.0480607082631 0.0421585160202 0.0379426644182 0.109612141653 0.0210792580101 0.0244519392917 0.139123102867
32 0.0539629005059 0.0160202360877 0.0219224283305 0.0455311973019 0.0320404721754 0.0472175379427 0.0337268128162 0.0699831365936 0.0699831365936 0.107082630691 0.0202360876897 0.0193929173693 0.00758853288364 0.0328836424958 0.0716694772344 0.0463743676223 0.043844856661 0.0539629005059 0.0219224283305 0.0480607082631 0.136593591906
33 0.0935919055649 0.0118043844857 0.0286677908938 0.0767284991568 0.0278246205734 0.0817875210793 0.0404721753794 0.0328836424958 0.0413153456998 0.0472175379427 0.0160202360877 0.075042158516 0.0151770657673 0.0463743676223 0.0497470489039 0.070826306914 0.0514333895447 0.0379426644182 0.0134907251265 0.0143338954469 0.127318718381
34 0.0784148397976 0.0210792580101 0.0151770657673 0.0295109612142 0.116357504216 0.0497470489039 0.0252951096121 0.0809443507589 0.031197301855 0.0986509274874 0.0252951096121 0.0109612141653 0.00927487352445 0.0244519392917 0.0286677908938 0.0539629005059 0.043844856661 0.0573355817875 0.0295109612142 0.0573355817875 0.112984822934
35 0.123946037099 0.0236087689713 0.0160202360877 0.0219224283305 0.0345699831366 0.0843170320405 0.0244519392917 0.0177065767285 0.0623946037099 0.0362563237774 0.00758853288364 0.0219224283305 0.0210792580101 0.0278246205734 0.0581787521079 0.186340640809 0.0421585160202 0.0328836424958 0.0101180438449 0.0413153456998 0.105396290051
36 0.0505902192243 0.0202360876897 0.0134907251265 0.0497470489039 0.0261382799325 0.155143338954 0.0143338954469 0.0320404721754 0.0741989881956 0.0784148397976 0.0109612141653 0.0278246205734 0.0505902192243 0.0236087689713 0.0860033726813 0.0590219224283 0.0295109612142 0.0497470489039 0.0143338954469 0.0227655986509 0.111298482293
37 0.0505902192243 0.0185497470489 0.0219224283305 0.0286677908938 0.0345699831366 0.0826306913997 0.0227655986509 0.0598650927487 0.0556492411467 0.109612141653 0.0160202360877 0.035413153457 0.079258010118 0.0252951096121 0.0421585160202 0.0767284991568 0.0362563237774 0.0497470489039 0.00337268128162 0.0303541315346 0.120573355818
38 0.035413153457 0.0219224283305 0.0379426644182 0.0758853288364 0.0430016863406 0.0539629005059 0.0252951096121 0.0573355817875 0.0379426644182 0.12478920742 0.0118043844857 0.031197301855 0.0657672849916 0.0252951096121 0.0548060708263 0.0590219224283 0.0489038785835 0.0598650927487 0.00590219224283 0.0261382799325 0.0978077571669
39 0.0506323777403 0.0126897133221 0.0632799325464 0.0556913996627 0.031239460371 0.160244519393 0.0303962900506 0.0194350758853 0.0523187183811 0.0379848229342 0.00594435075885 0.0422006745363 0.0835160202361 0.0295531197302 0.0540050590219 0.0523187183811 0.0506323777403 0.0228077571669 0.00425801011804 0.0194350758853 0.121416526138
40 0.0598650927487 0.035413153457 0.0539629005059 0.0548060708263 0.0244519392917 0.0573355817875 0.0379426644182 0.0522765598651 0.0489038785835 0.0446880269815 0.0134907251265 0.0598650927487 0.0463743676223 0.0303541315346 0.0522765598651 0.0505902192243 0.0480607082631 0.0657672849916 0.00674536256324 0.0261382799325 0.130691399663
41 0.105396290051 0.0514333895447 0.0193929173693 0.0168634064081 0.0143338954469 0.0564924114671 0.0379426644182 0.0278246205734 0.0278246205734 0.0548060708263 0.0151770657673 0.0345699831366 0.0489038785835 0.0682967959528 0.0337268128162 0.102866779089 0.116357504216 0.0472175379427 0.0118043844857 0.0236087689713 0.0851602023609
42 0.0118465430017 0.0160623946037 0.0902613827993 0.0320826306914 0.00678752107926 0.0202782462057 0.0143760539629 0.00763069139966 0.0160623946037 0.0185919055649 0.00678752107926 0.0658094435076 0.0152192242833 0.00931703204047 0.0211214165261 0.282504215852 0.272386172007 0.00510118043845 0.00172849915683 0.00931703204047 0.0767284991568
43 0.117200674536 0.00337268128162 0.00421585160202 0.0168634064081 0.00505902192243 0.0151770657673 0.0118043844857 0.101180438449 0.0126475548061 0.0168634064081 0.00252951096121 0.195615514334 0.0733558178752 0.0168634064081 0.0151770657673 0.151770657673 0.0286677908938 0.127318718381 0.0 0.00758853288364 0.0767284991568
44 0.035413153457 0.00421585160202 0.026981450253 0.0286677908938 0.0935919055649 0.0193929173693 0.0345699831366 0.039629005059 0.0109612141653 0.111298482293 0.0143338954469 0.197301854975 0.0151770657673 0.0843170320405 0.0185497470489 0.0337268128162 0.0573355817875 0.0337268128162 0.00168634064081 0.0657672849916 0.0733558178752
45 0.0581787521079 0.00590219224283 0.0657672849916 0.118887015177 0.0227655986509 0.0210792580101 0.0345699831366 0.0489038785835 0.0303541315346 0.0421585160202 0.0303541315346 0.0134907251265 0.00674536256324 0.0902192242833 0.113827993255 0.0345699831366 0.079258010118 0.0741989881956 0.0126475548061 0.026981450253 0.0691399662732
46 0.533726812816 0.0252951096121 0.00252951096121 0.00590219224283 0.00590219224283 0.0860033726813 0.00252951096121 0.0118043844857 0.0101180438449 0.0598650927487 0.0404721753794 0.00421585160202 0.00927487352445 0.00252951096121 0.0118043844857 0.0463743676223 0.0345699831366 0.0514333895447 0.0 0.00337268128162 0.0522765598651
47 0.0160623946037 0.000885328836425 0.0152192242833 0.80021079258 0.000885328836425 0.0101602023609 0.00341483979764 0.00425801011804 0.031239460371 0.00678752107926 0.00172849915683 0.00425801011804 0.00341483979764 0.0118465430017 0.00425801011804 0.00678752107926 0.0110033726813 0.0118465430017 0.00172849915683 0.00341483979764 0.0505902192243
48 0.12563237774 0.0177065767285 0.00168634064081 0.0143338954469 0.0421585160202 0.0101180438449 0.000843170320405 0.106239460371 0.00252951096121 0.379426644182 0.0463743676223 0.00252951096121 0.00337268128162 0.00505902192243 0.00505902192243 0.0177065767285 0.0286677908938 0.0531197301855 0.0101180438449 0.0809443507589 0.0463743676223
49 0.0801011804384 0.0177065767285 0.00590219224283 0.0885328836425 0.0345699831366 0.0151770657673 0.0278246205734 0.0581787521079 0.0362563237774 0.174536256324 0.0674536256324 0.0168634064081 0.00252951096121 0.0497470489039 0.0522765598651 0.0379426644182 0.043844856661 0.066610455312 0.0236087689713 0.0573355817875 0.0430016863406
50 0.675379426644 0.00927487352445 0.00421585160202 0.00590219224283 0.00168634064081 0.148397976391 0.00168634064081 0.00505902192243 0.00168634064081 0.00421585160202 0.00505902192243 0.000843170320405 0.00505902192243 0.00337268128162 0.0 0.0446880269815 0.0227655986509 0.0202360876897 0.000843170320405 0.000843170320405 0.0387858347386
51 0.100337268128 0.0472175379427 0.00168634064081 0.00421585160202 0.0320404721754 0.00674536256324 0.00168634064081 0.307757166948 0.000843170320405 0.23018549747 0.035413153457 0.00337268128162 0.00168634064081 0.00252951096121 0.00168634064081 0.00758853288364 0.0126475548061 0.160202360877 0.000843170320405 0.00337268128162 0.0379426644182
52 0.0657672849916 0.0193929173693 0.0118043844857 0.0328836424958 0.0278246205734 0.0134907251265 0.0177065767285 0.149241146712 0.0632377740304 0.236930860034 0.0168634064081 0.0202360876897 0.00168634064081 0.0227655986509 0.0767284991568 0.0286677908938 0.0328836424958 0.0598650927487 0.0160202360877 0.0472175379427 0.0387858347386
53 0.0893760539629 0.0134907251265 0.0303541315346 0.142495784148 0.031197301855 0.0134907251265 0.0522765598651 0.031197301855 0.0860033726813 0.115514333895 0.043844856661 0.0295109612142 0.00337268128162 0.0472175379427 0.0657672849916 0.0295109612142 0.0362563237774 0.0261382799325 0.0345699831366 0.0421585160202 0.0362563237774
54 0.5413153457 0.0168634064081 0.00421585160202 0.00590219224283 0.00337268128162 0.231871838111 0.000843170320405 0.00843170320405 0.000843170320405 0.0236087689713 0.00252951096121 0.00337268128162 0.00252951096121 0.00168634064081 0.00505902192243 0.039629005059 0.0252951096121 0.0413153456998 0.00252951096121 0.00252951096121 0.0362563237774
55 0.0345699831366 0.0160202360877 0.000843170320405 0.00421585160202 0.0337268128162 0.0 0.00674536256324 0.141652613828 0.00252951096121 0.527824620573 0.0531197301855 0.0 0.00252951096121 0.00252951096121 0.00421585160202 0.00421585160202 0.0168634064081 0.107925801012 0.000843170320405 0.00421585160202 0.035413153457
56 0.0328836424958 0.00927487352445 0.0531197301855 0.176222596965 0.00421585160202 0.0185497470489 0.0261382799325 0.0236087689713 0.135750421585 0.066610455312 0.0109612141653 0.0320404721754 0.00421585160202 0.10370994941 0.132377740304 0.0682967959528 0.0286677908938 0.0185497470489 0.00590219224283 0.0126475548061 0.0362563237774
57 0.0801011804384 0.0202360876897 0.0252951096121 0.0236087689713 0.0430016863406 0.00674536256324 0.0522765598651 0.0826306913997 0.0404721753794 0.159359190556 0.035413153457 0.0143338954469 0.000843170320405 0.0379426644182 0.066610455312 0.0573355817875 0.0463743676223 0.0505902192243 0.0607082630691 0.0564924114671 0.039629005059
58 0.333937605396 0.0371416526138 0.00594435075885 0.00425801011804 0.0489460370995 0.0202782462057 0.0152192242833 0.108811129848 0.000885328836425 0.158558178752 0.027023608769 0.00594435075885 0.00425801011804 0.00425801011804 0.0135328836425 0.0244940978078 0.035455311973 0.0902613827993 0.00510118043845 0.00847386172007 0.0472175379427
59 0.0640809443508 0.0143338954469 0.0244519392917 0.0505902192243 0.0143338954469 0.0210792580101 0.0261382799325 0.0699831365936 0.0961214165261 0.126475548061 0.0177065767285 0.0345699831366 0.0691399662732 0.0514333895447 0.0649241146712 0.043844856661 0.0362563237774 0.0590219224283 0.0387858347386 0.0185497470489 0.0581787521079
60 0.0480607082631 0.0126475548061 0.0548060708263 0.0758853288364 0.0134907251265 0.186340640809 0.0286677908938 0.0185497470489 0.0767284991568 0.031197301855 0.00674536256324 0.0826306913997 0.0455311973019 0.0387858347386 0.0733558178752 0.0581787521079 0.0320404721754 0.0177065767285 0.00505902192243 0.0134907251265 0.0801011804384
61 0.0505902192243 0.0177065767285 0.0733558178752 0.0303541315346 0.0725126475548 0.0590219224283 0.0236087689713 0.0826306913997 0.0345699831366 0.075042158516 0.0143338954469 0.0573355817875 0.0623946037099 0.0193929173693 0.039629005059 0.0480607082631 0.0370994940978 0.0581787521079 0.0202360876897 0.0514333895447 0.0725126475548
62 0.0505902192243 0.0261382799325 0.0463743676223 0.0657672849916 0.0168634064081 0.0539629005059 0.0379426644182 0.0118043844857 0.105396290051 0.0286677908938 0.0151770657673 0.0446880269815 0.0227655986509 0.0725126475548 0.114671163575 0.0919055649241 0.0935919055649 0.0278246205734 0.00168634064081 0.0118043844857 0.0598650927487
63 0.0244519392917 0.0151770657673 0.0573355817875 0.075042158516 0.00758853288364 0.0227655986509 0.0657672849916 0.0185497470489 0.126475548061 0.0109612141653 0.00758853288364 0.0885328836425 0.0944350758853 0.043844856661 0.126475548061 0.0843170320405 0.0522765598651 0.0303541315346 0.00590219224283 0.00674536256324 0.035413153457
64 0.0573355817875 0.0126475548061 0.00674536256324 0.00168634064081 0.0362563237774 0.0101180438449 0.00421585160202 0.242833052277 0.00505902192243 0.219224283305 0.0185497470489 0.00337268128162 0.00252951096121 0.00337268128162 0.00421585160202 0.00927487352445 0.0261382799325 0.274030354132 0.00843170320405 0.0193929173693 0.0345699831366
65 0.0379426644182 0.0210792580101 0.0185497470489 0.0725126475548 0.0252951096121 0.0 0.0514333895447 0.159359190556 0.0320404721754 0.0935919055649 0.0143338954469 0.0404721753794 0.00674536256324 0.0252951096121 0.0362563237774 0.0244519392917 0.112141652614 0.147554806071 0.0244519392917 0.0236087689713 0.0328836424958
66 0.0134907251265 0.0227655986509 0.00168634064081 0.00252951096121 0.070826306914 0.00168634064081 0.00252951096121 0.435919055649 0.00337268128162 0.147554806071 0.0168634064081 0.00168634064081 0.00252951096121 0.00337268128162 0.00421585160202 0.00505902192243 0.00590219224283 0.220067453626 0.000843170320405 0.00590219224283 0.031197301855
67 0.039629005059 0.0362563237774 0.00590219224283 0.150084317032 0.151770657673 0.0109612141653 0.0455311973019 0.0489038785835 0.0387858347386 0.0910623946037 0.0160202360877 0.0134907251265 0.00252951096121 0.0252951096121 0.0556492411467 0.0126475548061 0.00421585160202 0.0590219224283 0.0134907251265 0.14586846543 0.0328836424958
68 0.0261382799325 0.0387858347386 0.00168634064081 0.00421585160202 0.00421585160202 0.070826306914 0.0101180438449 0.035413153457 0.00421585160202 0.031197301855 0.0244519392917 0.0109612141653 0.00168634064081 0.00252951096121 0.0101180438449 0.281618887015 0.360033726813 0.031197301855 0.00337268128162 0.0143338954469 0.0328836424958
69 0.00843170320405 0.00252951096121 0.793423271501 0.0151770657673 0.00168634064081 0.00927487352445 0.0101180438449 0.00337268128162 0.00843170320405 0.00168634064081 0.00252951096121 0.0345699831366 0.00505902192243 0.00168634064081 0.0134907251265 0.026981450253 0.0118043844857 0.00674536256324 0.0 0.00505902192243 0.0379426644182
70 0.0345699831366 0.119730185497 0.0177065767285 0.00927487352445 0.0134907251265 0.00421585160202 0.00590219224283 0.00421585160202 0.00168634064081 0.0151770657673 0.00168634064081 0.121416526138 0.00505902192243 0.00337268128162 0.00337268128162 0.549747048904 0.00674536256324 0.00590219224283 0.0 0.0202360876897 0.0564924114671
71 0.0522765598651 0.00505902192243 0.0244519392917 0.0801011804384 0.00843170320405 0.0143338954469 0.0109612141653 0.0261382799325 0.140809443508 0.118887015177 0.0286677908938 0.0227655986509 0.00843170320405 0.186340640809 0.079258010118 0.0615514333895 0.0480607082631 0.0134907251265 0.00421585160202 0.00843170320405 0.0573355817875
72 0.105396290051 0.00421585160202 0.031197301855 0.0387858347386 0.0404721753794 0.031197301855 0.0101180438449 0.0337268128162 0.0143338954469 0.0902192242833 0.0143338954469 0.0522765598651 0.0227655986509 0.031197301855 0.0219224283305 0.118887015177 0.070826306914 0.0421585160202 0.0118043844857 0.150084317032 0.0640809443508
73 0.254637436762 0.0219224283305 0.00252951096121 0.00421585160202 0.00758853288364 0.00674536256324 0.0 0.0801011804384 0.000843170320405 0.175379426644 0.0185497470489 0.00674536256324 0.000843170320405 0.0 0.00168634064081 0.0463743676223 0.0362563237774 0.265598650927 0.000843170320405 0.000843170320405 0.0682967959528
74 0.0564924114671 0.0236087689713 0.00337268128162 0.00758853288364 0.0227655986509 0.00421585160202 0.00337268128162 0.256323777403 0.0168634064081 0.198145025295 0.026981450253 0.00590219224283 0.00337268128162 0.0109612141653 0.0151770657673 0.0202360876897 0.0219224283305 0.227655986509 0.00421585160202 0.0227655986509 0.0480607082631
75 0.0463743676223 0.00505902192243 0.10370994941 0.0767284991568 0.00505902192243 0.0463743676223 0.0252951096121 0.0134907251265 0.105396290051 0.0278246205734 0.0168634064081 0.123102866779 0.00590219224283 0.110455311973 0.0952782462057 0.0699831365936 0.0387858347386 0.0109612141653 0.00337268128162 0.0177065767285 0.0522765598651
76 0.163575042159 0.0455311973019 0.0185497470489 0.0236087689713 0.0210792580101 0.0801011804384 0.0252951096121 0.0463743676223 0.0286677908938 0.0817875210793 0.0345699831366 0.0303541315346 0.0 0.0758853288364 0.0337268128162 0.0876897133221 0.0581787521079 0.0387858347386 0.0202360876897 0.0185497470489 0.0674536256324
77 0.0413153456998 0.0160202360877 0.000843170320405 0.00421585160202 0.0615514333895 0.00337268128162 0.00505902192243 0.244519392917 0.00337268128162 0.307757166948 0.0556492411467 0.00252951096121 0.00843170320405 0.00421585160202 0.00505902192243 0.0101180438449 0.0151770657673 0.122259696459 0.00674536256324 0.0168634064081 0.0649241146712
78 0.0615514333895 0.0134907251265 0.039629005059 0.0505902192243 0.0126475548061 0.0278246205734 0.0286677908938 0.0126475548061 0.0809443507589 0.0480607082631 0.0109612141653 0.144182124789 0.0109612141653 0.0817875210793 0.0691399662732 0.0767284991568 0.115514333895 0.0227655986509 0.00337268128162 0.0118043844857 0.0767284991568
79 0.0421585160202 0.0109612141653 0.0505902192243 0.0556492411467 0.0101180438449 0.110455311973 0.0227655986509 0.0101180438449 0.107082630691 0.0168634064081 0.00590219224283 0.101180438449 0.00758853288364 0.0328836424958 0.075042158516 0.0986509274874 0.043844856661 0.0118043844857 0.000843170320405 0.0101180438449 0.175379426644
80 0.0177065767285 0.00674536256324 0.0227655986509 0.0118043844857 0.0219224283305 0.031197301855 0.0177065767285 0.0101180438449 0.0227655986509 0.035413153457 0.00421585160202 0.0177065767285 0.0227655986509 0.0134907251265 0.0379426644182 0.0244519392917 0.0134907251265 0.00927487352445 0.111298482293 0.0261382799325 0.52107925801
81 0.0278246205734 0.00927487352445 0.0118043844857 0.0109612141653 0.00927487352445 0.0109612141653 0.00674536256324 0.0623946037099 0.0177065767285 0.0978077571669 0.0261382799325 0.00505902192243 0.0126475548061 0.00927487352445 0.0227655986509 0.0126475548061 0.00927487352445 0.0328836424958 0.000843170320405 0.0177065767285 0.586003372681
82 0.0244519392917 0.00421585160202 0.0252951096121 0.0455311973019 0.0118043844857 0.0185497470489 0.0160202360877 0.00758853288364 0.0345699831366 0.0168634064081 0.00252951096121 0.0219224283305 0.0463743676223 0.0168634064081 0.0202360876897 0.0303541315346 0.0303541315346 0.0126475548061 0.00843170320405 0.0118043844857 0.593591905565
83 0.0126475548061 0.00252951096121 0.0160202360877 0.0320404721754 0.00421585160202 0.0522765598651 0.00927487352445 0.0143338954469 0.0623946037099 0.0160202360877 0.00252951096121 0.0278246205734 0.0185497470489 0.0118043844857 0.0328836424958 0.0320404721754 0.0236087689713 0.0168634064081 0.00252951096121 0.00758853288364 0.602023608769
84 0.00505902192243 0.00337268128162 0.00590219224283 0.00590219224283 0.0109612141653 0.00421585160202 0.0118043844857 0.00843170320405 0.00843170320405 0.0118043844857 0.00421585160202 0.0134907251265 0.00843170320405 0.00758853288364 0.0109612141653 0.00843170320405 0.00505902192243 0.00590219224283 0.18802698145 0.0143338954469 0.657672849916
85 0.0295109612142 0.00421585160202 0.0118043844857 0.0505902192243 0.00674536256324 0.00505902192243 0.00758853288364 0.00927487352445 0.0573355817875 0.0151770657673 0.00674536256324 0.0118043844857 0.00674536256324 0.0227655986509 0.0345699831366 0.0193929173693 0.00843170320405 0.0126475548061 0.0 0.00168634064081 0.677908937605
86 0.0295109612142 0.000843170320405 0.0345699831366 0.0219224283305 0.00421585160202 0.00674536256324 0.0101180438449 0.00927487352445 0.039629005059 0.0177065767285 0.00590219224283 0.0118043844857 0.0126475548061 0.0244519392917 0.0480607082631 0.0202360876897 0.0168634064081 0.00505902192243 0.00168634064081 0.00421585160202 0.674536256324
87 0.0168634064081 0.00168634064081 0.0118043844857 0.0219224283305 0.00337268128162 0.0244519392917 0.00590219224283 0.00337268128162 0.0295109612142 0.0101180438449 0.0 0.0876897133221 0.00337268128162 0.0134907251265 0.0489038785835 0.0177065767285 0.0151770657673 0.00843170320405 0.00421585160202 0.00421585160202 0.667790893761
88 0.0236087689713 0.00421585160202 0.0480607082631 0.0505902192243 0.00337268128162 0.182967959528 0.0101180438449 0.00843170320405 0.0286677908938 0.0134907251265 0.00421585160202 0.0472175379427 0.0278246205734 0.0177065767285 0.0303541315346 0.0278246205734 0.0210792580101 0.0134907251265 0.00168634064081 0.00505902192243 0.430016863406
89 0.0151770657673 0.00505902192243 0.00505902192243 0.00927487352445 0.0581787521079 0.00843170320405 0.00674536256324 0.0118043844857 0.00927487352445 0.0219224283305 0.0109612141653 0.00927487352445 0.0244519392917 0.00927487352445 0.0202360876897 0.0244519392917 0.0210792580101 0.00674536256324 0.210792580101 0.0623946037099 0.449409780776
90 0.031197301855 0.00674536256324 0.0202360876897 0.0370994940978 0.00505902192243 0.0278246205734 0.0109612141653 0.0421585160202 0.10455311973 0.0505902192243 0.0160202360877 0.0185497470489 0.0320404721754 0.039629005059 0.0986509274874 0.0362563237774 0.0472175379427 0.0379426644182 0.000843170320405 0.00505902192243 0.331365935919
91 0.0370994940978 0.0143338954469 0.0177065767285 0.0227655986509 0.00421585160202 0.0236087689713 0.00674536256324 0.0160202360877 0.0598650927487 0.0160202360877 0.00758853288364 0.0564924114671 0.0252951096121 0.0202360876897 0.0404721753794 0.0413153456998 0.0902192242833 0.0210792580101 0.00252951096121 0.00758853288364 0.468802698145
92 0.0674536256324 0.00421585160202 0.00843170320405 0.0219224283305 0.00505902192243 0.035413153457 0.00927487352445 0.0193929173693 0.0573355817875 0.026981450253 0.00421585160202 0.0286677908938 0.0370994940978 0.0252951096121 0.0505902192243 0.0978077571669 0.031197301855 0.0151770657673 0.00168634064081 0.00843170320405 0.444350758853
93 0.0328836424958 0.00505902192243 0.0784148397976 0.0202360876897 0.00590219224283 0.0320404721754 0.0109612141653 0.00927487352445 0.0539629005059 0.0151770657673 0.00168634064081 0.0421585160202 0.0261382799325 0.0219224283305 0.0539629005059 0.0817875210793 0.0430016863406 0.0126475548061 0.00168634064081 0.00590219224283 0.445193929174
94 0.0244519392917 0.00843170320405 0.0236087689713 0.026981450253 0.0101180438449 0.183811129848 0.0109612141653 0.0160202360877 0.0430016863406 0.0219224283305 0.00505902192243 0.0387858347386 0.0219224283305 0.0219224283305 0.0345699831366 0.0328836424958 0.0160202360877 0.0151770657673 0.000843170320405 0.00927487352445 0.434232715008
95 0.0261382799325 0.00337268128162 0.0210792580101 0.0564924114671 0.00674536256324 0.0497470489039 0.0193929173693 0.0151770657673 0.0868465430017 0.0261382799325 0.00421585160202 0.0328836424958 0.0168634064081 0.0590219224283 0.0480607082631 0.0623946037099 0.0404721753794 0.0202360876897 0.00337268128162 0.0109612141653 0.390387858347
96 0.0328836424958 0.00505902192243 0.0455311973019 0.0430016863406 0.0202360876897 0.0463743676223 0.0252951096121 0.0261382799325 0.0362563237774 0.0505902192243 0.0143338954469 0.0236087689713 0.155143338954 0.0160202360877 0.0430016863406 0.0573355817875 0.0219224283305 0.0295109612142 0.00168634064081 0.0362563237774 0.26981450253
97 0.0539629005059 0.0210792580101 0.0143338954469 0.0227655986509 0.0151770657673 0.0177065767285 0.0345699831366 0.106239460371 0.0219224283305 0.0860033726813 0.00505902192243 0.0118043844857 0.0362563237774 0.0185497470489 0.035413153457 0.0472175379427 0.0463743676223 0.142495784148 0.0151770657673 0.0143338954469 0.233558178752
98 0.0902192242833 0.00337268128162 0.0219224283305 0.0590219224283 0.00758853288364 0.0286677908938 0.0177065767285 0.0370994940978 0.108768971332 0.0505902192243 0.00674536256324 0.0244519392917 0.0615514333895 0.0370994940978 0.0699831365936 0.0598650927487 0.0430016863406 0.0455311973019 0.00674536256324 0.0143338954469 0.205733558179
99 0.0278246205734 0.0118043844857 0.0295109612142 0.0387858347386 0.0387858347386 0.0193929173693 0.0657672849916 0.043844856661 0.0101180438449 0.0775716694772 0.0185497470489 0.195615514334 0.00758853288364 0.0143338954469 0.0202360876897 0.0649241146712 0.0320404721754 0.0286677908938 0.00674536256324 0.0581787521079 0.189713322091
100 0.0944350758853 0.0143338954469 0.0236087689713 0.0236087689713 0.0151770657673 0.0404721753794 0.0328836424958 0.0328836424958 0.0657672849916 0.0573355817875 0.00843170320405 0.031197301855 0.0463743676223 0.0699831365936 0.0952782462057 0.0598650927487 0.0370994940978 0.0404721753794 0.0101180438449 0.0244519392917 0.176222596965
101 0.0674536256324 0.00590219224283 0.135750421585 0.126475548061 0.0118043844857 0.0387858347386 0.026981450253 0.035413153457 0.0531197301855 0.0421585160202 0.0143338954469 0.0480607082631 0.0674536256324 0.0404721753794 0.0590219224283 0.0649241146712 0.0421585160202 0.0328836424958 0.00590219224283 0.0101180438449 0.070826306914
102 0.0337268128162 0.0151770657673 0.0101180438449 0.043844856661 0.0522765598651 0.00590219224283 0.0126475548061 0.172849915683 0.0193929173693 0.307757166948 0.0202360876897 0.00590219224283 0.00843170320405 0.0252951096121 0.0202360876897 0.0126475548061 0.0320404721754 0.0682967959528 0.0109612141653 0.0489038785835 0.0733558178752
103 0.0430016863406 0.0177065767285 0.00337268128162 0.00843170320405 0.075042158516 0.00337268128162 0.0160202360877 0.130691399663 0.0303541315346 0.161888701518 0.0303541315346 0.00590219224283 0.00337268128162 0.0168634064081 0.0421585160202 0.0227655986509 0.0219224283305 0.112984822934 0.138279932546 0.0455311973019 0.0699831365936
104 0.0632377740304 0.00843170320405 0.0581787521079 0.117200674536 0.0101180438449 0.0185497470489 0.0286677908938 0.0210792580101 0.12563237774 0.0480607082631 0.0210792580101 0.0455311973019 0.0126475548061 0.107082630691 0.131534569983 0.0548060708263 0.026981450253 0.0202360876897 0.00252951096121 0.0126475548061 0.0657672849916
105 0.0978077571669 0.0118043844857 0.0910623946037 0.153456998314 0.0168634064081 0.0101180438449 0.0168634064081 0.0379426644182 0.0843170320405 0.0674536256324 0.0134907251265 0.0328836424958 0.0126475548061 0.0733558178752 0.0801011804384 0.0514333895447 0.0320404721754 0.0236087689713 0.00843170320405 0.0168634064081 0.0674536256324
106 0.0725126475548 0.039629005059 0.00337268128162 0.00337268128162 0.0430016863406 0.00421585160202 0.00421585160202 0.317032040472 0.00337268128162 0.220067453626 0.0303541315346 0.00758853288364 0.00337268128162 0.00505902192243 0.0143338954469 0.0210792580101 0.0328836424958 0.0868465430017 0.00843170320405 0.0202360876897 0.0590219224283
107 0.0640809443508 0.0118043844857 0.0581787521079 0.0489038785835 0.0261382799325 0.0151770657673 0.0455311973019 0.0531197301855 0.0826306913997 0.106239460371 0.0227655986509 0.0370994940978 0.00843170320405 0.0691399662732 0.116357504216 0.035413153457 0.026981450253 0.0514333895447 0.0261382799325 0.026981450253 0.0674536256324
108 0.0902192242833 0.0118043844857 0.0843170320405 0.142495784148 0.0202360876897 0.0286677908938 0.0286677908938 0.0210792580101 0.0952782462057 0.0514333895447 0.00590219224283 0.0463743676223 0.00843170320405 0.0522765598651 0.0851602023609 0.0699831365936 0.0480607082631 0.0193929173693 0.00337268128162 0.0185497470489 0.0682967959528
109 0.0640809443508 0.0193929173693 0.0101180438449 0.0379426644182 0.0480607082631 0.0143338954469 0.0134907251265 0.0876897133221 0.0295109612142 0.319561551433 0.0404721753794 0.0160202360877 0.00505902192243 0.0362563237774 0.0497470489039 0.0261382799325 0.031197301855 0.0328836424958 0.0185497470489 0.0286677908938 0.070826306914
110 0.0801011804384 0.0286677908938 0.0109612141653 0.0295109612142 0.0278246205734 0.0168634064081 0.0134907251265 0.106239460371 0.0472175379427 0.231871838111 0.0505902192243 0.0193929173693 0.00927487352445 0.026981450253 0.0446880269815 0.0590219224283 0.0244519392917 0.0607082630691 0.0126475548061 0.0219224283305 0.0775716694772
111 0.0640809443508 0.00758853288364 0.0674536256324 0.0952782462057 0.00590219224283 0.0261382799325 0.0252951096121 0.0126475548061 0.0994940978078 0.0370994940978 0.0160202360877 0.0691399662732 0.0185497470489 0.0843170320405 0.133220910624 0.0935919055649 0.031197301855 0.0134907251265 0.00421585160202 0.0134907251265 0.0817875210793
112 0.039629005059 0.0134907251265 0.0472175379427 0.0961214165261 0.00927487352445 0.0809443507589 0.0278246205734 0.0185497470489 0.105396290051 0.0531197301855 0.0118043844857 0.0522765598651 0.0210792580101 0.0699831365936 0.0902192242833 0.0876897133221 0.0387858347386 0.0177065767285 0.00505902192243 0.0168634064081 0.0969645868465
113 0.0295109612142 0.0202360876897 0.0168634064081 0.0219224283305 0.144182124789 0.0430016863406 0.0581787521079 0.0725126475548 0.0413153456998 0.115514333895 0.0227655986509 0.0413153456998 0.0134907251265 0.0143338954469 0.0758853288364 0.0244519392917 0.0236087689713 0.0505902192243 0.0252951096121 0.0261382799325 0.118887015177
114 0.0337268128162 0.0151770657673 0.0741989881956 0.0969645868465 0.0151770657673 0.0489038785835 0.0345699831366 0.0193929173693 0.0944350758853 0.0379426644182 0.00421585160202 0.0801011804384 0.0472175379427 0.0463743676223 0.0716694772344 0.0994940978078 0.0573355817875 0.0278246205734 0.00252951096121 0.0151770657673 0.0775716694772
115 0.0219224283305 0.0497470489039 0.00505902192243 0.00421585160202 0.0615514333895 0.00337268128162 0.0109612141653 0.192242833052 0.0126475548061 0.123102866779 0.0101180438449 0.00337268128162 0.0126475548061 0.00252951096121 0.0109612141653 0.0202360876897 0.0489038785835 0.29258010118 0.0193929173693 0.0219224283305 0.0725126475548
116 0.0303541315346 0.0109612141653 0.035413153457 0.105396290051 0.0278246205734 0.0143338954469 0.0455311973019 0.0404721753794 0.0851602023609 0.0387858347386 0.00927487352445 0.0328836424958 0.00252951096121 0.0497470489039 0.100337268128 0.113827993255 0.106239460371 0.0480607082631 0.00674536256324 0.0252951096121 0.070826306914
117 0.0168634064081 0.00674536256324 0.00505902192243 0.00505902192243 0.24957841484 0.00843170320405 0.00168634064081 0.164418212479 0.00337268128162 0.204890387858 0.0185497470489 0.00168634064081 0.00590219224283 0.00168634064081 0.00421585160202 0.00927487352445 0.0118043844857 0.137436762226 0.0413153456998 0.0236087689713 0.0784148397976
