POS A C D E F G H I K L M N P Q R S T V W Y -
1 0.0084388185654 0.00168776371308 0.00337552742616 0.00337552742616 0.00337552742616 0.0042194092827 0.0 0.0210970464135 0.0413502109705 0.0447257383966 0.010970464135 0.00590717299578 0.0354430379747 0.0135021097046 0.0565400843882 0.0084388185654 0.0126582278481 0.0565400843882 0.00253164556962 0.00084388185654 0.664978902954
2 0.0261603375527 0.00084388185654 0.0405063291139 0.0565400843882 0.00337552742616 0.0227848101266 0.0168776371308 0.0118143459916 0.0590717299578 0.0303797468354 0.0042194092827 0.0396624472574 0.176371308017 0.0236286919831 0.0447257383966 0.0345991561181 0.0303797468354 0.0177215189873 0.0 0.00337552742616 0.356962025316
3 0.0464135021097 0.00759493670886 0.130801687764 0.0962025316456 0.00675105485232 0.0320675105485 0.0177215189873 0.010970464135 0.0497890295359 0.0185654008439 0.00675105485232 0.0506329113924 0.0877637130802 0.0160337552743 0.0210970464135 0.115611814346 0.0227848101266 0.0210970464135 0.00253164556962 0.0194092827004 0.2194092827
4 0.0464556962025 0.0101687763713 0.0295780590717 0.0371729957806 0.0397046413502 0.0186075949367 0.0101687763713 0.117341772152 0.0540506329114 0.0498312236287 0.0127004219409 0.0186075949367 0.076835443038 0.0194514767932 0.0970886075949 0.0295780590717 0.025358649789 0.124092827004 0.00341772151899 0.0177637130802 0.162025316456
5 0.00594936708861 0.832109704641 0.00510548523207 0.00510548523207 0.00426160337553 0.00341772151899 0.00172995780591 0.00172995780591 0.00426160337553 0.00763713080169 0.00341772151899 0.00510548523207 0.00257383966245 0.00172995780591 0.00594936708861 0.00763713080169 0.00172995780591 0.00426160337553 0.000886075949367 0.00257383966245 0.0928270042194
6 0.0413502109705 0.00337552742616 0.0286919831224 0.0472573839662 0.0742616033755 0.0286919831224 0.0261603375527 0.0185654008439 0.0691983122363 0.140084388186 0.0210970464135 0.0540084388186 0.0126582278481 0.0413502109705 0.0666666666667 0.107172995781 0.0599156118143 0.0194092827004 0.00759493670886 0.0405063291139 0.0919831223629
7 0.0514767932489 0.0194092827004 0.0337552742616 0.0860759493671 0.02194092827 0.0253164556962 0.0210970464135 0.0210970464135 0.062447257384 0.254008438819 0.0514767932489 0.010970464135 0.0227848101266 0.11223628692 0.0345991561181 0.0244725738397 0.0160337552743 0.0303797468354 0.00506329113924 0.0143459915612 0.0810126582278
8 0.0405063291139 0.00253164556962 0.0489451476793 0.0742616033755 0.0084388185654 0.0244725738397 0.00759493670886 0.010970464135 0.0632911392405 0.0177215189873 0.0084388185654 0.0270042194093 0.385654008439 0.0286919831224 0.0514767932489 0.0573839662447 0.0362869198312 0.0194092827004 0.00084388185654 0.0160337552743 0.0700421940928
9 0.0540084388186 0.00253164556962 0.0160337552743 0.0244725738397 0.0261603375527 0.00928270042194 0.0244725738397 0.0523206751055 0.073417721519 0.0936708860759 0.031223628692 0.0135021097046 0.283544303797 0.0185654008439 0.0658227848101 0.0295358649789 0.0253164556962 0.0514767932489 0.00337552742616 0.0295358649789 0.0717299578059
10 0.0565400843882 0.0042194092827 0.217721518987 0.110548523207 0.0118143459916 0.0253164556962 0.0168776371308 0.0151898734177 0.0616033755274 0.0185654008439 0.00675105485232 0.0573839662447 0.073417721519 0.031223628692 0.0413502109705 0.0616033755274 0.0379746835443 0.0523206751055 0.00253164556962 0.0194092827004 0.0776371308017
11 0.0464135021097 0.0042194092827 0.0345991561181 0.0793248945148 0.0236286919831 0.0405063291139 0.0185654008439 0.0582278481013 0.0691983122363 0.0472573839662 0.0118143459916 0.0405063291139 0.095358649789 0.0514767932489 0.0784810126582 0.0632911392405 0.0759493670886 0.0632911392405 0.0101265822785 0.0261603375527 0.0616033755274
12 0.0236286919831 0.00337552742616 0.0244725738397 0.0362869198312 0.00168776371308 0.561181434599 0.0151898734177 0.00928270042194 0.0261603375527 0.010970464135 0.0042194092827 0.0227848101266 0.0261603375527 0.0160337552743 0.0388185654008 0.062447257384 0.031223628692 0.0177215189873 0.00168776371308 0.00337552742616 0.0632911392405
13 0.0286919831224 0.00675105485232 0.0523206751055 0.0405063291139 0.0236286919831 0.0329113924051 0.0286919831224 0.0236286919831 0.0590717299578 0.0396624472574 0.0143459915612 0.0852320675105 0.142616033755 0.0379746835443 0.0700421940928 0.103797468354 0.0717299578059 0.0244725738397 0.00675105485232 0.042194092827 0.0649789029536
14 0.0101265822785 0.616877637131 0.0084388185654 0.0126582278481 0.00928270042194 0.129957805907 0.0042194092827 0.0101265822785 0.0185654008439 0.0126582278481 0.00253164556962 0.010970464135 0.00759493670886 0.00675105485232 0.020253164557 0.0168776371308 0.0143459915612 0.00759493670886 0.00168776371308 0.00506329113924 0.073417721519
15 0.0464135021097 0.0143459915612 0.0523206751055 0.0607594936709 0.0227848101266 0.0869198312236 0.0227848101266 0.0151898734177 0.0886075949367 0.0286919831224 0.010970464135 0.0801687763713 0.0464135021097 0.0286919831224 0.136708860759 0.0784810126582 0.0573839662447 0.0210970464135 0.0118143459916 0.0295358649789 0.0599156118143
16 0.13164556962 0.00759493670886 0.0497890295359 0.0886075949367 0.0101265822785 0.156962025316 0.0118143459916 0.0286919831224 0.0565400843882 0.0270042194093 0.0160337552743 0.0565400843882 0.0514767932489 0.0430379746835 0.0455696202532 0.0632911392405 0.0523206751055 0.0194092827004 0.0042194092827 0.0244725738397 0.0548523206751
17 0.0514767932489 0.0042194092827 0.02194092827 0.0303797468354 0.0607594936709 0.0447257383966 0.0329113924051 0.0320675105485 0.0582278481013 0.0742616033755 0.0194092827004 0.0649789029536 0.0675105485232 0.0320675105485 0.0675105485232 0.0936708860759 0.0565400843882 0.0388185654008 0.0303797468354 0.0717299578059 0.0464135021097
18 0.0320675105485 0.00253164556962 0.0185654008439 0.0691983122363 0.0869198312236 0.031223628692 0.031223628692 0.105485232068 0.0438818565401 0.102109704641 0.0185654008439 0.0227848101266 0.0151898734177 0.0430379746835 0.0616033755274 0.0793248945148 0.0616033755274 0.100421940928 0.00590717299578 0.0345991561181 0.0337552742616
19 0.0168776371308 0.00337552742616 0.0227848101266 0.0742616033755 0.0278481012658 0.0143459915612 0.0160337552743 0.0649789029536 0.0801687763713 0.0818565400844 0.00675105485232 0.0396624472574 0.135864978903 0.0556962025316 0.0658227848101 0.0548523206751 0.124894514768 0.0523206751055 0.00675105485232 0.0244725738397 0.0303797468354
20 0.0337552742616 0.00168776371308 0.00590717299578 0.0118143459916 0.0143459915612 0.0616033755274 0.0244725738397 0.00590717299578 0.0928270042194 0.0329113924051 0.0666666666667 0.0168776371308 0.00337552742616 0.0303797468354 0.435443037975 0.0430379746835 0.0194092827004 0.0388185654008 0.00928270042194 0.0253164556962 0.0261603375527
21 0.00675105485232 0.0 0.00168776371308 0.00168776371308 0.17552742616 0.00337552742616 0.0143459915612 0.0126582278481 0.00084388185654 0.00506329113924 0.00253164556962 0.0042194092827 0.00168776371308 0.00168776371308 0.00337552742616 0.00506329113924 0.00675105485232 0.0143459915612 0.391561181435 0.326582278481 0.020253164557
22 0.0573839662447 0.0 0.0042194092827 0.00253164556962 0.167088607595 0.0464135021097 0.0472573839662 0.0126582278481 0.00506329113924 0.0118143459916 0.0042194092827 0.00506329113924 0.00084388185654 0.00084388185654 0.0337552742616 0.0472573839662 0.0717299578059 0.0210970464135 0.0261603375527 0.416033755274 0.0185654008439
23 0.00253164556962 0.00253164556962 0.00084388185654 0.00168776371308 0.356962025316 0.00168776371308 0.00675105485232 0.00506329113924 0.00168776371308 0.0210970464135 0.00590717299578 0.0042194092827 0.00168776371308 0.00168776371308 0.00168776371308 0.00337552742616 0.00675105485232 0.00675105485232 0.020253164557 0.535864978903 0.010970464135
24 0.00932489451477 0.00172995780591 0.422827004219 0.0194514767932 0.00594936708861 0.00510548523207 0.0186075949367 0.0152320675105 0.0169198312236 0.00594936708861 0.00341772151899 0.323248945148 0.00341772151899 0.00932489451477 0.0118565400844 0.065864978903 0.0135443037975 0.0160759493671 0.00172995780591 0.0186075949367 0.0118143459916
25 0.0861181434599 0.00426160337553 0.0135443037975 0.0312658227848 0.0321097046414 0.0312658227848 0.0329535864979 0.0363291139241 0.0962447257384 0.0304219409283 0.0152320675105 0.0515189873418 0.145189873418 0.0515189873418 0.0633333333333 0.135063291139 0.0548945147679 0.0388607594937 0.0118565400844 0.0262025316456 0.0118143459916
26 0.0574261603376 0.00257383966245 0.0548945147679 0.124092827004 0.0127004219409 0.0329535864979 0.0135443037975 0.0262025316456 0.116497890295 0.0270464135021 0.014388185654 0.0726160337553 0.0160759493671 0.0447679324895 0.0743037974684 0.111434599156 0.121561181435 0.0371729957806 0.00257383966245 0.0219831223629 0.0151898734177
27 0.0489873417722 0.00257383966245 0.0447679324895 0.0582700421941 0.014388185654 0.00932489451477 0.0177637130802 0.0278902953586 0.0894936708861 0.0616455696203 0.0118565400844 0.0413924050633 0.00257383966245 0.0354852320675 0.0532067510549 0.162067510549 0.248987341772 0.0304219409283 0.00341772151899 0.0186075949367 0.0168776371308
28 0.0135443037975 0.00172995780591 0.0818987341772 0.045611814346 0.00426160337553 0.232109704641 0.0219831223629 0.00257383966245 0.145189873418 0.0211392405063 0.0262025316456 0.152784810127 0.00172995780591 0.0776793248945 0.0903375527426 0.0380168776371 0.0160759493671 0.00510548523207 0.000886075949367 0.00763713080169 0.0135021097046
29 0.0497890295359 0.0042194092827 0.0455696202532 0.0860759493671 0.0135021097046 0.0143459915612 0.0151898734177 0.0362869198312 0.172151898734 0.0379746835443 0.0185654008439 0.0354430379747 0.00084388185654 0.0827004219409 0.138396624473 0.0708860759494 0.111392405063 0.0405063291139 0.00084388185654 0.00928270042194 0.0160337552743
30 0.00168776371308 0.944303797468 0.00168776371308 0.00168776371308 0.00168776371308 0.00253164556962 0.00084388185654 0.00253164556962 0.00168776371308 0.00168776371308 0.00168776371308 0.00168776371308 0.00084388185654 0.0 0.00337552742616 0.0042194092827 0.00337552742616 0.010970464135 0.0 0.0 0.0135021097046
31 0.0236286919831 0.00253164556962 0.0177215189873 0.183122362869 0.0371308016878 0.0135021097046 0.0286919831224 0.0489451476793 0.130801687764 0.0886075949367 0.0244725738397 0.0084388185654 0.00168776371308 0.0683544303797 0.0827004219409 0.042194092827 0.0362869198312 0.125738396624 0.0 0.0194092827004 0.0160337552743
32 0.0489451476793 0.00759493670886 0.0143459915612 0.108016877637 0.0126582278481 0.0185654008439 0.0118143459916 0.020253164557 0.0987341772152 0.0599156118143 0.0337552742616 0.0168776371308 0.157805907173 0.0860759493671 0.100421940928 0.0911392405063 0.0540084388186 0.0168776371308 0.00928270042194 0.010970464135 0.02194092827
33 0.0185654008439 0.00253164556962 0.010970464135 0.0101265822785 0.576371308017 0.00506329113924 0.0101265822785 0.0481012658228 0.0101265822785 0.0514767932489 0.0160337552743 0.00590717299578 0.00168776371308 0.00337552742616 0.0126582278481 0.0160337552743 0.0160337552743 0.0329113924051 0.00337552742616 0.0911392405063 0.0573839662447
34 0.0236286919831 0.00253164556962 0.031223628692 0.0329113924051 0.0464135021097 0.0101265822785 0.0253164556962 0.0877637130802 0.0658227848101 0.0835443037975 0.0320675105485 0.0329113924051 0.0244725738397 0.0362869198312 0.0666666666667 0.064135021097 0.106329113924 0.0759493670886 0.0447257383966 0.0464135021097 0.0607594936709
35 0.02194092827 0.00590717299578 0.0143459915612 0.0118143459916 0.111392405063 0.0185654008439 0.0270042194093 0.0126582278481 0.0135021097046 0.0236286919831 0.0042194092827 0.0151898734177 0.0194092827004 0.00506329113924 0.020253164557 0.042194092827 0.0354430379747 0.0236286919831 0.0607594936709 0.447257383966 0.0658227848101
36 0.0202953586498 0.0312658227848 0.034641350211 0.0278902953586 0.0169198312236 0.28864978903 0.0135443037975 0.00763713080169 0.0557383966245 0.045611814346 0.00510548523207 0.0430801687764 0.0186075949367 0.0219831223629 0.0548945147679 0.13253164557 0.0743037974684 0.0160759493671 0.00763713080169 0.0186075949367 0.0649789029536
37 0.0262025316456 0.00426160337553 0.0312658227848 0.0304219409283 0.00594936708861 0.629578059072 0.00932489451477 0.00594936708861 0.0321097046414 0.0211392405063 0.00594936708861 0.0287341772152 0.0127004219409 0.0169198312236 0.0337974683544 0.0447679324895 0.0186075949367 0.014388185654 0.000886075949367 0.00932489451477 0.0177215189873
38 0.02194092827 0.674261603376 0.0143459915612 0.0118143459916 0.0126582278481 0.020253164557 0.0084388185654 0.0151898734177 0.0194092827004 0.0210970464135 0.00506329113924 0.0135021097046 0.0101265822785 0.0126582278481 0.0160337552743 0.0303797468354 0.0143459915612 0.0270042194093 0.00337552742616 0.0143459915612 0.0337552742616
39 0.0481012658228 0.00675105485232 0.0683544303797 0.0573839662447 0.0177215189873 0.322362869198 0.0227848101266 0.0084388185654 0.0464135021097 0.0303797468354 0.0118143459916 0.0464135021097 0.0413502109705 0.0413502109705 0.053164556962 0.0582278481013 0.0371308016878 0.0143459915612 0.0253164556962 0.0126582278481 0.0295358649789
40 0.0363291139241 4.2194092827e-05 0.0439240506329 0.0354852320675 0.00594936708861 0.503839662447 0.0127004219409 0.00341772151899 0.0624894514768 0.0186075949367 0.00341772151899 0.0228270042194 0.0540506329114 0.0127004219409 0.034641350211 0.0498312236287 0.0363291139241 0.0270464135021 0.000886075949367 0.0101687763713 0.0253164556962
41 0.0194092827004 0.00168776371308 0.0329113924051 0.0194092827004 0.00590717299578 0.0835443037975 0.0143459915612 0.00928270042194 0.0455696202532 0.00590717299578 0.00168776371308 0.482700421941 0.0143459915612 0.0168776371308 0.0194092827004 0.0877637130802 0.0767932489451 0.0118143459916 0.00168776371308 0.0101265822785 0.0388185654008
42 0.098776371308 0.0287341772152 0.0785232067511 0.115654008439 0.0110126582278 0.145189873418 0.0110126582278 0.0127004219409 0.0802109704641 0.0388607594937 0.0101687763713 0.0380168776371 0.0388607594937 0.0422362869198 0.0810548523207 0.0591139240506 0.0295780590717 0.0278902953586 0.00679324894515 0.0169198312236 0.0286919831224
43 0.00510548523207 0.00172995780591 0.00341772151899 0.00679324894515 0.000886075949367 0.0160759493671 0.00679324894515 0.00594936708861 0.0194514767932 0.00763713080169 4.2194092827e-05 0.824514767932 0.0101687763713 0.00679324894515 0.0101687763713 0.00932489451477 0.0152320675105 0.00426160337553 0.000886075949367 0.00763713080169 0.0371308016878
44 0.0194092827004 0.0084388185654 0.0151898734177 0.0151898734177 0.0270042194093 0.0329113924051 0.0345991561181 0.0455696202532 0.0464135021097 0.0481012658228 0.0118143459916 0.291139240506 0.0118143459916 0.0185654008439 0.208438818565 0.0632911392405 0.02194092827 0.031223628692 0.00253164556962 0.0168776371308 0.0295358649789
45 0.00172995780591 0.00172995780591 0.00257383966245 0.00172995780591 0.857426160338 0.000886075949367 0.00426160337553 0.00763713080169 0.00257383966245 0.0135443037975 0.000886075949367 0.000886075949367 0.00257383966245 4.2194092827e-05 0.00341772151899 0.00426160337553 0.00510548523207 0.00341772151899 0.00341772151899 0.0557383966245 0.0261603375527
46 0.0759493670886 0.0126582278481 0.0810126582278 0.129113924051 0.020253164557 0.0303797468354 0.0227848101266 0.0210970464135 0.0827004219409 0.0767932489451 0.0135021097046 0.0514767932489 0.101265822785 0.0337552742616 0.0599156118143 0.0556962025316 0.0320675105485 0.0295358649789 0.010970464135 0.0337552742616 0.0253164556962
47 0.00426160337553 0.00510548523207 0.0743037974684 0.0177637130802 0.0101687763713 0.00594936708861 0.0110126582278 0.00172995780591 0.0304219409283 0.00679324894515 0.000886075949367 0.0818987341772 0.00341772151899 0.00341772151899 0.0228270042194 0.297932489451 0.378945147679 0.00426160337553 0.00426160337553 0.00763713080169 0.0270042194093
48 0.0244725738397 0.0497890295359 0.00675105485232 0.152742616034 0.0329113924051 0.0042194092827 0.0118143459916 0.0405063291139 0.167088607595 0.129113924051 0.0396624472574 0.010970464135 0.0168776371308 0.0548523206751 0.121518987342 0.0270042194093 0.00337552742616 0.0236286919831 0.00759493670886 0.0497890295359 0.0253164556962
49 0.0759493670886 0.00084388185654 0.0886075949367 0.237974683544 0.0143459915612 0.0362869198312 0.0168776371308 0.0177215189873 0.106329113924 0.0354430379747 0.0126582278481 0.0329113924051 0.00928270042194 0.0894514767932 0.0489451476793 0.0548523206751 0.0523206751055 0.0227848101266 0.00590717299578 0.0160337552743 0.0244725738397
50 0.0886075949367 0.00759493670886 0.182278481013 0.294514767932 0.0101265822785 0.0143459915612 0.0168776371308 0.0118143459916 0.0573839662447 0.0337552742616 0.010970464135 0.0160337552743 0.00253164556962 0.0793248945148 0.0194092827004 0.0632911392405 0.0396624472574 0.0126582278481 0.00084388185654 0.00928270042194 0.0286919831224
51 0.00759493670886 0.904641350211 0.0 0.00506329113924 0.00253164556962 0.00084388185654 0.00084388185654 0.00253164556962 0.0042194092827 0.0042194092827 0.00168776371308 0.00253164556962 0.00253164556962 0.00168776371308 0.00337552742616 0.00590717299578 0.00506329113924 0.00759493670886 0.00084388185654 0.00253164556962 0.0337552742616
52 0.0194092827004 0.00168776371308 0.0210970464135 0.188185654008 0.0135021097046 0.00084388185654 0.0151898734177 0.0548523206751 0.0725738396624 0.0945147679325 0.0894514767932 0.0590717299578 0.00506329113924 0.0995780590717 0.0919831223629 0.0270042194093 0.0295358649789 0.0379746835443 0.0135021097046 0.0236286919831 0.0413502109705
53 0.0759493670886 0.0042194092827 0.0590717299578 0.107172995781 0.0118143459916 0.0185654008439 0.0185654008439 0.0194092827004 0.161181434599 0.0329113924051 0.020253164557 0.0675105485232 0.0042194092827 0.0793248945148 0.122362869198 0.0759493670886 0.0413502109705 0.0168776371308 0.00590717299578 0.0143459915612 0.0430379746835
54 0.114810126582 0.00426160337553 0.0110126582278 0.0667088607595 0.0422362869198 0.00679324894515 0.0329535864979 0.045611814346 0.111434599156 0.0447679324895 0.0160759493671 0.0371729957806 0.000886075949367 0.0354852320675 0.0818987341772 0.0422362869198 0.152784810127 0.0557383966245 0.00426160337553 0.0447679324895 0.0481012658228
55 0.00679324894515 0.88358649789 0.000886075949367 0.00172995780591 0.00172995780591 0.00257383966245 0.00172995780591 4.2194092827e-05 0.00426160337553 0.00594936708861 0.00341772151899 0.00426160337553 0.00172995780591 0.00172995780591 0.00426160337553 0.00763713080169 0.00510548523207 0.00763713080169 0.000886075949367 0.000886075949367 0.053164556962
56 0.0608016877637 0.00679324894515 0.00679324894515 0.0548945147679 0.00763713080169 0.087805907173 0.0127004219409 0.0464556962025 0.103839662447 0.0810548523207 0.045611814346 0.0354852320675 0.0278902953586 0.0321097046414 0.0793670886076 0.0700843881857 0.0337974683544 0.0641772151899 0.00341772151899 0.0101687763713 0.129113924051
57 0.0514767932489 0.00168776371308 0.0396624472574 0.0345991561181 0.00168776371308 0.0869198312236 0.0101265822785 0.0118143459916 0.0556962025316 0.0101265822785 0.00084388185654 0.0405063291139 0.108860759494 0.020253164557 0.0675105485232 0.073417721519 0.02194092827 0.0253164556962 0.00084388185654 0.00928270042194 0.327426160338
58 0.031223628692 0.0 0.0118143459916 0.00337552742616 0.00337552742616 0.00337552742616 0.00168776371308 0.00084388185654 0.00759493670886 0.00253164556962 0.00084388185654 0.0 0.00506329113924 0.00084388185654 0.00759493670886 0.0236286919831 0.0042194092827 0.0042194092827 0.00506329113924 0.0126582278481 0.870042194093
