POS A C D E F G H I K L M N P Q R S T V W Y -
1 0.00593471810089 0.000989119683482 0.00494559841741 0.00890207715134 0.00296735905045 0.00197823936696 0.000989119683482 0.0138476755687 0.0573689416419 0.0197823936696 0.00593471810089 0.00890207715134 0.0356083086053 0.0158259149357 0.0692383778437 0.00593471810089 0.0168150346192 0.024727992087 0.00890207715134 0.00197823936696 0.688427299703
2 0.0296735905045 0.000989119683482 0.0296735905045 0.0662710187933 0.00494559841741 0.0197823936696 0.0138476755687 0.00989119683482 0.0445103857567 0.028684470821 0.00593471810089 0.0356083086053 0.181998021761 0.0257171117705 0.0375865479723 0.026706231454 0.024727992087 0.0178041543027 0.0 0.00296735905045 0.392680514342
3 0.0484668644906 0.00494559841741 0.118694362018 0.0969337289812 0.0118694362018 0.0306627101879 0.0158259149357 0.00989119683482 0.0573689416419 0.0217606330366 0.00890207715134 0.0484668644906 0.0712166172107 0.0237388724036 0.024727992087 0.121661721068 0.0276953511375 0.0128585558853 0.00296735905045 0.0207715133531 0.220573689416
4 0.0475272007913 0.00994065281899 0.0326904055391 0.03862512364 0.0356577645895 0.0148862512364 0.0109297725025 0.109841740851 0.063353115727 0.0504945598417 0.0148862512364 0.0218100890208 0.065331355094 0.0257665677547 0.107863501484 0.0277448071217 0.0168644906034 0.132591493571 0.00202769535114 0.0208209693373 0.150346191889
5 0.00796241345203 0.81706231454 0.0040059347181 0.00499505440158 0.00598417408506 0.00301681503462 0.00202769535114 0.00202769535114 0.0040059347181 0.00598417408506 0.00202769535114 0.00499505440158 0.00598417408506 0.00202769535114 0.00499505440158 0.00895153313551 0.00301681503462 0.00499505440158 0.00103857566766 0.00301681503462 0.101879327399
6 0.0425321463897 0.00692383778437 0.0375865479723 0.0445103857567 0.0731948565776 0.0306627101879 0.0207715133531 0.026706231454 0.0603363006924 0.150346191889 0.0187932739862 0.0474777448071 0.0118694362018 0.0375865479723 0.0652818991098 0.0979228486647 0.0563798219585 0.0187932739862 0.00593471810089 0.0425321463897 0.103857566766
7 0.0563798219585 0.0207715133531 0.0316518298714 0.0959446092977 0.024727992087 0.0296735905045 0.0187932739862 0.0187932739862 0.0751730959446 0.226508407517 0.0425321463897 0.0118694362018 0.0257171117705 0.108803165183 0.0326409495549 0.024727992087 0.0158259149357 0.024727992087 0.00494559841741 0.0187932739862 0.0909990108803
8 0.0435212660732 0.000989119683482 0.051434223541 0.0652818991098 0.0128585558853 0.0207715133531 0.00593471810089 0.0118694362018 0.0623145400593 0.0138476755687 0.00989119683482 0.0276953511375 0.396636993076 0.0276953511375 0.0504451038576 0.0504451038576 0.0336300692384 0.0118694362018 0.0 0.0227497527201 0.080118694362
9 0.0464886251236 0.00395647873393 0.0138476755687 0.026706231454 0.0276953511375 0.0158259149357 0.028684470821 0.051434223541 0.0731948565776 0.0870425321464 0.024727992087 0.0178041543027 0.278931750742 0.0178041543027 0.0652818991098 0.0316518298714 0.0257171117705 0.0504451038576 0.00395647873393 0.0306627101879 0.0781404549951
10 0.0583580613254 0.00692383778437 0.191889218595 0.0979228486647 0.0148367952522 0.028684470821 0.0217606330366 0.0158259149357 0.0662710187933 0.0306627101879 0.00989119683482 0.0603363006924 0.080118694362 0.0336300692384 0.0425321463897 0.053412462908 0.0316518298714 0.0474777448071 0.00197823936696 0.0237388724036 0.082096933729
11 0.0454995054402 0.00494559841741 0.0385756676558 0.0791295746785 0.024727992087 0.028684470821 0.0197823936696 0.053412462908 0.0712166172107 0.0504451038576 0.00791295746785 0.0445103857567 0.0929772502473 0.0494559841741 0.0830860534125 0.0623145400593 0.0781404549951 0.0633036597428 0.00989119683482 0.0276953511375 0.0642927794263
12 0.026706231454 0.00296735905045 0.028684470821 0.0365974282888 0.00197823936696 0.535113748764 0.0148367952522 0.0138476755687 0.0296735905045 0.0158259149357 0.00593471810089 0.0227497527201 0.0316518298714 0.0187932739862 0.028684470821 0.0652818991098 0.0316518298714 0.0158259149357 0.00197823936696 0.00593471810089 0.0652818991098
13 0.0237388724036 0.00593471810089 0.0603363006924 0.0474777448071 0.0296735905045 0.0365974282888 0.0276953511375 0.0296735905045 0.0623145400593 0.0395647873393 0.0158259149357 0.0781404549951 0.124629080119 0.0326409495549 0.0722057368942 0.100890207715 0.0722057368942 0.0276953511375 0.00791295746785 0.0504451038576 0.0544015825915
14 0.0108803165183 0.588526211672 0.0128585558853 0.0178041543027 0.00989119683482 0.134520276954 0.00593471810089 0.0108803165183 0.0207715133531 0.0118694362018 0.00197823936696 0.0108803165183 0.00989119683482 0.00791295746785 0.024727992087 0.0217606330366 0.0207715133531 0.00692383778437 0.00494559841741 0.00791295746785 0.0583580613254
15 0.0385756676558 0.0197823936696 0.0544015825915 0.0563798219585 0.0168150346192 0.0890207715134 0.0237388724036 0.0168150346192 0.0850642927794 0.0385756676558 0.00989119683482 0.0811078140455 0.053412462908 0.0296735905045 0.13649851632 0.0731948565776 0.0544015825915 0.0227497527201 0.0138476755687 0.0326409495549 0.053412462908
16 0.13353115727 0.00494559841741 0.0445103857567 0.080118694362 0.0168150346192 0.151335311573 0.0138476755687 0.0296735905045 0.0613254203759 0.0296735905045 0.0178041543027 0.0583580613254 0.055390702275 0.0415430267062 0.0464886251236 0.0672601384768 0.0563798219585 0.0187932739862 0.00296735905045 0.0217606330366 0.0474777448071
17 0.0494559841741 0.00395647873393 0.0306627101879 0.0257171117705 0.051434223541 0.0454995054402 0.0365974282888 0.0306627101879 0.0593471810089 0.0702274975272 0.0227497527201 0.0633036597428 0.0722057368942 0.0365974282888 0.0613254203759 0.0939663699308 0.053412462908 0.0375865479723 0.0365974282888 0.0741839762611 0.0445103857567
18 0.0415430267062 0.00296735905045 0.0197823936696 0.0642927794263 0.080118694362 0.0356083086053 0.0296735905045 0.103857566766 0.0474777448071 0.0969337289812 0.0138476755687 0.0227497527201 0.0158259149357 0.0454995054402 0.0613254203759 0.0830860534125 0.0623145400593 0.101879327399 0.00494559841741 0.0276953511375 0.0385756676558
19 0.026706231454 0.00395647873393 0.0237388724036 0.0741839762611 0.028684470821 0.0148367952522 0.0148367952522 0.0603363006924 0.0939663699308 0.0712166172107 0.00989119683482 0.0435212660732 0.119683481701 0.0474777448071 0.0731948565776 0.0623145400593 0.118694362018 0.0504451038576 0.00989119683482 0.024727992087 0.0276953511375
20 0.0365974282888 0.000989119683482 0.00890207715134 0.0138476755687 0.0187932739862 0.0672601384768 0.0237388724036 0.0108803165183 0.103857566766 0.0375865479723 0.0613254203759 0.0148367952522 0.00692383778437 0.0237388724036 0.407517309594 0.0425321463897 0.0187932739862 0.0395647873393 0.0108803165183 0.0276953511375 0.0237388724036
21 0.00791295746785 0.0 0.00197823936696 0.00197823936696 0.165182987141 0.00296735905045 0.0118694362018 0.0128585558853 0.0 0.00593471810089 0.00296735905045 0.00494559841741 0.00197823936696 0.00197823936696 0.00296735905045 0.00494559841741 0.00791295746785 0.0217606330366 0.388724035608 0.331355093966 0.0197823936696
22 0.0583580613254 0.0 0.00494559841741 0.00395647873393 0.170128585559 0.0445103857567 0.0415430267062 0.0128585558853 0.00692383778437 0.0108803165183 0.00296735905045 0.00494559841741 0.00197823936696 0.00296735905045 0.026706231454 0.0504451038576 0.0712166172107 0.0217606330366 0.0227497527201 0.421364985163 0.0187932739862
23 0.00296735905045 0.00395647873393 0.000989119683482 0.00197823936696 0.35806132542 0.000989119683482 0.00791295746785 0.00692383778437 0.00197823936696 0.0207715133531 0.00593471810089 0.00395647873393 0.00197823936696 0.000989119683482 0.00197823936696 0.00395647873393 0.00593471810089 0.00692383778437 0.0217606330366 0.529179030663 0.0108803165183
24 0.011918892186 0.00202769535114 0.427349159248 0.0208209693373 0.00499505440158 0.00202769535114 0.0188427299703 0.0148862512364 0.0178536102868 0.00499505440158 0.0040059347181 0.319535113749 0.00202769535114 0.00895153313551 0.0129080118694 0.065331355094 0.011918892186 0.0138971315529 0.00202769535114 0.0237883283877 0.00989119683482
25 0.0861028684471 0.0040059347181 0.0178536102868 0.036646884273 0.0267556874382 0.0326904055391 0.0307121661721 0.0376360039565 0.111819980218 0.0287339268051 0.0148862512364 0.0603857566766 0.143471810089 0.0415924826904 0.0495054401583 0.12962413452 0.0554401582591 0.0396142433234 0.00895153313551 0.0317012858556 0.0118694362018
26 0.0574183976261 0.0040059347181 0.0584075173096 0.122700296736 0.00895153313551 0.03862512364 0.00697329376855 0.0247774480712 0.113798219585 0.0218100890208 0.0129080118694 0.0851137487636 0.0168644906034 0.0445598417409 0.0732443125618 0.10390702275 0.120722057369 0.03862512364 4.94559841741e-05 0.0277448071217 0.0187932739862
27 0.0524727992087 0.00202769535114 0.0465380811078 0.065331355094 0.0129080118694 0.00895153313551 0.0188427299703 0.0287339268051 0.0959940652819 0.0554401582591 0.0129080118694 0.0356577645895 0.00301681503462 0.0376360039565 0.06137487636 0.14940652819 0.242383778437 0.0277448071217 0.0040059347181 0.0188427299703 0.0197823936696
28 0.0148862512364 0.00301681503462 0.0940158259149 0.0455489614243 0.00301681503462 0.224579624135 0.0267556874382 0.0040059347181 0.141493570722 0.0237883283877 0.0237883283877 0.155341246291 0.00202769535114 0.0781899109792 0.0772007912957 0.0376360039565 0.0158753709199 0.00301681503462 0.00103857566766 0.00796241345203 0.0168150346192
29 0.0405539070227 0.00494559841741 0.0405539070227 0.0761622156281 0.0168150346192 0.0217606330366 0.0128585558853 0.0346191889219 0.171117705242 0.0365974282888 0.024727992087 0.0385756676558 0.000989119683482 0.0919881305638 0.137487636004 0.0722057368942 0.1078140455 0.0395647873393 0.000989119683482 0.0108803165183 0.0187932739862
30 0.000989119683482 0.933728981207 0.00296735905045 0.00197823936696 0.00197823936696 0.00494559841741 0.000989119683482 0.00296735905045 0.00197823936696 0.00197823936696 0.00197823936696 0.00197823936696 0.000989119683482 0.0 0.00494559841741 0.00494559841741 0.00395647873393 0.0108803165183 0.000989119683482 0.0 0.0148367952522
31 0.0207715133531 0.00296735905045 0.0128585558853 0.187932739862 0.0375865479723 0.0158259149357 0.0217606330366 0.0573689416419 0.120672601385 0.0850642927794 0.0227497527201 0.0108803165183 0.00197823936696 0.0692383778437 0.0840751730959 0.0356083086053 0.0385756676558 0.134520276954 0.0 0.0227497527201 0.0168150346192
32 0.0415430267062 0.00989119683482 0.0148367952522 0.0999010880317 0.0108803165183 0.0187932739862 0.0108803165183 0.0197823936696 0.0909990108803 0.0613254203759 0.0336300692384 0.0168150346192 0.160237388724 0.0880316518299 0.103857566766 0.0890207715134 0.0633036597428 0.0197823936696 0.00989119683482 0.0118694362018 0.024727992087
33 0.0227497527201 0.00296735905045 0.00890207715134 0.0108803165183 0.547972304649 0.00692383778437 0.00989119683482 0.0494559841741 0.0148367952522 0.051434223541 0.0158259149357 0.00395647873393 0.00296735905045 0.00296735905045 0.0138476755687 0.0207715133531 0.0168150346192 0.028684470821 0.00296735905045 0.0989119683482 0.0662710187933
34 0.0217606330366 0.00296735905045 0.026706231454 0.0395647873393 0.055390702275 0.0108803165183 0.0316518298714 0.0919881305638 0.0722057368942 0.0712166172107 0.0356083086053 0.0316518298714 0.0237388724036 0.0365974282888 0.0633036597428 0.0603363006924 0.0979228486647 0.0652818991098 0.0445103857567 0.0484668644906 0.0682492581602
35 0.0227497527201 0.00791295746785 0.0148367952522 0.0128585558853 0.11078140455 0.0217606330366 0.0306627101879 0.0118694362018 0.0128585558853 0.0296735905045 0.00593471810089 0.0158259149357 0.0217606330366 0.00692383778437 0.0187932739862 0.0415430267062 0.0395647873393 0.0197823936696 0.0642927794263 0.416419386746 0.0731948565776
36 0.0208209693373 0.036646884273 0.0307121661721 0.0247774480712 0.0188427299703 0.271068249258 0.0138971315529 0.00796241345203 0.0504945598417 0.0524727992087 0.00499505440158 0.0524727992087 0.0237883283877 0.0237883283877 0.0475272007913 0.124678536103 0.0762116716123 0.0158753709199 0.00796241345203 0.0267556874382 0.0682492581602
37 0.026706231454 0.00395647873393 0.0346191889219 0.0346191889219 0.00692383778437 0.601384767557 0.0108803165183 0.00791295746785 0.0326409495549 0.024727992087 0.00593471810089 0.0276953511375 0.0128585558853 0.0197823936696 0.0336300692384 0.0425321463897 0.0217606330366 0.0148367952522 0.000989119683482 0.0118694362018 0.0237388724036
38 0.0197823936696 0.652818991098 0.0118694362018 0.0128585558853 0.0108803165183 0.0187932739862 0.00989119683482 0.0178041543027 0.024727992087 0.024727992087 0.00890207715134 0.0148367952522 0.0128585558853 0.0148367952522 0.0148367952522 0.0316518298714 0.0207715133531 0.0257171117705 0.00197823936696 0.0197823936696 0.0296735905045
39 0.0494559841741 0.00494559841741 0.0751730959446 0.0573689416419 0.0178041543027 0.307616221563 0.0257171117705 0.00791295746785 0.0504451038576 0.0316518298714 0.0138476755687 0.0464886251236 0.0454995054402 0.0375865479723 0.0445103857567 0.0692383778437 0.0385756676558 0.0178041543027 0.026706231454 0.00890207715134 0.0227497527201
40 0.0365974282888 0.0 0.0474777448071 0.0425321463897 0.00791295746785 0.477744807122 0.0128585558853 0.00395647873393 0.0642927794263 0.0217606330366 0.00296735905045 0.0227497527201 0.0563798219585 0.0118694362018 0.0375865479723 0.0484668644906 0.0375865479723 0.0306627101879 0.000989119683482 0.0108803165183 0.024727992087
41 0.0178041543027 0.00197823936696 0.0405539070227 0.0178041543027 0.00692383778437 0.0900098911968 0.0158259149357 0.0128585558853 0.0445103857567 0.00692383778437 0.00395647873393 0.454005934718 0.0148367952522 0.0187932739862 0.024727992087 0.0949554896142 0.0692383778437 0.0148367952522 0.000989119683482 0.0128585558853 0.0356083086053
42 0.0930267062315 0.0297230464886 0.0791790306627 0.1068743818 0.0109297725025 0.138526211672 0.0109297725025 0.0188427299703 0.0831355093966 0.0317012858556 0.00895153313551 0.0356577645895 0.0406033630069 0.0475272007913 0.0762116716123 0.0722551928783 0.0326904055391 0.0257665677547 0.00598417408506 0.0168644906034 0.0346191889219
43 0.00306627101879 0.00207715133531 0.00207715133531 0.0080118694362 0.00108803165183 0.0169139465875 0.00900098911968 0.00603363006924 0.019881305638 0.00603363006924 9.89119683482e-05 0.820079129575 0.0109792284866 0.00702274975272 0.0139465875371 0.0080118694362 0.0129574678536 0.00504451038576 0.00108803165183 0.00999010880317 0.0365974282888
44 0.0207715133531 0.00890207715134 0.0168150346192 0.0138476755687 0.0257171117705 0.0395647873393 0.0296735905045 0.051434223541 0.0454995054402 0.055390702275 0.0138476755687 0.272007912957 0.0148367952522 0.0197823936696 0.196834817013 0.0662710187933 0.0237388724036 0.0365974282888 0.00296735905045 0.0138476755687 0.0316518298714
45 0.00197823936696 0.000989119683482 0.00296735905045 0.00197823936696 0.845697329377 0.000989119683482 0.00494559841741 0.00791295746785 0.00197823936696 0.0118694362018 0.000989119683482 0.000989119683482 0.00296735905045 0.0 0.00395647873393 0.00593471810089 0.00593471810089 0.00395647873393 0.00494559841741 0.0633036597428 0.0257171117705
46 0.0722057368942 0.0118694362018 0.0771513353116 0.121661721068 0.0217606330366 0.0326409495549 0.0207715133531 0.0227497527201 0.0900098911968 0.0722057368942 0.00989119683482 0.0544015825915 0.0900098911968 0.0346191889219 0.0593471810089 0.0652818991098 0.0375865479723 0.0306627101879 0.0118694362018 0.0385756676558 0.024727992087
47 0.00494559841741 0.00395647873393 0.0712166172107 0.0207715133531 0.00890207715134 0.00692383778437 0.0118694362018 0.0 0.028684470821 0.00692383778437 0.000989119683482 0.0860534124629 0.00296735905045 0.00494559841741 0.0237388724036 0.298714144411 0.373887240356 0.00494559841741 0.00494559841741 0.00791295746785 0.026706231454
48 0.026706231454 0.0474777448071 0.00692383778437 0.151335311573 0.0326409495549 0.00296735905045 0.00989119683482 0.0405539070227 0.169139465875 0.129574678536 0.0375865479723 0.00791295746785 0.0168150346192 0.0623145400593 0.114737883284 0.0296735905045 0.00395647873393 0.0276953511375 0.00692383778437 0.0484668644906 0.026706231454
49 0.0771513353116 0.000989119683482 0.0870425321464 0.231454005935 0.0118694362018 0.0365974282888 0.0187932739862 0.0227497527201 0.106824925816 0.028684470821 0.0108803165183 0.0375865479723 0.00692383778437 0.0870425321464 0.053412462908 0.0613254203759 0.0454995054402 0.026706231454 0.00593471810089 0.0168150346192 0.0257171117705
50 0.0900098911968 0.00890207715134 0.172106824926 0.303659742829 0.00989119683482 0.0128585558853 0.0207715133531 0.0128585558853 0.0613254203759 0.0336300692384 0.00890207715134 0.0148367952522 0.00395647873393 0.0712166172107 0.0197823936696 0.0583580613254 0.0435212660732 0.0168150346192 0.000989119683482 0.00494559841741 0.0306627101879
51 0.00692383778437 0.900098911968 0.0 0.00494559841741 0.00296735905045 0.000989119683482 0.000989119683482 0.00296735905045 0.00494559841741 0.00494559841741 0.00197823936696 0.00395647873393 0.00296735905045 0.00296735905045 0.00296735905045 0.00593471810089 0.00494559841741 0.00692383778437 0.000989119683482 0.00197823936696 0.0346191889219
52 0.0158259149357 0.00197823936696 0.026706231454 0.188921859545 0.00890207715134 0.000989119683482 0.0178041543027 0.055390702275 0.0811078140455 0.0919881305638 0.0850642927794 0.0682492581602 0.00593471810089 0.100890207715 0.082096933729 0.0276953511375 0.024727992087 0.0375865479723 0.0158259149357 0.0197823936696 0.0425321463897
53 0.0741839762611 0.00494559841741 0.0563798219585 0.104846686449 0.00890207715134 0.0217606330366 0.0148367952522 0.0187932739862 0.17606330366 0.0336300692384 0.0197823936696 0.0662710187933 0.00395647873393 0.0751730959446 0.128585558853 0.0702274975272 0.0445103857567 0.0187932739862 0.00692383778437 0.0118694362018 0.0395647873393
54 0.112809099901 0.00796241345203 0.00697329376855 0.065331355094 0.0425816023739 0.00796241345203 0.0317012858556 0.0534619188922 0.0989614243323 0.0425816023739 0.0247774480712 0.0435707220574 0.00103857566766 0.0317012858556 0.0752225519288 0.0485163204748 0.15237388724 0.0524727992087 0.00202769535114 0.0544510385757 0.0435212660732
55 0.00692383778437 0.879327398615 0.000989119683482 0.00395647873393 0.00197823936696 0.00296735905045 0.00197823936696 0.0 0.00296735905045 0.00692383778437 0.00395647873393 0.00494559841741 0.00197823936696 0.00197823936696 0.00494559841741 0.00593471810089 0.00494559841741 0.00791295746785 0.000989119683482 0.0 0.0544015825915
56 0.055390702275 0.00593471810089 0.00890207715134 0.0573689416419 0.00791295746785 0.0741839762611 0.0108803165183 0.0504451038576 0.11078140455 0.0840751730959 0.0474777448071 0.0326409495549 0.0276953511375 0.0306627101879 0.0880316518299 0.0652818991098 0.0296735905045 0.0613254203759 0.00593471810089 0.00791295746785 0.137487636004
57 0.0415430267062 0.00197823936696 0.0415430267062 0.0207715133531 0.00197823936696 0.0949554896142 0.0118694362018 0.0108803165183 0.0623145400593 0.0148367952522 0.00395647873393 0.0385756676558 0.15331355094 0.0346191889219 0.0662710187933 0.0702274975272 0.0187932739862 0.0227497527201 0.0 0.00494559841741 0.283877349159
58 0.0385756676558 0.0 0.0108803165183 0.00494559841741 0.00593471810089 0.00296735905045 0.0 0.00197823936696 0.0365974282888 0.00197823936696 0.00197823936696 0.00593471810089 0.00593471810089 0.000989119683482 0.0128585558853 0.0207715133531 0.00593471810089 0.00296735905045 0.00791295746785 0.0108803165183 0.819980217606
